   5    6    0    0    0    0.425896
   5    6    0    0    1    0.425882
   5    7    0    0    0    0.428190
   5    7    1    0    0    0.428187
   5    8    0    0    0    0.423787
   5    8    0    1    0    0.423788
   5    6    0    1    0   -0.063288
   5    6    0    1    1   -0.063286
   5    7    0    0    1   -0.063866
   5    7    1    0    1   -0.063869
   5    8    1    0    0   -0.062979
   5    8    1    1    0   -0.062979
   5    6   -1    0    0   -0.081302
   5    6   -1    0    1   -0.081300
   5    7    0   -1    0   -0.083505
   5    7    1   -1    0   -0.083511
   5    8    0    0   -1   -0.082195
   5    8    0    1   -1   -0.082196
   5    5   -1    0    0    0.088288
   5    5    0   -1    0    0.085932
   5    5    0    0   -1    0.087430
   5    5    0    0    1    0.087430
   5    5    0    1    0    0.085932
   5    5    1    0    0    0.088288
   5    6   -1    1    0    0.026930
   5    6   -1    1    1    0.026935
   5    7    0   -1    1    0.026204
   5    7    1   -1    1    0.026198
   5    8    1    0   -1    0.027638
   5    8    1    1   -1    0.027637
   5    6    1    0    0    0.038378
   5    6    1    0    1    0.038382
   5    7    0    1    0    0.038783
   5    7    1    1    0    0.038780
   5    8    0    0    1    0.038602
   5    8    0    1    1    0.038601
   5    6    0   -1    0    0.028384
   5    6    0   -1    1    0.028386
   5    7    0    0   -1    0.028696
   5    7    1    0   -1    0.028692
   5    8   -1    0    0    0.027907
   5    8   -1    1    0    0.027906
   5    5   -1   -1    0   -0.005647
   5    5   -1    0   -1   -0.005590
   5    5   -1    0    1    0.015175
   5    5   -1    1    0    0.014998
   5    5    0   -1   -1   -0.005160
   5    5    0   -1    1    0.014877
   5    5    0    1   -1    0.014877
   5    5    0    1    1   -0.005160
   5    5    1   -1    0    0.014998
   5    5    1    0   -1    0.015175
   5    5    1    0    1   -0.005590
   5    5    1    1    0   -0.005647
   5    6    1    1    0   -0.015798
   5    6    1    1    1   -0.015798
   5    7    0    1    1   -0.015426
   5    7    1    1    1   -0.015423
   5    8    1    0    1   -0.015249
   5    8    1    1    1   -0.015249
   5    6    0    0   -1    0.028996
   5    7   -1    0    0    0.028352
   5    7    2    0    0    0.028355
   5    8    0   -1    0    0.028509
   5    8    0    2    0    0.028509
   5    6    0    0    2    0.028996
   5    6   -1   -1    0   -0.011876
   5    6   -1   -1    1   -0.011880
   5    7    0   -1   -1   -0.011909
   5    7    1   -1   -1   -0.011909
   5    8   -1    0   -1   -0.011677
   5    8   -1    1   -1   -0.011677
   5    6    0    1   -1    0.001374
   5    7   -1    0    1    0.001632
   5    8    1   -1    0    0.001256
   5    6    0    1    2    0.001375
   5    7    2    0    1    0.001631
   5    8    1    2    0    0.001255
   5    6   -1    0   -1   -0.007864
   5    7   -1   -1    0   -0.007767
   5    8    0   -1   -1   -0.007486
   5    6   -1    0    2   -0.007863
   5    7    2   -1    0   -0.007768
   5    8    0    2   -1   -0.007486
   5    5   -1   -1   -1    0.000210
   5    5   -1   -1    1    0.009789
   5    5   -1    1   -1    0.009559
   5    5   -1    1    1    0.009864
   5    5    1   -1   -1    0.009864
   5    5    1   -1    1    0.009559
   5    5    1    1   -1    0.009789
   5    5    1    1    1    0.000210
   5    6    0    2    0    0.007902
   5    6    0    2    1    0.007902
   5    7    0    0    2    0.007819
   5    7    1    0    2    0.007820
   5    8    2    0    0    0.007840
   5    8    2    1    0    0.007840
   5    6   -1    1   -1    0.007446
   5    6   -1    1    2    0.007449
   5    6    1   -1    0    0.001837
   5    6    1   -1    1    0.001838
   5    7   -1   -1    1    0.007829
   5    7    0    1   -1    0.001845
   5    7    1    1   -1    0.001844
   5    7    2   -1    1    0.007826
   5    8   -1    0    1    0.001763
   5    8   -1    1    1    0.001762
   5    8    1   -1   -1    0.007632
   5    8    1    2   -1    0.007632
   5    8    0    0   -2    0.000791
   5    8    0    1   -2    0.000791
   5    6   -2    0    0    0.000734
   5    6   -2    0    1    0.000734
   5    7    0   -2    0    0.001044
   5    7    1   -2    0    0.001043
   5    6    1    0   -1   -0.000196
   5    6    1    0    2   -0.000196
   5    7   -1    1    0   -0.000173
   5    7    0   -1    2   -0.000231
   5    7    1   -1    2   -0.000232
   5    7    2    1    0   -0.000175
   5    8    0   -1    1   -0.000106
   5    8    0    2    1   -0.000106
   5    8    2    0   -1   -0.000220
   5    8    2    1   -1   -0.000221
   5    6   -1    2    0   -0.000227
   5    6   -1    2    1   -0.000225
   5    6   -2    1    0    0.000775
   5    6   -2    1    1    0.000778
   5    6    0   -1   -1    0.003992
   5    6    0   -1    2    0.003994
   5    7   -1    0   -1    0.004006
   5    7    0   -2    1    0.000871
   5    7    1   -2    1    0.000868
   5    7    2    0   -1    0.004007
   5    8   -1   -1    0    0.003970
   5    8   -1    2    0    0.003970
   5    8    1    0   -2    0.000620
   5    8    1    1   -2    0.000619
   5    5   -2    0    0    0.000807
   5    5    0   -2    0    0.000667
   5    5    0    0   -2    0.000622
   5    5    0    0    2    0.000622
   5    5    0    2    0    0.000667
   5    5    2    0    0    0.000807
   5    6    1    1   -1   -0.002955
   5    6    1    1    2   -0.002955
   5    7   -1    1    1   -0.002875
   5    7    2    1    1   -0.002875
   5    8    1   -1    1   -0.003003
   5    8    1    2    1   -0.003003
   5    6   -1   -1   -1   -0.006441
   5    7   -1   -1   -1   -0.006324
   5    8   -1   -1   -1   -0.006270
   5    8   -1    2   -1   -0.006269
   5    6   -1   -1    2   -0.006442
   5    7    2   -1   -1   -0.006324
   5    6    1    2    0   -0.000118
   5    6    1    2    1   -0.000118
   5    7    0    1    2   -0.000211
   5    7    1    1    2   -0.000211
   5    8    2    0    1   -0.000165
   5    8    2    1    1   -0.000165
   5    6   -2   -1    0   -0.000013
   5    6   -2   -1    1   -0.000013
   5    7    0   -2   -1    0.000090
   5    7    1   -2   -1    0.000090
   5    8   -1    0   -2   -0.000046
   5    8   -1    1   -2   -0.000046
   5    5   -2   -1    0   -0.002447
   5    5   -2    0   -1   -0.001651
   5    5   -2    0    1   -0.001784
   5    5   -2    1    0   -0.000403
   5    5   -1   -2    0   -0.001553
   5    5   -1    0   -2   -0.002492
   5    5   -1    0    2   -0.000369
   5    5   -1    2    0   -0.001896
   5    5    0   -2   -1   -0.002460
   5    5    0   -2    1   -0.000310
   5    5    0   -1   -2   -0.001574
   5    5    0   -1    2   -0.001734
   5    5    0    1   -2   -0.001734
   5    5    0    1    2   -0.001574
   5    5    0    2   -1   -0.000310
   5    5    0    2    1   -0.002460
   5    5    1   -2    0   -0.001896
   5    5    1    0   -2   -0.000369
   5    5    1    0    2   -0.002492
   5    5    1    2    0   -0.001553
   5    5    2   -1    0   -0.000403
   5    5    2    0   -1   -0.001784
   5    5    2    0    1   -0.001651
   5    5    2    1    0   -0.002447
   5    6    0    2   -1    0.000241
   5    6    0    2    2    0.000240
   5    6    2    0    0   -0.003155
   5    6    2    0    1   -0.003155
   5    7   -1    0    2    0.000259
   5    7    0    2    0   -0.003212
   5    7    1    2    0   -0.003213
   5    7    2    0    2    0.000259
   5    8    0    0    2   -0.003115
   5    8    0    1    2   -0.003115
   5    8    2   -1    0    0.000309
   5    8    2    2    0    0.000309
   5    6    1   -1   -1    0.004065
   5    6    1   -1    2    0.004066
   5    7   -1    1   -1    0.004124
   5    7    2    1   -1    0.004123
   5    8   -1   -1    1    0.004078
   5    8   -1    2    1    0.004078
   5    6   -2    0   -1   -0.000114
   5    6   -2    0    2   -0.000114
   5    6    0   -2    0   -0.001224
   5    6    0   -2    1   -0.001223
   5    7   -1   -2    0   -0.000109
   5    7    0    0   -2   -0.001104
   5    7    1    0   -2   -0.001104
   5    7    2   -2    0   -0.000108
   5    8   -2    0    0   -0.001197
   5    8   -2    1    0   -0.001198
   5    8    0   -1   -2   -0.000156
   5    8    0    2   -2   -0.000156
   5    6    2    1    0   -0.001156
   5    6    2    1    1   -0.001157
   5    7    0    2    1   -0.001155
   5    7    1    2    1   -0.001155
   5    8    1    0    2   -0.001101
   5    8    1    1    2   -0.001101
   5    6   -1    2   -1    0.002377
   5    6   -1    2    2    0.002377
   5    7   -1   -1    2    0.002454
   5    7    2   -1    2    0.002454
   5    8    2   -1   -1    0.002415
   5    8    2    2   -1    0.002415
   5    6   -2    1   -1    0.001176
   5    6   -2    1    2    0.001175
   5    7   -1   -2    1    0.001219
   5    8    1   -1   -2    0.001138
   5    8    1    2   -2    0.001138
   5    7    2   -2    1    0.001219
   5    6   -1   -2    0   -0.000082
   5    6   -1   -2    1   -0.000082
   5    7    0   -1   -2   -0.000044
   5    7    1   -1   -2   -0.000044
   5    8   -2    0   -1   -0.000084
   5    8   -2    1   -1   -0.000084
   5    5   -2   -1   -1    0.002041
   5    5   -2   -1    1   -0.001183
   5    5   -2    1   -1    0.000052
   5    5   -2    1    1   -0.002811
   5    5   -1   -2   -1    0.002039
   5    5   -1   -2    1   -0.000105
   5    5   -1   -1   -2    0.002063
   5    5   -1   -1    2   -0.002756
   5    5   -1    1   -2   -0.001322
   5    5   -1    1    2   -0.000015
   5    5   -1    2   -1   -0.002758
   5    5   -1    2    1   -0.001236
   5    5    1   -2   -1   -0.001236
   5    5    1   -2    1   -0.002758
   5    5    1   -1   -2   -0.000015
   5    5    1   -1    2   -0.001322
   5    5    1    1   -2   -0.002756
   5    5    1    1    2    0.002063
   5    5    1    2   -1   -0.000105
   5    5    1    2    1    0.002039
   5    5    2   -1   -1   -0.002811
   5    5    2   -1    1    0.000052
   5    5    2    1   -1   -0.001183
   5    5    2    1    1    0.002041
   5    6    0    0   -2   -0.000537
   5    6   -2    2    0    0.001542
   5    6   -2    2    1    0.001543
   5    6    0    0    3   -0.000537
   5    7   -2    0    0   -0.000548
   5    7    0   -2    2    0.001600
   5    7    1   -2    2    0.001600
   5    7    3    0    0   -0.000548
   5    8    0   -2    0   -0.000513
   5    8    0    3    0   -0.000513
   5    8    2    0   -2    0.001510
   5    8    2    1   -2    0.001510
   5    6    1    2   -1    0.000468
   5    6    1    2    2    0.000468
   5    7   -1    1    2    0.000444
   5    7    2    1    2    0.000444
   5    8    2   -1    1    0.000479
   5    8    2    2    1    0.000479
   5    6    0    1   -2   -0.001430
   5    7   -2    0    1   -0.001484
   5    8   -1    0    2   -0.000266
   5    8   -1    1    2   -0.000266
   5    6    0    1    3   -0.001431
   5    6    2   -1    0   -0.000300
   5    6    2   -1    1   -0.000300
   5    7    0    2   -1   -0.000305
   5    7    1    2   -1   -0.000305
   5    7    3    0    1   -0.001484
   5    8    1   -2    0   -0.001415
   5    8    1    3    0   -0.001415
   5    6   -1    0   -2   -0.001054
   5    6    1   -2    0   -0.000962
   5    6    1   -2    1   -0.000962
   5    7   -2   -1    0   -0.001090
   5    7    0    1   -2   -0.000922
   5    7    1    1   -2   -0.000922
   5    8   -2    0    1   -0.000925
   5    8   -2    1    1   -0.000925
   5    6   -1    0    3   -0.001054
   5    7    3   -1    0   -0.001090
   5    8    0   -2   -1   -0.001061
   5    8    0    3   -1   -0.001061
   5    6   -2   -1   -1   -0.000550
   5    6   -2   -1    2   -0.000549
   5    7   -1   -2   -1   -0.000578
   5    7    2   -2   -1   -0.000578
   5    8   -1   -1   -2   -0.000560
   5    8   -1    2   -2   -0.000560
   5    6    2    0   -1    0.000205
   5    8    0   -1    2    0.000196
   5    6    2    0    2    0.000205
   5    7   -1    2    0    0.000165
   5    7    2    2    0    0.000165
   5    8    0    2    2    0.000196
   5    6   -1    1   -2    0.000071
   5    7   -2   -1    1    0.000030
   5    8    1   -2   -1    0.000018
   5    6   -1    1    3    0.000071
   5    7    3   -1    1    0.000031
   5    8    1    3   -1    0.000018
   5    6    0   -2   -1   -0.000707
   5    6    0   -2    2   -0.000707
   5    7   -1    0   -2   -0.000707
   5    7    2    0   -2   -0.000707
   5    8   -2   -1    0   -0.000707
   5    8   -2    2    0   -0.000707
   5    6    2    1   -1   -0.000593
   5    6    2    1    2   -0.000593
   5    7   -1    2    1   -0.000635
   5    7    2    2    1   -0.000635
   5    8    1   -1    2   -0.000593
   5    8    1    2    2   -0.000594
   5    6    0    3    0    0.000494
   5    6    0    3    1    0.000494
   5    7    0    0    3    0.000516
   5    7    1    0    3    0.000516
   5    8    3    0    0    0.000473
   5    8    3    1    0    0.000473
   5    6    1    0   -2    0.000157
   5    7   -2    1    0    0.000094
   5    8    0   -2    1    0.000088
   5    6    1    0    3    0.000157
   5    7    3    1    0    0.000094
   5    8    0    3    1    0.000088
   5    6    0   -1   -2   -0.000392
   5    7   -2    0   -1   -0.000416
   5    6    0   -1    3   -0.000392
   5    7    3    0   -1   -0.000416
   5    8   -1   -2    0   -0.000452
   5    8   -1    3    0   -0.000452
   5    6   -3    0    0   -0.000284
   5    6   -3    0    1   -0.000284
   5    6   -1   -2   -1   -0.000729
   5    6   -1   -2    2   -0.000728
   5    7   -1   -1   -2   -0.000689
   5    7    2   -1   -2   -0.000689
   5    8   -2   -1   -1   -0.000710
   5    8   -2    2   -1   -0.000710
   5    8    0    0   -3   -0.000274
   5    8    0    1   -3   -0.000274
   5    7    0   -3    0   -0.000239
   5    7    1   -3    0   -0.000238
   5    5   -2   -2    0    0.000260
   5    5   -2    0   -2    0.000263
   5    5   -2    0    2    0.000840
   5    5   -2    2    0    0.000849
   5    5    0   -2   -2    0.000256
   5    5    0   -2    2    0.000880
   5    5    0    2   -2    0.000880
   5    5    0    2    2    0.000256
   5    5    2   -2    0    0.000849
   5    5    2    0   -2    0.000840
   5    5    2    0    2    0.000263
   5    5    2    2    0    0.000260
   5    6    2    2    0   -0.000403
   5    6    2    2    1   -0.000403
   5    7    0    2    2   -0.000392
   5    7    1    2    2   -0.000392
   5    8    2    0    2   -0.000411
   5    8    2    1    2   -0.000411
   5    6    1    1   -2    0.000039
   5    7   -2    1    1   -0.000003
   5    6   -1    3    0    0.000666
   5    6   -1    3    1    0.000666
   5    6    1    1    3    0.000039
   5    7    0   -1    3    0.000666
   5    7    1   -1    3    0.000666
   5    7    3    1    1   -0.000003
   5    8    1   -2    1   -0.000008
   5    8    1    3    1   -0.000008
   5    8    3    0   -1    0.000639
   5    8    3    1   -1    0.000639
   5    6   -2    2   -1   -0.000169
   5    6   -2    2    2   -0.000168
   5    7   -1   -2    2   -0.000183
   5    7    2   -2    2   -0.000183
   5    8    2   -1   -2   -0.000197
   5    8    2    2   -2   -0.000197
   5    6   -1   -1   -2   -0.000131
   5    7   -2   -1   -1   -0.000123
   5    6   -3    1    0    0.000947
   5    6   -3    1    1    0.000947
   5    6   -1   -1    3   -0.000131
   5    8   -1   -2   -1   -0.000143
   5    8    1    0   -3    0.000934
   5    8    1    1   -3    0.000934
   5    7    0   -3    1    0.000993
   5    7    1   -3    1    0.000993
   5    7    3   -1   -1   -0.000123
   5    8   -1    3   -1   -0.000143
   5    6   -2   -2    0   -0.000224
   5    6   -2   -2    1   -0.000224
   5    7    0   -2   -2   -0.000220
   5    7    1   -2   -2   -0.000220
   5    8   -2    0   -2   -0.000235
   5    8   -2    1   -2   -0.000235
   5    8   -1   -1    2   -0.000315
   5    8   -1    2    2   -0.000315
   5    6    2   -1   -1   -0.000292
   5    6    2   -1    2   -0.000292
   5    7   -1    2   -1   -0.000321
   5    7    2    2   -1   -0.000321
   5    6    1   -2   -1   -0.000788
   5    6    1   -2    2   -0.000788
   5    7   -1    1   -2   -0.000769
   5    7    2    1   -2   -0.000769
   5    8   -2   -1    1   -0.000781
   5    8   -2    2    1   -0.000781
   5    5   -2   -2   -1    0.000347
   5    5   -2   -2    1    0.000664
   5    5   -2   -1   -2    0.000331
   5    5   -2   -1    2    0.000316
   5    5   -2    1   -2    0.000691
   5    5   -2    1    2    0.000378
   5    5   -2    2   -1    0.000320
   5    5   -2    2    1    0.000343
   5    5   -1   -2   -2    0.000343
   5    5   -1   -2    2    0.000362
   5    5   -1    2   -2    0.000282
   5    5   -1    2    2    0.000666
   5    5    1   -2   -2    0.000666
   5    5    1   -2    2    0.000282
   5    5    1    2   -2    0.000362
   5    5    1    2    2    0.000343
   5    5    2   -2   -1    0.000343
   5    5    2   -2    1    0.000320
   5    5    2   -1   -2    0.000378
   5    5    2   -1    2    0.000691
   5    5    2    1   -2    0.000316
   5    5    2    1    2    0.000331
   5    5    2    2   -1    0.000664
   5    5    2    2    1    0.000347
   5    5   -3    0    0    0.000320
   5    5    0   -3    0    0.000324
   5    5    0    0   -3    0.000312
   5    5    0    0    3    0.000312
   5    5    0    3    0    0.000324
   5    5    3    0    0    0.000320
   6    5    0    0   -1    0.425882
   6    5    0    0    0    0.425896
   6    7    1   -1    0    0.423886
   6    7    1    0    0    0.423887
   6    8    0    0   -1    0.428185
   6    8    1    0   -1    0.428185
   6    5    0   -1   -1   -0.063286
   6    5    0   -1    0   -0.063288
   6    7    0   -1    0   -0.062987
   6    7    0    0    0   -0.062987
   6    8    0    0    0   -0.063866
   6    8    1    0    0   -0.063869
   6    5    1    0   -1   -0.081300
   6    5    1    0    0   -0.081302
   6    7    1   -1   -1   -0.082204
   6    7    1    0   -1   -0.082204
   6    8    0    1   -1   -0.083505
   6    8    1    1   -1   -0.083511
   6    6   -1    0    0    0.088285
   6    6    0   -1    0    0.085979
   6    6    0    0   -1    0.087436
   6    6    0    0    1    0.087436
   6    6    0    1    0    0.085979
   6    6    1    0    0    0.088285
   6    5    1   -1   -1    0.026935
   6    5    1   -1    0    0.026930
   6    7    0   -1   -1    0.027635
   6    7    0    0   -1    0.027635
   6    8    0    1    0    0.026205
   6    8    1    1    0    0.026198
   6    5   -1    0   -1    0.038382
   6    5   -1    0    0    0.038378
   6    7    1   -1    1    0.038603
   6    7    1    0    1    0.038603
   6    8    0   -1   -1    0.038784
   6    8    1   -1   -1    0.038780
   6    5    0    1   -1    0.028386
   6    5    0    1    0    0.028384
   6    7    2   -1    0    0.027908
   6    7    2    0    0    0.027908
   6    8    0    0   -2    0.028696
   6    8    1    0   -2    0.028692
   6    6   -1   -1    0   -0.005645
   6    6   -1    0   -1    0.015176
   6    6   -1    0    1   -0.005586
   6    6   -1    1    0    0.014997
   6    6    0   -1   -1    0.014879
   6    6    0   -1    1   -0.005161
   6    6    0    1   -1   -0.005161
   6    6    0    1    1    0.014879
   6    6    1   -1    0    0.014997
   6    6    1    0   -1   -0.005586
   6    6    1    0    1    0.015176
   6    6    1    1    0   -0.005645
   6    5   -1   -1   -1   -0.015798
   6    5   -1   -1    0   -0.015798
   6    7    0   -1    1   -0.015251
   6    7    0    0    1   -0.015251
   6    8    0   -1    0   -0.015426
   6    8    1   -1    0   -0.015423
   6    5    0    0    1    0.028996
   6    7    1   -2    0    0.028514
   6    7    1    1    0    0.028514
   6    8   -1    0   -1    0.028352
   6    8    2    0   -1    0.028355
   6    5    0    0   -2    0.028996
   6    5    1    1   -1   -0.011880
   6    5    1    1    0   -0.011876
   6    7    2   -1   -1   -0.011680
   6    7    2    0   -1   -0.011680
   6    8    0    1   -2   -0.011909
   6    8    1    1   -2   -0.011908
   6    5    0   -1    1    0.001374
   6    7    0    1    0    0.001254
   6    8   -1    0    0    0.001632
   6    5    0   -1   -2    0.001375
   6    7    0   -2    0    0.001254
   6    8    2    0    0    0.001631
   6    5    1    0    1   -0.007864
   6    7    1   -2   -1   -0.007487
   6    7    1    1   -1   -0.007487
   6    8   -1    1   -1   -0.007767
   6    5    1    0   -2   -0.007863
   6    8    2    1   -1   -0.007768
   6    6   -1   -1   -1    0.009792
   6    6   -1   -1    1    0.000209
   6    6   -1    1   -1    0.009868
   6    6   -1    1    1    0.009557
   6    6    1   -1   -1    0.009557
   6    6    1   -1    1    0.009868
   6    6    1    1   -1    0.000209
   6    6    1    1    1    0.009792
   6    5    0   -2   -1    0.007902
   6    5    0   -2    0    0.007902
   6    7   -1   -1    0    0.007841
   6    7   -1    0    0    0.007841
   6    8    0    0    1    0.007819
   6    8    1    0    1    0.007820
   6    5   -1    1   -1    0.001838
   6    5   -1    1    0    0.001837
   6    5    1   -1   -2    0.007449
   6    5    1   -1    1    0.007446
   6    7    0   -2   -1    0.007633
   6    7    0    1   -1    0.007634
   6    7    2   -1    1    0.001763
   6    7    2    0    1    0.001763
   6    8   -1    1    0    0.007829
   6    8    0   -1   -2    0.001845
   6    8    1   -1   -2    0.001844
   6    8    2    1    0    0.007826
   6    7    1   -1   -2    0.000790
   6    7    1    0   -2    0.000790
   6    5    2    0   -1    0.000734
   6    5    2    0    0    0.000734
   6    8    0    2   -1    0.001044
   6    8    1    2   -1    0.001044
   6    5   -1    0   -2   -0.000196
   6    5   -1    0    1   -0.000196
   6    7   -1   -1   -1   -0.000221
   6    7   -1    0   -1   -0.000221
   6    7    1   -2    1   -0.000107
   6    7    1    1    1   -0.000106
   6    8   -1   -1   -1   -0.000173
   6    8    0    1    1   -0.000231
   6    8    1    1    1   -0.000232
   6    8    2   -1   -1   -0.000175
   6    5    1   -2   -1   -0.000225
   6    5    1   -2    0   -0.000227
   6    5    0    1   -2    0.003994
   6    5    0    1    1    0.003992
   6    5    2   -1   -1    0.000778
   6    5    2   -1    0    0.000775
   6    7    0   -1   -2    0.000620
   6    7    0    0   -2    0.000620
   6    7    2   -2    0    0.003971
   6    7    2    1    0    0.003971
   6    8   -1    0   -2    0.004006
   6    8    0    2    0    0.000872
   6    8    1    2    0    0.000868
   6    8    2    0   -2    0.004006
   6    6   -2    0    0    0.000806
   6    6    0   -2    0    0.000661
   6    6    0    0   -2    0.000622
   6    6    0    0    2    0.000622
   6    6    0    2    0    0.000661
   6    6    2    0    0    0.000806
   6    5   -1   -1    1   -0.002955
   6    5   -1   -1   -2   -0.002955
   6    7    0   -2    1   -0.003003
   6    7    0    1    1   -0.003003
   6    8   -1   -1    0   -0.002875
   6    8    2   -1    0   -0.002875
   6    5    1    1    1   -0.006441
   6    7    2    1   -1   -0.006271
   6    8   -1    1   -2   -0.006324
   6    5    1    1   -2   -0.006442
   6    7    2   -2   -1   -0.006271
   6    8    2    1   -2   -0.006323
   6    5   -1   -2   -1   -0.000118
   6    5   -1   -2    0   -0.000118
   6    7   -1   -1    1   -0.000165
   6    7   -1    0    1   -0.000165
   6    8    0   -1    1   -0.000211
   6    8    1   -1    1   -0.000211
   6    5    2    1   -1   -0.000013
   6    5    2    1    0   -0.000013
   6    7    2   -1   -2   -0.000045
   6    7    2    0   -2   -0.000045
   6    8    0    2   -2    0.000090
   6    8    1    2   -2    0.000090
   6    6   -2   -1    0   -0.002448
   6    6   -2    0   -1   -0.001784
   6    6   -2    0    1   -0.001651
   6    6   -2    1    0   -0.000403
   6    6   -1   -2    0   -0.001554
   6    6   -1    0   -2   -0.000370
   6    6   -1    0    2   -0.002493
   6    6   -1    2    0   -0.001897
   6    6    0   -2   -1   -0.000312
   6    6    0   -2    1   -0.002461
   6    6    0   -1   -2   -0.001734
   6    6    0   -1    2   -0.001575
   6    6    0    1   -2   -0.001575
   6    6    0    1    2   -0.001734
   6    6    0    2   -1   -0.002461
   6    6    0    2    1   -0.000312
   6    6    1   -2    0   -0.001897
   6    6    1    0   -2   -0.002493
   6    6    1    0    2   -0.000370
   6    6    1    2    0   -0.001554
   6    6    2   -1    0   -0.000403
   6    6    2    0   -1   -0.001651
   6    6    2    0    1   -0.001784
   6    6    2    1    0   -0.002448
   6    5   -2    0   -1   -0.003155
   6    5   -2    0    0   -0.003155
   6    5    0   -2   -2    0.000240
   6    5    0   -2    1    0.000241
   6    7   -1   -2    0    0.000310
   6    7   -1    1    0    0.000310
   6    7    1   -1    2   -0.003115
   6    7    1    0    2   -0.003115
   6    8   -1    0    1    0.000258
   6    8    0   -2   -1   -0.003212
   6    8    1   -2   -1   -0.003213
   6    8    2    0    1    0.000259
   6    5   -1    1    1    0.004065
   6    5   -1    1   -2    0.004066
   6    7    2   -2    1    0.004080
   6    7    2    1    1    0.004080
   6    8   -1   -1   -2    0.004124
   6    8    2   -1   -2    0.004123
   6    5    0    2   -1   -0.001223
   6    5    0    2    0   -0.001224
   6    5    2    0   -2   -0.000114
   6    5    2    0    1   -0.000114
   6    7    1   -2   -2   -0.000156
   6    7    1    1   -2   -0.000156
   6    7    3   -1    0   -0.001198
   6    7    3    0    0   -0.001198
   6    8   -1    2   -1   -0.000109
   6    8    0    0   -3   -0.001103
   6    8    1    0   -3   -0.001104
   6    8    2    2   -1   -0.000108
   6    5   -2   -1   -1   -0.001157
   6    5   -2   -1    0   -0.001156
   6    7    0   -1    2   -0.001100
   6    7    0    0    2   -0.001100
   6    8    0   -2    0   -0.001155
   6    8    1   -2    0   -0.001155
   6    5    1   -2   -2    0.002377
   6    5    1   -2    1    0.002377
   6    7   -1   -2   -1    0.002416
   6    7   -1    1   -1    0.002416
   6    8   -1    1    1    0.002454
   6    8    2    1    1    0.002454
   6    5    2   -1   -2    0.001175
   6    5    2   -1    1    0.001176
   6    7    0   -2   -2    0.001139
   6    7    0    1   -2    0.001139
   6    8   -1    2    0    0.001219
   6    8    2    2    0    0.001219
   6    5    1    2   -1   -0.000082
   6    5    1    2    0   -0.000082
   6    7    3   -1   -1   -0.000085
   6    7    3    0   -1   -0.000085
   6    8    0    1   -3   -0.000044
   6    8    1    1   -3   -0.000044
   6    6   -2   -1   -1   -0.001184
   6    6   -2   -1    1    0.002041
   6    6   -2    1   -1   -0.002812
   6    6   -2    1    1    0.000053
   6    6   -1   -2   -1   -0.000105
   6    6   -1   -2    1    0.002038
   6    6   -1   -1   -2   -0.002757
   6    6   -1   -1    2    0.002062
   6    6   -1    1   -2   -0.000015
   6    6   -1    1    2   -0.001321
   6    6   -1    2   -1   -0.001236
   6    6   -1    2    1   -0.002758
   6    6    1   -2   -1   -0.002758
   6    6    1   -2    1   -0.001236
   6    6    1   -1   -2   -0.001321
   6    6    1   -1    2   -0.000015
   6    6    1    1   -2    0.002062
   6    6    1    1    2   -0.002757
   6    6    1    2   -1    0.002038
   6    6    1    2    1   -0.000105
   6    6    2   -1   -1    0.000053
   6    6    2   -1    1   -0.002812
   6    6    2    1   -1    0.002041
   6    6    2    1    1   -0.001184
   6    5    0    0    2   -0.000537
   6    7   -1   -1   -2    0.001510
   6    7   -1    0   -2    0.001510
   6    5    0    0   -3   -0.000537
   6    5    2   -2   -1    0.001543
   6    5    2   -2    0    0.001542
   6    7    1   -3    0   -0.000513
   6    7    1    2    0   -0.000513
   6    8   -2    0   -1   -0.000548
   6    8    0    2    1    0.001600
   6    8    1    2    1    0.001599
   6    8    3    0   -1   -0.000548
   6    5   -1   -2   -2    0.000468
   6    5   -1   -2    1    0.000468
   6    7   -1   -2    1    0.000479
   6    7   -1    1    1    0.000479
   6    8   -1   -1    1    0.000444
   6    8    2   -1    1    0.000444
   6    5    0   -1    2   -0.001430
   6    8   -2    0    0   -0.001484
   6    5   -2    1   -1   -0.000300
   6    5   -2    1    0   -0.000300
   6    5    0   -1   -3   -0.001431
   6    7    0    2    0   -0.001415
   6    7    2   -1    2   -0.000266
   6    7    2    0    2   -0.000266
   6    8    0   -2   -2   -0.000305
   6    8    1   -2   -2   -0.000305
   6    8    3    0    0   -0.001484
   6    7    0   -3    0   -0.001415
   6    5   -1    2   -1   -0.000962
   6    5   -1    2    0   -0.000962
   6    5    1    0    2   -0.001054
   6    8   -2    1   -1   -0.001090
   6    5    1    0   -3   -0.001054
   6    7    1   -3   -1   -0.001061
   6    7    1    2   -1   -0.001061
   6    7    3   -1    1   -0.000925
   6    7    3    0    1   -0.000925
   6    8    0   -1   -3   -0.000922
   6    8    1   -1   -3   -0.000922
   6    8    3    1   -1   -0.001090
   6    5    2    1   -2   -0.000549
   6    5    2    1    1   -0.000550
   6    7    2   -2   -2   -0.000560
   6    7    2    1   -2   -0.000560
   6    8   -1    2   -2   -0.000577
   6    8    2    2   -2   -0.000578
   6    5   -2    0    1    0.000205
   6    7    1    1    2    0.000196
   6    5   -2    0   -2    0.000205
   6    7    1   -2    2    0.000196
   6    8   -1   -2   -1    0.000165
   6    8    2   -2   -1    0.000165
   6    5    1   -1   -3    0.000071
   6    5    1   -1    2    0.000071
   6    7    0    2   -1    0.000018
   6    8   -2    1    0    0.000030
   6    7    0   -3   -1    0.000018
   6    8    3    1    0    0.000031
   6    5    0    2   -2   -0.000707
   6    5    0    2    1   -0.000707
   6    7    3   -2    0   -0.000707
   6    7    3    1    0   -0.000707
   6    8   -1    0   -3   -0.000707
   6    8    2    0   -3   -0.000707
   6    5   -2   -1   -2   -0.000593
   6    5   -2   -1    1   -0.000593
   6    7   -2   -1    0    0.000473
   6    7   -2    0    0    0.000473
   6    7    0   -2    2   -0.000594
   6    7    0    1    2   -0.000594
   6    8   -1   -2    0   -0.000635
   6    8    0    0    2    0.000515
   6    8    1    0    2    0.000516
   6    8    2   -2    0   -0.000635
   6    5    0   -3   -1    0.000494
   6    5    0   -3    0    0.000494
   6    5   -1    0    2    0.000157
   6    7    1    2    1    0.000088
   6    8   -2   -1   -1    0.000094
   6    5   -1    0   -3    0.000157
   6    7    1   -3    1    0.000088
   6    8    3   -1   -1    0.000094
   6    5    0    1    2   -0.000392
   6    8   -2    0   -2   -0.000416
   6    5    0    1   -3   -0.000392
   6    7    2    2    0   -0.000452
   6    8    3    0   -2   -0.000416
   6    7    2   -3    0   -0.000452
   6    5    1    2   -2   -0.000728
   6    5    1    2    1   -0.000729
   6    5    3    0   -1   -0.000284
   6    5    3    0    0   -0.000284
   6    7    1   -1   -3   -0.000274
   6    7    1    0   -3   -0.000274
   6    8   -1    1   -3   -0.000689
   6    7    3   -2   -1   -0.000710
   6    7    3    1   -1   -0.000710
   6    8    0    3   -1   -0.000239
   6    8    1    3   -1   -0.000238
   6    8    2    1   -3   -0.000689
   6    6   -2   -2    0    0.000260
   6    6   -2    0   -2    0.000840
   6    6   -2    0    2    0.000263
   6    6   -2    2    0    0.000849
   6    6    0   -2   -2    0.000880
   6    6    0   -2    2    0.000255
   6    6    0    2   -2    0.000255
   6    6    0    2    2    0.000880
   6    6    2   -2    0    0.000849
   6    6    2    0   -2    0.000263
   6    6    2    0    2    0.000840
   6    6    2    2    0    0.000260
   6    5   -2   -2   -1   -0.000403
   6    5   -2   -2    0   -0.000403
   6    7   -1   -1    2   -0.000410
   6    7   -1    0    2   -0.000410
   6    8    0   -2    1   -0.000392
   6    8    1   -2    1   -0.000392
   6    5   -1   -1    2    0.000039
   6    7    0    2    1   -0.000008
   6    8   -2   -1    0   -0.000003
   6    8    0    1    2    0.000666
   6    8    1    1    2    0.000666
   6    5   -1   -1   -3    0.000039
   6    5    1   -3   -1    0.000666
   6    5    1   -3    0    0.000666
   6    7   -2   -1   -1    0.000639
   6    7   -2    0   -1    0.000639
   6    7    0   -3    1   -0.000008
   6    8    3   -1    0   -0.000003
   6    7   -1    1   -2   -0.000197
   6    8   -1    2    1   -0.000183
   6    5    2   -2   -2   -0.000168
   6    5    2   -2    1   -0.000169
   6    7   -1   -2   -2   -0.000197
   6    8    2    2    1   -0.000183
   6    5    1    1    2   -0.000131
   6    8   -2    1   -2   -0.000123
   6    5    1    1   -3   -0.000131
   6    5    3   -1   -1    0.000947
   6    5    3   -1    0    0.000947
   6    7    0   -1   -3    0.000934
   6    7    0    0   -3    0.000934
   6    7    2    2   -1   -0.000143
   6    7    2   -3   -1   -0.000143
   6    8    0    3    0    0.000993
   6    8    1    3    0    0.000993
   6    8    3    1   -2   -0.000123
   6    5    2    2   -1   -0.000224
   6    5    2    2    0   -0.000224
   6    7    3   -1   -2   -0.000235
   6    7    3    0   -2   -0.000235
   6    8    0    2   -3   -0.000220
   6    8    1    2   -3   -0.000220
   6    7    2    1    2   -0.000315
   6    5   -2    1   -2   -0.000292
   6    5   -2    1    1   -0.000292
   6    7    2   -2    2   -0.000315
   6    8   -1   -2   -2   -0.000321
   6    8    2   -2   -2   -0.000321
   6    5   -1    2   -2   -0.000788
   6    5   -1    2    1   -0.000788
   6    7    3   -2    1   -0.000781
   6    7    3    1    1   -0.000781
   6    8   -1   -1   -3   -0.000769
   6    8    2   -1   -3   -0.000769
   6    6   -2   -2   -1    0.000664
   6    6   -2   -2    1    0.000347
   6    6   -2   -1   -2    0.000316
   6    6   -2   -1    2    0.000331
   6    6   -2    1   -2    0.000378
   6    6   -2    1    2    0.000691
   6    6   -2    2   -1    0.000343
   6    6   -2    2    1    0.000321
   6    6   -1   -2   -2    0.000362
   6    6   -1   -2    2    0.000344
   6    6   -1    2   -2    0.000666
   6    6   -1    2    2    0.000283
   6    6    1   -2   -2    0.000283
   6    6    1   -2    2    0.000666
   6    6    1    2   -2    0.000344
   6    6    1    2    2    0.000362
   6    6    2   -2   -1    0.000321
   6    6    2   -2    1    0.000343
   6    6    2   -1   -2    0.000691
   6    6    2   -1    2    0.000378
   6    6    2    1   -2    0.000331
   6    6    2    1    2    0.000316
   6    6    2    2   -1    0.000347
   6    6    2    2    1    0.000664
   6    6   -3    0    0    0.000320
   6    6    0   -3    0    0.000324
   6    6    0    0   -3    0.000312
   6    6    0    0    3    0.000312
   6    6    0    3    0    0.000324
   6    6    3    0    0    0.000320
   7    5   -1    0    0    0.428187
   7    5    0    0    0    0.428190
   7    6   -1    0    0    0.423887
   7    6   -1    1    0    0.423886
   7    8    0    1   -1    0.425905
   7    8    0    1    0    0.425892
   7    5   -1    0   -1   -0.063869
   7    5    0    0   -1   -0.063866
   7    6    0    0    0   -0.062987
   7    6    0    1    0   -0.062987
   7    8    0    0   -1   -0.063288
   7    8    0    0    0   -0.063286
   7    5   -1    1    0   -0.083511
   7    5    0    1    0   -0.083505
   7    6   -1    0    1   -0.082204
   7    6   -1    1    1   -0.082204
   7    8   -1    1   -1   -0.081303
   7    8   -1    1    0   -0.081301
   7    7   -1    0    0    0.088290
   7    7    0   -1    0    0.085978
   7    7    0    0   -1    0.087441
   7    7    0    0    1    0.087441
   7    7    0    1    0    0.085978
   7    7    1    0    0    0.088290
   7    8   -1    0   -1    0.026930
   7    8   -1    0    0    0.026934
   7    5   -1    1   -1    0.026198
   7    5    0    1   -1    0.026204
   7    6    0    0    1    0.027635
   7    6    0    1    1    0.027635
   7    5   -1   -1    0    0.038780
   7    5    0   -1    0    0.038783
   7    6   -1    0   -1    0.038603
   7    6   -1    1   -1    0.038603
   7    8    1    1   -1    0.038378
   7    8    1    1    0    0.038381
   7    5   -1    0    1    0.028692
   7    5    0    0    1    0.028696
   7    6   -2    0    0    0.027908
   7    6   -2    1    0    0.027908
   7    8    0    2   -1    0.028385
   7    8    0    2    0    0.028385
   7    7   -1   -1    0    0.014997
   7    7   -1    0   -1    0.015176
   7    7   -1    0    1   -0.005586
   7    7   -1    1    0   -0.005644
   7    7    0   -1   -1   -0.005160
   7    7    0   -1    1    0.014878
   7    7    0    1   -1    0.014878
   7    7    0    1    1   -0.005160
   7    7    1   -1    0   -0.005644
   7    7    1    0   -1   -0.005586
   7    7    1    0    1    0.015176
   7    7    1    1    0    0.014997
   7    5   -1   -1   -1   -0.015423
   7    5    0   -1   -1   -0.015426
   7    8    1    0   -1   -0.015798
   7    8    1    0    0   -0.015798
   7    6    0    0   -1   -0.015251
   7    6    0    1   -1   -0.015251
   7    5   -2    0    0    0.028355
   7    5    1    0    0    0.028352
   7    6   -1   -1    0    0.028514
   7    6   -1    2    0    0.028514
   7    8    0    1    1    0.028996
   7    8    0    1   -2    0.028997
   7    5   -1    1    1   -0.011909
   7    5    0    1    1   -0.011909
   7    8   -1    2   -1   -0.011877
   7    8   -1    2    0   -0.011880
   7    6   -2    0    1   -0.011680
   7    6   -2    1    1   -0.011680
   7    5    1    0   -1    0.001632
   7    6    0   -1    0    0.001254
   7    8    0    0    1    0.001375
   7    5   -2    0   -1    0.001631
   7    6    0    2    0    0.001254
   7    8    0    0   -2    0.001374
   7    5    1    1    0   -0.007767
   7    6   -1   -1    1   -0.007487
   7    8   -1    1    1   -0.007863
   7    5   -2    1    0   -0.007768
   7    6   -1    2    1   -0.007487
   7    8   -1    1   -2   -0.007864
   7    7   -1   -1   -1    0.009868
   7    7   -1   -1    1    0.009558
   7    7   -1    1   -1    0.009793
   7    7   -1    1    1    0.000208
   7    7    1   -1   -1    0.000208
   7    7    1   -1    1    0.009793
   7    7    1    1   -1    0.009558
   7    7    1    1    1    0.009868
   7    5   -1    0   -2    0.007820
   7    5    0    0   -2    0.007819
   7    6    1    0    0    0.007841
   7    6    1    1    0    0.007841
   7    8    0   -1   -1    0.007902
   7    8    0   -1    0    0.007902
   7    5   -2    1   -1    0.007826
   7    5   -1   -1    1    0.001844
   7    5    0   -1    1    0.001845
   7    5    1    1   -1    0.007829
   7    6   -2    0   -1    0.001763
   7    6   -2    1   -1    0.001763
   7    6    0   -1    1    0.007634
   7    6    0    2    1    0.007633
   7    8   -1    0   -2    0.007446
   7    8   -1    0    1    0.007449
   7    8    1    2   -1    0.001837
   7    8    1    2    0    0.001838
   7    6   -1    0    2    0.000790
   7    6   -1    1    2    0.000790
   7    5   -1    2    0    0.001043
   7    5    0    2    0    0.001044
   7    8   -2    1   -1    0.000734
   7    8   -2    1    0    0.000734
   7    5   -2   -1    0   -0.000175
   7    5   -1    1   -2   -0.000232
   7    5    0    1   -2   -0.000231
   7    5    1   -1    0   -0.000173
   7    6   -1   -1   -1   -0.000106
   7    6   -1    2   -1   -0.000107
   7    6    1    0    1   -0.000221
   7    6    1    1    1   -0.000221
   7    8   -1   -1   -1   -0.000227
   7    8   -1   -1    0   -0.000225
   7    8    1    1   -2   -0.000196
   7    8    1    1    1   -0.000196
   7    5   -2    0    1    0.004007
   7    5   -1    2   -1    0.000868
   7    5    0    2   -1    0.000871
   7    5    1    0    1    0.004006
   7    6   -2   -1    0    0.003971
   7    6   -2    2    0    0.003971
   7    6    0    0    2    0.000620
   7    6    0    1    2    0.000620
   7    8   -2    0   -1    0.000775
   7    8   -2    0    0    0.000778
   7    8    0    2   -2    0.003992
   7    8    0    2    1    0.003994
   7    7   -2    0    0    0.000806
   7    7    0   -2    0    0.000661
   7    7    0    0   -2    0.000621
   7    7    0    0    2    0.000621
   7    7    0    2    0    0.000661
   7    7    2    0    0    0.000806
   7    8    1    0    1   -0.002955
   7    5   -2   -1   -1   -0.002875
   7    5    1   -1   -1   -0.002875
   7    6    0   -1   -1   -0.003003
   7    6    0    2   -1   -0.003003
   7    8    1    0   -2   -0.002955
   7    5    1    1    1   -0.006324
   7    6   -2   -1    1   -0.006271
   7    8   -1    2    1   -0.006442
   7    5   -2    1    1   -0.006324
   7    6   -2    2    1   -0.006271
   7    8   -1    2   -2   -0.006441
   7    5   -1   -1   -2   -0.000211
   7    5    0   -1   -2   -0.000211
   7    6    1    0   -1   -0.000165
   7    6    1    1   -1   -0.000165
   7    8    1   -1   -1   -0.000118
   7    8    1   -1    0   -0.000118
   7    5   -1    2    1    0.000090
   7    5    0    2    1    0.000090
   7    6   -2    0    2   -0.000045
   7    6   -2    1    2   -0.000045
   7    8   -2    2   -1   -0.000013
   7    8   -2    2    0   -0.000013
   7    7   -2   -1    0   -0.000403
   7    7   -2    0   -1   -0.001784
   7    7   -2    0    1   -0.001651
   7    7   -2    1    0   -0.002448
   7    7   -1   -2    0   -0.001897
   7    7   -1    0   -2   -0.000370
   7    7   -1    0    2   -0.002493
   7    7   -1    2    0   -0.001554
   7    7    0   -2   -1   -0.002461
   7    7    0   -2    1   -0.000312
   7    7    0   -1   -2   -0.001575
   7    7    0   -1    2   -0.001734
   7    7    0    1   -2   -0.001734
   7    7    0    1    2   -0.001575
   7    7    0    2   -1   -0.000312
   7    7    0    2    1   -0.002461
   7    7    1   -2    0   -0.001554
   7    7    1    0   -2   -0.002493
   7    7    1    0    2   -0.000370
   7    7    1    2    0   -0.001897
   7    7    2   -1    0   -0.002448
   7    7    2    0   -1   -0.001651
   7    7    2    0    1   -0.001784
   7    7    2    1    0   -0.000403
   7    5   -2    0   -2    0.000259
   7    5   -1   -2    0   -0.003213
   7    5    0   -2    0   -0.003212
   7    5    1    0   -2    0.000259
   7    6   -1    0   -2   -0.003115
   7    6   -1    1   -2   -0.003115
   7    6    1   -1    0    0.000310
   7    6    1    2    0    0.000310
   7    8    0   -1   -2    0.000241
   7    8    0   -1    1    0.000240
   7    8    2    1   -1   -0.003155
   7    8    2    1    0   -0.003155
   7    5    1   -1    1    0.004124
   7    5   -2   -1    1    0.004123
   7    6   -2   -1   -1    0.004080
   7    6   -2    2   -1    0.004080
   7    8    1    2   -2    0.004065
   7    8    1    2    1    0.004066
   7    5   -2    2    0   -0.000108
   7    5   -1    0    2   -0.001104
   7    5    0    0    2   -0.001104
   7    5    1    2    0   -0.000109
   7    6   -3    0    0   -0.001198
   7    6   -3    1    0   -0.001198
   7    6   -1   -1    2   -0.000156
   7    6   -1    2    2   -0.000156
   7    8   -2    1   -2   -0.000114
   7    8   -2    1    1   -0.000114
   7    8    0    3   -1   -0.001224
   7    8    0    3    0   -0.001223
   7    5   -1   -2   -1   -0.001155
   7    5    0   -2   -1   -0.001155
   7    6    0    0   -2   -0.001100
   7    6    0    1   -2   -0.001100
   7    8    2    0   -1   -0.001156
   7    8    2    0    0   -0.001157
   7    5   -2    1   -2    0.002454
   7    5    1    1   -2    0.002454
   7    6    1   -1    1    0.002416
   7    6    1    2    1    0.002416
   7    8   -1   -1   -2    0.002377
   7    8   -1   -1    1    0.002378
   7    5    1    2   -1    0.001219
   7    6    0   -1    2    0.001139
   7    6    0    2    2    0.001139
   7    8   -2    0   -2    0.001176
   7    8   -2    0    1    0.001175
   7    5   -2    2   -1    0.001219
   7    5   -1    1    2   -0.000044
   7    5    0    1    2   -0.000044
   7    6   -3    0    1   -0.000085
   7    6   -3    1    1   -0.000085
   7    8   -1    3   -1   -0.000082
   7    8   -1    3    0   -0.000082
   7    7   -2   -1   -1   -0.002812
   7    7   -2   -1    1    0.000053
   7    7   -2    1   -1   -0.001184
   7    7   -2    1    1    0.002040
   7    7   -1   -2   -1   -0.001237
   7    7   -1   -2    1   -0.002758
   7    7   -1   -1   -2   -0.000015
   7    7   -1   -1    2   -0.001322
   7    7   -1    1   -2   -0.002757
   7    7   -1    1    2    0.002062
   7    7   -1    2   -1   -0.000105
   7    7   -1    2    1    0.002038
   7    7    1   -2   -1    0.002038
   7    7    1   -2    1   -0.000105
   7    7    1   -1   -2    0.002062
   7    7    1   -1    2   -0.002757
   7    7    1    1   -2   -0.001322
   7    7    1    1    2   -0.000015
   7    7    1    2   -1   -0.002758
   7    7    1    2    1   -0.001237
   7    7    2   -1   -1    0.002040
   7    7    2   -1    1   -0.001184
   7    7    2    1   -1    0.000053
   7    7    2    1    1   -0.002812
   7    6    1    0    2    0.001510
   7    6    1    1    2    0.001510
   7    8    0    1    2   -0.000537
   7    5   -3    0    0   -0.000548
   7    5   -1    2   -2    0.001600
   7    5    0    2   -2    0.001600
   7    5    2    0    0   -0.000548
   7    6   -1   -2    0   -0.000513
   7    6   -1    3    0   -0.000513
   7    8   -2   -1   -1    0.001542
   7    8   -2   -1    0    0.001542
   7    8    0    1   -3   -0.000537
   7    5   -2   -1   -2    0.000444
   7    5    1   -1   -2    0.000444
   7    6    1   -1   -1    0.000479
   7    6    1    2   -1    0.000479
   7    8    1   -1   -2    0.000468
   7    8    1   -1    1    0.000468
   7    5    2    0   -1   -0.001484
   7    8    0    0    2   -0.001431
   7    5   -3    0   -1   -0.001484
   7    5   -1   -2    1   -0.000305
   7    5    0   -2    1   -0.000305
   7    6   -2    0   -2   -0.000266
   7    6   -2    1   -2   -0.000266
   7    6    0   -2    0   -0.001415
   7    8    0    0   -3   -0.001430
   7    8    2    2   -1   -0.000300
   7    8    2    2    0   -0.000300
   7    6    0    3    0   -0.001415
   7    5   -1   -1    2   -0.000922
   7    5    0   -1    2   -0.000922
   7    5    2    1    0   -0.001090
   7    8   -1    1    2   -0.001054
   7    5   -3    1    0   -0.001090
   7    6   -3    0   -1   -0.000925
   7    6   -3    1   -1   -0.000925
   7    6   -1   -2    1   -0.001061
   7    6   -1    3    1   -0.001061
   7    8   -1    1   -3   -0.001054
   7    8    1    3   -1   -0.000962
   7    8    1    3    0   -0.000962
   7    5   -2    2    1   -0.000578
   7    5    1    2    1   -0.000578
   7    6   -2   -1    2   -0.000560
   7    6   -2    2    2   -0.000560
   7    8   -2    2   -2   -0.000550
   7    8   -2    2    1   -0.000549
   7    6   -1   -1   -2    0.000196
   7    5   -2   -2    0    0.000165
   7    5    1   -2    0    0.000165
   7    6   -1    2   -2    0.000196
   7    8    2    1   -2    0.000205
   7    8    2    1    1    0.000205
   7    5    2    1   -1    0.000030
   7    6    0   -2    1    0.000018
   7    8   -1    0   -3    0.000071
   7    8   -1    0    2    0.000071
   7    5   -3    1   -1    0.000031
   7    6    0    3    1    0.000018
   7    5   -2    0    2   -0.000707
   7    5    1    0    2   -0.000707
   7    6   -3   -1    0   -0.000707
   7    6   -3    2    0   -0.000707
   7    8    0    3   -2   -0.000707
   7    8    0    3    1   -0.000707
   7    5   -2   -2   -1   -0.000635
   7    5    1   -2   -1   -0.000635
   7    6    0   -1   -2   -0.000594
   7    6    0    2   -2   -0.000594
   7    6    2    0    0    0.000473
   7    6    2    1    0    0.000473
   7    8    0   -2   -1    0.000494
   7    8    0   -2    0    0.000494
   7    8    2    0   -2   -0.000593
   7    8    2    0    1   -0.000593
   7    5   -1    0   -3    0.000516
   7    5    0    0   -3    0.000516
   7    5    2   -1    0    0.000094
   7    8    1    1    2    0.000157
   7    6   -1   -2   -1    0.000088
   7    8    1    1   -3    0.000157
   7    5   -3   -1    0    0.000094
   7    6   -1    3   -1    0.000088
   7    5    2    0    1   -0.000416
   7    8    0    2    2   -0.000392
   7    5   -3    0    1   -0.000416
   7    6   -2   -2    0   -0.000452
   7    6   -2    3    0   -0.000452
   7    8    0    2   -3   -0.000392
   7    5   -2    1    2   -0.000689
   7    5    1    1    2   -0.000689
   7    6   -1    0    3   -0.000274
   7    6   -1    1    3   -0.000274
   7    8   -3    1   -1   -0.000284
   7    8   -3    1    0   -0.000284
   7    8   -1    3    1   -0.000728
   7    5   -1    3    0   -0.000238
   7    5    0    3    0   -0.000239
   7    6   -3   -1    1   -0.000710
   7    6   -3    2    1   -0.000710
   7    8   -1    3   -2   -0.000729
   7    7   -2   -2    0    0.000849
   7    7   -2    0   -2    0.000840
   7    7   -2    0    2    0.000263
   7    7   -2    2    0    0.000259
   7    7    0   -2   -2    0.000255
   7    7    0   -2    2    0.000880
   7    7    0    2   -2    0.000880
   7    7    0    2    2    0.000255
   7    7    2   -2    0    0.000259
   7    7    2    0   -2    0.000263
   7    7    2    0    2    0.000840
   7    7    2    2    0    0.000849
   7    5   -1   -2   -2   -0.000392
   7    5    0   -2   -2   -0.000392
   7    6    1    0   -2   -0.000410
   7    6    1    1   -2   -0.000410
   7    8    2   -1   -1   -0.000403
   7    8    2   -1    0   -0.000403
   7    5    2   -1   -1   -0.000003
   7    8    1    0    2    0.000039
   7    5   -3   -1   -1   -0.000003
   7    5   -1    1   -3    0.000666
   7    5    0    1   -3    0.000666
   7    6    0   -2   -1   -0.000008
   7    6    0    3   -1   -0.000008
   7    6    2    0    1    0.000639
   7    6    2    1    1    0.000639
   7    8   -1   -2   -1    0.000666
   7    8   -1   -2    0    0.000666
   7    8    1    0   -3    0.000039
   7    6    1   -1    2   -0.000197
   7    8   -2   -1    1   -0.000168
   7    5   -2    2   -2   -0.000183
   7    5    1    2   -2   -0.000183
   7    6    1    2    2   -0.000197
   7    8   -2   -1   -2   -0.000168
   7    5    2    1    1   -0.000123
   7    8   -1    2    2   -0.000131
   7    6   -2   -2    1   -0.000143
   7    6    0    0    3    0.000934
   7    6    0    1    3    0.000934
   7    8   -3    0   -1    0.000947
   7    8   -3    0    0    0.000947
   7    5   -3    1    1   -0.000123
   7    5   -1    3   -1    0.000993
   7    5    0    3   -1    0.000993
   7    6   -2    3    1   -0.000143
   7    8   -1    2   -3   -0.000131
   7    5   -1    2    2   -0.000220
   7    5    0    2    2   -0.000220
   7    6   -3    0    2   -0.000235
   7    6   -3    1    2   -0.000235
   7    8   -2    3   -1   -0.000224
   7    8   -2    3    0   -0.000224
   7    6   -2   -1   -2   -0.000315
   7    5   -2   -2    1   -0.000321
   7    5    1   -2    1   -0.000321
   7    6   -2    2   -2   -0.000315
   7    8    2    2   -2   -0.000292
   7    8    2    2    1   -0.000292
   7    5   -2   -1    2   -0.000769
   7    5    1   -1    2   -0.000769
   7    6   -3   -1   -1   -0.000781
   7    6   -3    2   -1   -0.000781
   7    8    1    3   -2   -0.000788
   7    8    1    3    1   -0.000788
   7    7   -2   -2   -1    0.000343
   7    7   -2   -2    1    0.000321
   7    7   -2   -1   -2    0.000378
   7    7   -2   -1    2    0.000691
   7    7   -2    1   -2    0.000316
   7    7   -2    1    2    0.000331
   7    7   -2    2   -1    0.000664
   7    7   -2    2    1    0.000347
   7    7   -1   -2   -2    0.000666
   7    7   -1   -2    2    0.000282
   7    7   -1    2   -2    0.000362
   7    7   -1    2    2    0.000344
   7    7    1   -2   -2    0.000344
   7    7    1   -2    2    0.000362
   7    7    1    2   -2    0.000282
   7    7    1    2    2    0.000666
   7    7    2   -2   -1    0.000347
   7    7    2   -2    1    0.000664
   7    7    2   -1   -2    0.000331
   7    7    2   -1    2    0.000316
   7    7    2    1   -2    0.000691
   7    7    2    1    2    0.000378
   7    7    2    2   -1    0.000321
   7    7    2    2    1    0.000343
   7    7   -3    0    0    0.000320
   7    7    0   -3    0    0.000324
   7    7    0    0   -3    0.000312
   7    7    0    0    3    0.000312
   7    7    0    3    0    0.000324
   7    7    3    0    0    0.000320
   8    5    0   -1    0    0.423788
   8    5    0    0    0    0.423787
   8    6   -1    0    1    0.428185
   8    6    0    0    1    0.428185
   8    7    0   -1    0    0.425892
   8    7    0   -1    1    0.425905
   8    5   -1   -1    0   -0.062979
   8    5   -1    0    0   -0.062979
   8    6   -1    0    0   -0.063869
   8    6    0    0    0   -0.063866
   8    7    0    0    0   -0.063286
   8    7    0    0    1   -0.063288
   8    5    0   -1    1   -0.082196
   8    5    0    0    1   -0.082195
   8    6   -1   -1    1   -0.083511
   8    6    0   -1    1   -0.083505
   8    7    1   -1    0   -0.081301
   8    7    1   -1    1   -0.081303
   8    8   -1    0    0    0.088285
   8    8    0   -1    0    0.085932
   8    8    0    0   -1    0.087436
   8    8    0    0    1    0.087436
   8    8    0    1    0    0.085932
   8    8    1    0    0    0.088285
   8    5   -1   -1    1    0.027637
   8    5   -1    0    1    0.027638
   8    6   -1   -1    0    0.026198
   8    6    0   -1    0    0.026205
   8    7    1    0    0    0.026934
   8    7    1    0    1    0.026930
   8    5    0   -1   -1    0.038601
   8    5    0    0   -1    0.038602
   8    6   -1    1    1    0.038780
   8    6    0    1    1    0.038784
   8    7   -1   -1    0    0.038381
   8    7   -1   -1    1    0.038378
   8    5    1   -1    0    0.027906
   8    5    1    0    0    0.027907
   8    6   -1    0    2    0.028692
   8    6    0    0    2    0.028696
   8    7    0   -2    0    0.028385
   8    7    0   -2    1    0.028385
   8    8   -1   -1    0    0.014998
   8    8   -1    0   -1   -0.005590
   8    8   -1    0    1    0.015175
   8    8   -1    1    0   -0.005647
   8    8    0   -1   -1    0.014877
   8    8    0   -1    1   -0.005160
   8    8    0    1   -1   -0.005160
   8    8    0    1    1    0.014877
   8    8    1   -1    0   -0.005647
   8    8    1    0   -1    0.015175
   8    8    1    0    1   -0.005590
   8    8    1    1    0    0.014998
   8    5   -1   -1   -1   -0.015249
   8    5   -1    0   -1   -0.015249
   8    6   -1    1    0   -0.015423
   8    6    0    1    0   -0.015426
   8    7   -1    0    0   -0.015798
   8    7   -1    0    1   -0.015798
   8    5    0   -2    0    0.028509
   8    5    0    1    0    0.028509
   8    6   -2    0    1    0.028355
   8    6    1    0    1    0.028352
   8    7    0   -1   -1    0.028996
   8    7    0   -1    2    0.028997
   8    5    1   -1    1   -0.011677
   8    5    1    0    1   -0.011677
   8    6   -1   -1    2   -0.011908
   8    6    0   -1    2   -0.011909
   8    7    1   -2    0   -0.011880
   8    7    1   -2    1   -0.011877
   8    5   -1    1    0    0.001256
   8    6    1    0    0    0.001632
   8    7    0    0   -1    0.001375
   8    5   -1   -2    0    0.001255
   8    6   -2    0    0    0.001631
   8    7    0    0    2    0.001374
   8    5    0   -2    1   -0.007486
   8    5    0    1    1   -0.007486
   8    6    1   -1    1   -0.007767
   8    7    1   -1   -1   -0.007863
   8    6   -2   -1    1   -0.007768
   8    7    1   -1    2   -0.007864
   8    8   -1   -1   -1    0.009559
   8    8   -1   -1    1    0.009864
   8    8   -1    1   -1    0.000210
   8    8   -1    1    1    0.009788
   8    8    1   -1   -1    0.009788
   8    8    1   -1    1    0.000210
   8    8    1    1   -1    0.009864
   8    8    1    1    1    0.009559
   8    5   -2   -1    0    0.007840
   8    5   -2    0    0    0.007840
   8    6   -1    0   -1    0.007820
   8    6    0    0   -1    0.007819
   8    7    0    1    0    0.007902
   8    7    0    1    1    0.007902
   8    5   -1   -2    1    0.007632
   8    5   -1    1    1    0.007632
   8    5    1   -1   -1    0.001762
   8    5    1    0   -1    0.001763
   8    6   -2   -1    0    0.007826
   8    6   -1    1    2    0.001844
   8    6    0    1    2    0.001845
   8    6    1   -1    0    0.007829
   8    7   -1   -2    0    0.001838
   8    7   -1   -2    1    0.001837
   8    7    1    0   -1    0.007449
   8    7    1    0    2    0.007446
   8    5    0   -1    2    0.000791
   8    5    0    0    2    0.000791
   8    6   -1   -2    1    0.001044
   8    6    0   -2    1    0.001044
   8    7    2   -1    0    0.000734
   8    7    2   -1    1    0.000734
   8    5   -2   -1    1   -0.000221
   8    5   -2    0    1   -0.000220
   8    5    0   -2   -1   -0.000106
   8    5    0    1   -1   -0.000106
   8    6   -2    1    1   -0.000175
   8    6   -1   -1   -1   -0.000232
   8    6    0   -1   -1   -0.000231
   8    6    1    1    1   -0.000173
   8    7   -1   -1   -1   -0.000196
   8    7   -1   -1    2   -0.000196
   8    7    1    1    0   -0.000225
   8    7    1    1    1   -0.000227
   8    5   -1   -1    2    0.000619
   8    5   -1    0    2    0.000620
   8    5    1   -2    0    0.003970
   8    5    1    1    0    0.003970
   8    6   -2    0    2    0.004006
   8    6   -1   -2    0    0.000868
   8    6    0   -2    0    0.000872
   8    6    1    0    2    0.004006
   8    7    0   -2   -1    0.003994
   8    7    0   -2    2    0.003992
   8    7    2    0    0    0.000778
   8    7    2    0    1    0.000775
   8    8   -2    0    0    0.000808
   8    8    0   -2    0    0.000667
   8    8    0    0   -2    0.000621
   8    8    0    0    2    0.000621
   8    8    0    2    0    0.000667
   8    8    2    0    0    0.000808
   8    5   -1   -2   -1   -0.003003
   8    5   -1    1   -1   -0.003003
   8    6   -2    1    0   -0.002875
   8    6    1    1    0   -0.002875
   8    7   -1    0   -1   -0.002955
   8    7   -1    0    2   -0.002955
   8    5    1   -2    1   -0.006269
   8    5    1    1    1   -0.006270
   8    6    1   -1    2   -0.006324
   8    6   -2   -1    2   -0.006323
   8    7    1   -2   -1   -0.006442
   8    7    1   -2    2   -0.006441
   8    5   -2   -1   -1   -0.000165
   8    5   -2    0   -1   -0.000165
   8    6   -1    1   -1   -0.000211
   8    6    0    1   -1   -0.000211
   8    7   -1    1    0   -0.000118
   8    7   -1    1    1   -0.000118
   8    5    1   -1    2   -0.000046
   8    5    1    0    2   -0.000046
   8    6   -1   -2    2    0.000090
   8    6    0   -2    2    0.000090
   8    7    2   -2    0   -0.000013
   8    7    2   -2    1   -0.000013
   8    8   -2   -1    0   -0.000403
   8    8   -2    0   -1   -0.001651
   8    8   -2    0    1   -0.001784
   8    8   -2    1    0   -0.002447
   8    8   -1   -2    0   -0.001896
   8    8   -1    0   -2   -0.002492
   8    8   -1    0    2   -0.000369
   8    8   -1    2    0   -0.001553
   8    8    0   -2   -1   -0.000310
   8    8    0   -2    1   -0.002460
   8    8    0   -1   -2   -0.001734
   8    8    0   -1    2   -0.001574
   8    8    0    1   -2   -0.001574
   8    8    0    1    2   -0.001734
   8    8    0    2   -1   -0.002460
   8    8    0    2    1   -0.000310
   8    8    1   -2    0   -0.001553
   8    8    1    0   -2   -0.000369
   8    8    1    0    2   -0.002492
   8    8    1    2    0   -0.001896
   8    8    2   -1    0   -0.002447
   8    8    2    0   -1   -0.001784
   8    8    2    0    1   -0.001651
   8    8    2    1    0   -0.000403
   8    5   -2   -2    0    0.000309
   8    5   -2    1    0    0.000309
   8    5    0   -1   -2   -0.003115
   8    5    0    0   -2   -0.003115
   8    6   -2    0   -1    0.000259
   8    6   -1    2    1   -0.003213
   8    6    0    2    1   -0.003212
   8    6    1    0   -1    0.000258
   8    7   -2   -1    0   -0.003155
   8    7   -2   -1    1   -0.003155
   8    7    0    1   -1    0.000240
   8    7    0    1    2    0.000241
   8    5    1   -2   -1    0.004078
   8    5    1    1   -1    0.004078
   8    6   -2    1    2    0.004123
   8    6    1    1    2    0.004124
   8    7   -1   -2   -1    0.004066
   8    7   -1   -2    2    0.004065
   8    5    0   -2    2   -0.000156
   8    5    0    1    2   -0.000156
   8    5    2   -1    0   -0.001198
   8    5    2    0    0   -0.001197
   8    6   -2   -2    1   -0.000108
   8    6   -1    0    3   -0.001104
   8    6    0    0    3   -0.001103
   8    6    1   -2    1   -0.000109
   8    7    2   -1   -1   -0.000114
   8    7    2   -1    2   -0.000114
   8    7    0   -3    0   -0.001223
   8    7    0   -3    1   -0.001224
   8    5   -1   -1   -2   -0.001101
   8    5   -1    0   -2   -0.001101
   8    6   -1    2    0   -0.001155
   8    6    0    2    0   -0.001155
   8    7   -2    0    0   -0.001157
   8    7   -2    0    1   -0.001156
   8    5   -2   -2    1    0.002415
   8    5   -2    1    1    0.002415
   8    6   -2   -1   -1    0.002454
   8    6    1   -1   -1    0.002454
   8    7    1    1   -1    0.002378
   8    7    1    1    2    0.002377
   8    5   -1   -2    2    0.001138
   8    5   -1    1    2    0.001138
   8    6    1   -2    0    0.001219
   8    7    2    0   -1    0.001175
   8    7    2    0    2    0.001176
   8    6   -2   -2    0    0.001219
   8    5    2   -1    1   -0.000084
   8    5    2    0    1   -0.000084
   8    6   -1   -1    3   -0.000044
   8    6    0   -1    3   -0.000044
   8    7    1   -3    0   -0.000082
   8    7    1   -3    1   -0.000082
   8    8   -2   -1   -1    0.000052
   8    8   -2   -1    1   -0.002811
   8    8   -2    1   -1    0.002041
   8    8   -2    1    1   -0.001183
   8    8   -1   -2   -1   -0.002758
   8    8   -1   -2    1   -0.001236
   8    8   -1   -1   -2   -0.001322
   8    8   -1   -1    2   -0.000015
   8    8   -1    1   -2    0.002063
   8    8   -1    1    2   -0.002756
   8    8   -1    2   -1    0.002039
   8    8   -1    2    1   -0.000105
   8    8    1   -2   -1   -0.000105
   8    8    1   -2    1    0.002039
   8    8    1   -1   -2   -0.002756
   8    8    1   -1    2    0.002063
   8    8    1    1   -2   -0.000015
   8    8    1    1    2   -0.001322
   8    8    1    2   -1   -0.001236
   8    8    1    2    1   -0.002758
   8    8    2   -1   -1   -0.001183
   8    8    2   -1    1    0.002041
   8    8    2    1   -1   -0.002811
   8    8    2    1    1    0.000052
   8    7    0   -1   -2   -0.000537
   8    5   -2   -1    2    0.001510
   8    5   -2    0    2    0.001510
   8    5    0   -3    0   -0.000513
   8    5    0    2    0   -0.000513
   8    6   -3    0    1   -0.000548
   8    6   -1   -2   -1    0.001599
   8    6    0   -2   -1    0.001600
   8    6    2    0    1   -0.000548
   8    7    0   -1    3   -0.000537
   8    7    2    1    0    0.001542
   8    7    2    1    1    0.001542
   8    5   -2   -2   -1    0.000479
   8    5   -2    1   -1    0.000479
   8    6   -2    1   -1    0.000444
   8    6    1    1   -1    0.000444
   8    7   -1    1   -1    0.000468
   8    7   -1    1    2    0.000468
   8    5    1   -1   -2   -0.000266
   8    5    1    0   -2   -0.000266
   8    6    2    0    0   -0.001484
   8    7    0    0   -2   -0.001431
   8    5   -1    2    0   -0.001415
   8    6   -3    0    0   -0.001484
   8    6   -1    2    2   -0.000305
   8    6    0    2    2   -0.000305
   8    7   -2   -2    0   -0.000300
   8    7   -2   -2    1   -0.000300
   8    7    0    0    3   -0.001430
   8    5   -1   -3    0   -0.001415
   8    5    2   -1   -1   -0.000925
   8    5    2    0   -1   -0.000925
   8    6    2   -1    1   -0.001090
   8    7    1   -1   -2   -0.001054
   8    5    0   -3    1   -0.001061
   8    5    0    2    1   -0.001061
   8    6   -3   -1    1   -0.001090
   8    6   -1    1    3   -0.000922
   8    6    0    1    3   -0.000922
   8    7   -1   -3    0   -0.000962
   8    7   -1   -3    1   -0.000962
   8    7    1   -1    3   -0.001054
   8    5    1   -2    2   -0.000560
   8    5    1    1    2   -0.000560
   8    6   -2   -2    2   -0.000578
   8    6    1   -2    2   -0.000577
   8    7    2   -2   -1   -0.000549
   8    7    2   -2    2   -0.000550
   8    5    0    1   -2    0.000196
   8    5    0   -2   -2    0.000196
   8    6   -2    2    1    0.000165
   8    6    1    2    1    0.000165
   8    7   -2   -1   -1    0.000205
   8    7   -2   -1    2    0.000205
   8    5   -1    2    1    0.000018
   8    6    2   -1    0    0.000030
   8    7    1    0   -2    0.000071
   8    5   -1   -3    1    0.000018
   8    6   -3   -1    0    0.000031
   8    7    1    0    3    0.000071
   8    5    2    1    0   -0.000707
   8    5    2   -2    0   -0.000707
   8    6   -2    0    3   -0.000707
   8    6    1    0    3   -0.000707
   8    7    0   -3   -1   -0.000707
   8    7    0   -3    2   -0.000707
   8    5   -1   -2   -2   -0.000594
   8    5   -1    1   -2   -0.000593
   8    6   -2    2    0   -0.000635
   8    6   -1    0   -2    0.000516
   8    6    0    0   -2    0.000515
   8    6    1    2    0   -0.000635
   8    7   -2    0   -1   -0.000593
   8    7   -2    0    2   -0.000593
   8    7    0    2    0    0.000494
   8    7    0    2    1    0.000494
   8    5   -3   -1    0    0.000473
   8    5   -3    0    0    0.000473
   8    5    0    2   -1    0.000088
   8    6    2    1    1    0.000094
   8    7   -1   -1   -2    0.000157
   8    5    0   -3   -1    0.000088
   8    6   -3    1    1    0.000094
   8    7   -1   -1    3    0.000157
   8    6    2    0    2   -0.000416
   8    7    0   -2   -2   -0.000392
   8    5    1    2    0   -0.000452
   8    6   -3    0    2   -0.000416
   8    5    1   -3    0   -0.000452
   8    7    0   -2    3   -0.000392
   8    5    0   -1    3   -0.000274
   8    5    0    0    3   -0.000274
   8    5    2   -2    1   -0.000710
   8    5    2    1    1   -0.000710
   8    6    1   -1    3   -0.000689
   8    7    1   -3   -1   -0.000728
   8    7    3   -1    0   -0.000284
   8    7    3   -1    1   -0.000284
   8    6   -2   -1    3   -0.000689
   8    6   -1   -3    1   -0.000238
   8    6    0   -3    1   -0.000239
   8    7    1   -3    2   -0.000729
   8    8   -2   -2    0    0.000849
   8    8   -2    0   -2    0.000263
   8    8   -2    0    2    0.000840
   8    8   -2    2    0    0.000260
   8    8    0   -2   -2    0.000880
   8    8    0   -2    2    0.000256
   8    8    0    2   -2    0.000256
   8    8    0    2    2    0.000880
   8    8    2   -2    0    0.000260
   8    8    2    0   -2    0.000840
   8    8    2    0    2    0.000263
   8    8    2    2    0    0.000849
   8    5   -2   -1   -2   -0.000411
   8    5   -2    0   -2   -0.000411
   8    6   -1    2   -1   -0.000392
   8    6    0    2   -1   -0.000392
   8    7   -2    1    0   -0.000403
   8    7   -2    1    1   -0.000403
   8    5   -1    2   -1   -0.000008
   8    6   -1   -1   -2    0.000666
   8    6    0   -1   -2    0.000666
   8    6    2    1    0   -0.000003
   8    7   -1    0   -2    0.000039
   8    5   -3   -1    1    0.000639
   8    5   -3    0    1    0.000639
   8    5   -1   -3   -1   -0.000008
   8    6   -3    1    0   -0.000003
   8    7   -1    0    3    0.000039
   8    7    1    2    0    0.000666
   8    7    1    2    1    0.000666
   8    6    1   -2   -1   -0.000183
   8    7    2    1   -1   -0.000168
   8    5   -2   -2    2   -0.000197
   8    5   -2    1    2   -0.000197
   8    6   -2   -2   -1   -0.000183
   8    7    2    1    2   -0.000168
   8    6    2   -1    2   -0.000123
   8    5   -1   -1    3    0.000934
   8    5   -1    0    3    0.000934
   8    5    1    2    1   -0.000143
   8    7    1   -2   -2   -0.000131
   8    7    3    0    0    0.000947
   8    7    3    0    1    0.000947
   8    5    1   -3    1   -0.000143
   8    6   -3   -1    2   -0.000123
   8    6   -1   -3    0    0.000993
   8    6    0   -3    0    0.000993
   8    7    1   -2    3   -0.000131
   8    5    2   -1    2   -0.000235
   8    5    2    0    2   -0.000235
   8    6   -1   -2    3   -0.000220
   8    6    0   -2    3   -0.000220
   8    7    2   -3    0   -0.000224
   8    7    2   -3    1   -0.000224
   8    5    1   -2   -2   -0.000315
   8    5    1    1   -2   -0.000315
   8    6   -2    2    2   -0.000321
   8    6    1    2    2   -0.000321
   8    7   -2   -2   -1   -0.000292
   8    7   -2   -2    2   -0.000292
   8    5    2   -2   -1   -0.000781
   8    5    2    1   -1   -0.000781
   8    6   -2    1    3   -0.000769
   8    6    1    1    3   -0.000769
   8    7   -1   -3   -1   -0.000788
   8    7   -1   -3    2   -0.000788
   8    8   -2   -2   -1    0.000321
   8    8   -2   -2    1    0.000343
   8    8   -2   -1   -2    0.000691
   8    8   -2   -1    2    0.000378
   8    8   -2    1   -2    0.000331
   8    8   -2    1    2    0.000317
   8    8   -2    2   -1    0.000347
   8    8   -2    2    1    0.000664
   8    8   -1   -2   -2    0.000282
   8    8   -1   -2    2    0.000666
   8    8   -1    2   -2    0.000343
   8    8   -1    2    2    0.000362
   8    8    1   -2   -2    0.000362
   8    8    1   -2    2    0.000343
   8    8    1    2   -2    0.000666
   8    8    1    2    2    0.000282
   8    8    2   -2   -1    0.000664
   8    8    2   -2    1    0.000347
   8    8    2   -1   -2    0.000317
   8    8    2   -1    2    0.000331
   8    8    2    1   -2    0.000378
   8    8    2    1    2    0.000691
   8    8    2    2   -1    0.000343
   8    8    2    2    1    0.000321
   8    8   -3    0    0    0.000320
   8    8    0   -3    0    0.000324
   8    8    0    0   -3    0.000312
   8    8    0    0    3    0.000312
   8    8    0    3    0    0.000324
   8    8    3    0    0    0.000320
