# ACE/gr parameter file
#
@    version 50122
@    world xmin 0.25
@    world xmax 0.75
@    title font 5
@    xaxis  tick major 0.1
@    xaxis  tick minor 0.02
@    xaxis  label "(r-r\s1\N)/d"
@    xaxis  label font 5
@    xaxis  label char size 1.2
@    xaxis  ticklabel font 4
@    xaxis  ticklabel char size 1
@    yaxis  tick major .1
@    yaxis  tick minor .02
@    yaxis  label font 4
@    yaxis  label char size 1.2
@    yaxis  ticklabel font 5
@    yaxis  ticklabel char size 1
@    title "density between neighbors"
@    yaxis  label "n(r) (electrons/bohr\S3\N)"
@    world ymin .0
@    world ymax .2
@    yaxis  tick major .05
@    yaxis  tick minor 0.01
@ s0 color  1
@ s0 linestyle  1
@ legend string 0 "(1)-(2)"
@target s0
@type xy
  .1000000000  .0005173018
  .1050000000  .0002230601
  .1100000000  .0000504792
  .1150000000 -.0000180571
  .1200000000 -.0000011119
  .1250000000  .0000858506
  .1300000000  .0002175824
  .1350000000  .0003833600
  .1400000000  .0005660765
  .1450000000  .0007571018
  .1500000000  .0009461718
  .1550000000  .0011270335
  .1600000000  .0012945911
  .1650000000  .0014461766
  .1700000000  .0015798226
  .1750000000  .0016939847
  .1800000000  .0017872347
  .1850000000  .0018614061
  .1900000000  .0019172563
  .1950000000  .0019558699
  .2000000000  .0019785654
  .2050000000  .0019868097
  .2100000000  .0019821441
  .2150000000  .0019661222
  .2200000000  .0019402593
  .2250000000  .0019059937
  .2300000000  .0018643162
  .2350000000  .0018160714
  .2400000000  .0017632737
  .2450000000  .0017069393
  .2500000000  .0016479378
  .2550000000  .0015870000
  .2600000000  .0015243129
  .2650000000  .0014608600
  .2700000000  .0013974141
  .2750000000  .0013342698
  .2800000000  .0012716195
  .2850000000  .0012100031
  .2900000000  .0011495943
  .2950000000  .0010905262
  .3000000000  .0010332785
  .3050000000  .0009775997
  .3100000000  .0009236432
  .3150000000  .0008719347
  .3200000000  .0008218011
  .3250000000  .0007737932
  .3300000000  .0007278613
  .3350000000  .0006833185
  .3400000000  .0006415522
  .3450000000  .0006010792
  .3500000000  .0005626914
  .3550000000  .0005261094
  .3600000000  .0004909755
  .3650000000  .0004580441
  .3700000000  .0004260161
  .3750000000  .0003964565
  .3800000000  .0003675489
  .3850000000  .0003408842
  .3900000000  .0003148879
  .3950000000  .0002908498
  .4000000000  .0002674758
  .4050000000  .0002458774
  .4100000000  .0002248485
  .4150000000  .0002055054
  .4200000000  .0001865621
  .4250000000  .0001692957
  .4300000000  .0001522312
  .4350000000  .0001368394
  .4400000000  .0001216544
  .4450000000  .0001077607
  .4500000000  .0000942977
  .4550000000  .0000817186
  .4600000000  .0000698310
  .4650000000  .0000584062
  .4700000000  .0000479600
  .4750000000  .0000376245
  .4800000000  .0000261437
  .4850000000  .0000172301
  .4900000000  .0000089241
  .4950000000  .0000011999
  .5000000000 -.0000059666
  .5050000000 -.0000125982
  .5100000000 -.0000187155
  .5150000000 -.0000243379
  .5200000000 -.0000294826
  .5250000000 -.0000368507
  .5300000000 -.0000404644
  .5350000000 -.0000441167
  .5400000000 -.0000471265
  .5450000000 -.0000499030
  .5500000000 -.0000523307
  .5550000000 -.0000542819
  .5600000000 -.0000560903
  .5650000000 -.0000572490
  .5700000000 -.0000584046
  .5750000000 -.0000587876
  .5800000000 -.0000591751
  .5850000000 -.0000588655
  .5900000000 -.0000584709
  .5950000000 -.0000574331
  .6000000000 -.0000562465
  .6050000000 -.0000544220
  .6100000000 -.0000524226
  .6150000000 -.0000497452
  .6200000000 -.0000469028
  .6250000000 -.0000432974
  .6300000000 -.0000395429
  .6350000000 -.0000349575
  .6400000000 -.0000301353
  .6450000000 -.0000245909
  .6500000000 -.0000186081
  .6550000000 -.0000120545
  .6600000000 -.0000048157
  .6650000000  .0000027985
  .6700000000  .0000113863
  .6750000000  .0000204028
  .6800000000  .0000301322
  .6850000000  .0000406327
  .6900000000  .0000516619
  .6950000000  .0000635736
  .7000000000  .0000761672
  .7050000000  .0000893626
  .7100000000  .0001034241
  .7150000000  .0001181568
  .7200000000  .0001334987
  .7250000000  .0001495314
  .7300000000  .0001662077
  .7350000000  .0001833838
  .7400000000  .0002010280
  .7450000000  .0002190713
  .7500000000  .0002373422
  .7550000000  .0002557207
  .7600000000  .0002740672
  .7650000000  .0002922060
  .7700000000  .0003099217
  .7750000000  .0003268072
  .7800000000  .0003426146
  .7850000000  .0003570771
  .7900000000  .0003698343
  .7950000000  .0003804909
  .8000000000  .0003886237
  .8050000000  .0003937911
  .8100000000  .0003955455
  .8150000000  .0003934504
  .8200000000  .0003870990
  .8250000000  .0003761364
  .8300000000  .0003598477
  .8350000000  .0003383470
  .8400000000  .0003117594
  .8450000000  .0002802791
  .8500000000  .0002440976
  .8550000000  .0002039997
  .8600000000  .0001613675
  .8650000000  .0001178916
  .8700000000  .0000756138
  .8750000000  .0000379736
  .8800000000  .0000076192
  .8850000000 -.0000099638
  .8900000000 -.0000108637
  .8950000000  .0000095022
&
@ s1 color  1
@ s1 linestyle  1
@target s1
@type xy
  .4753377083 -10.000
  .4753377083  10.000
  .5246622916  10.000
  .5246622916 -10.000
&
@ s2 color  2
@ s2 linestyle  1
@ legend string 2 "(2)-(1)"
@target s2
@type xy
  .1000000000  .0000556688
  .1050000000  .0000095022
  .1100000000 -.0000108637
  .1150000000 -.0000099638
  .1200000000  .0000076192
  .1250000000  .0000379736
  .1300000000  .0000756138
  .1350000000  .0001178916
  .1400000000  .0001613675
  .1450000000  .0002039997
  .1500000000  .0002440976
  .1550000000  .0002802791
  .1600000000  .0003117594
  .1650000000  .0003383470
  .1700000000  .0003598477
  .1750000000  .0003761364
  .1800000000  .0003870990
  .1850000000  .0003934504
  .1900000000  .0003955455
  .1950000000  .0003937911
  .2000000000  .0003886237
  .2050000000  .0003804909
  .2100000000  .0003698343
  .2150000000  .0003570771
  .2200000000  .0003426146
  .2250000000  .0003268072
  .2300000000  .0003099217
  .2350000000  .0002922060
  .2400000000  .0002740672
  .2450000000  .0002557207
  .2500000000  .0002373422
  .2550000000  .0002190713
  .2600000000  .0002010280
  .2650000000  .0001833838
  .2700000000  .0001662077
  .2750000000  .0001495314
  .2800000000  .0001334987
  .2850000000  .0001181568
  .2900000000  .0001034241
  .2950000000  .0000893626
  .3000000000  .0000761672
  .3050000000  .0000635736
  .3100000000  .0000516619
  .3150000000  .0000406327
  .3200000000  .0000301322
  .3250000000  .0000204028
  .3300000000  .0000113863
  .3350000000  .0000027985
  .3400000000 -.0000048157
  .3450000000 -.0000120545
  .3500000000 -.0000186081
  .3550000000 -.0000245909
  .3600000000 -.0000301353
  .3650000000 -.0000349575
  .3700000000 -.0000395429
  .3750000000 -.0000432974
  .3800000000 -.0000469028
  .3850000000 -.0000497452
  .3900000000 -.0000524226
  .3950000000 -.0000544220
  .4000000000 -.0000562465
  .4050000000 -.0000574331
  .4100000000 -.0000584709
  .4150000000 -.0000588655
  .4200000000 -.0000591751
  .4250000000 -.0000587876
  .4300000000 -.0000584046
  .4350000000 -.0000572490
  .4400000000 -.0000560903
  .4450000000 -.0000542819
  .4500000000 -.0000523307
  .4550000000 -.0000499030
  .4600000000 -.0000471265
  .4650000000 -.0000441167
  .4700000000 -.0000404644
  .4750000000 -.0000368507
  .4800000000 -.0000294826
  .4850000000 -.0000243379
  .4900000000 -.0000187155
  .4950000000 -.0000125982
  .5000000000 -.0000059666
  .5050000000  .0000011999
  .5100000000  .0000089241
  .5150000000  .0000172301
  .5200000000  .0000261437
  .5250000000  .0000376245
  .5300000000  .0000479600
  .5350000000  .0000584062
  .5400000000  .0000698310
  .5450000000  .0000817186
  .5500000000  .0000942977
  .5550000000  .0001077607
  .5600000000  .0001216544
  .5650000000  .0001368394
  .5700000000  .0001522312
  .5750000000  .0001692957
  .5800000000  .0001865621
  .5850000000  .0002055054
  .5900000000  .0002248485
  .5950000000  .0002458774
  .6000000000  .0002674758
  .6050000000  .0002908498
  .6100000000  .0003148879
  .6150000000  .0003408842
  .6200000000  .0003675489
  .6250000000  .0003964565
  .6300000000  .0004260161
  .6350000000  .0004580441
  .6400000000  .0004909755
  .6450000000  .0005261094
  .6500000000  .0005626914
  .6550000000  .0006010792
  .6600000000  .0006415522
  .6650000000  .0006833185
  .6700000000  .0007278613
  .6750000000  .0007737932
  .6800000000  .0008218011
  .6850000000  .0008719347
  .6900000000  .0009236432
  .6950000000  .0009775997
  .7000000000  .0010332785
  .7050000000  .0010905262
  .7100000000  .0011495943
  .7150000000  .0012100031
  .7200000000  .0012716195
  .7250000000  .0013342698
  .7300000000  .0013974141
  .7350000000  .0014608600
  .7400000000  .0015243129
  .7450000000  .0015870000
  .7500000000  .0016479378
  .7550000000  .0017069393
  .7600000000  .0017632737
  .7650000000  .0018160714
  .7700000000  .0018643162
  .7750000000  .0019059937
  .7800000000  .0019402593
  .7850000000  .0019661222
  .7900000000  .0019821441
  .7950000000  .0019868097
  .8000000000  .0019785654
  .8050000000  .0019558699
  .8100000000  .0019172563
  .8150000000  .0018614061
  .8200000000  .0017872347
  .8250000000  .0016939847
  .8300000000  .0015798226
  .8350000000  .0014461766
  .8400000000  .0012945911
  .8450000000  .0011270335
  .8500000000  .0009461718
  .8550000000  .0007571018
  .8600000000  .0005660765
  .8650000000  .0003833600
  .8700000000  .0002175824
  .8750000000  .0000858506
  .8800000000 -.0000011119
  .8850000000 -.0000180571
  .8900000000  .0000504792
  .8950000000  .0002230601
&
@ s3 color  2
@ s3 linestyle  1
@target s3
@type xy
  .4753377083 -10.000
  .4753377083  10.000
  .5246622916  10.000
  .5246622916 -10.000
&
@ s4 color  3
@ s4 linestyle  1
@ legend string 4 "(3)-(3)"
@target s4
@type xy
  .1000000000  .0000355719
  .1050000000  .0000126488
  .1100000000 -.0000012945
  .1150000000 -.0000074562
  .1200000000 -.0000072572
  .1250000000 -.0000019090
  .1300000000  .0000074540
  .1350000000  .0000192825
  .1400000000  .0000329710
  .1450000000  .0000473661
  .1500000000  .0000619013
  .1550000000  .0000760129
  .1600000000  .0000893066
  .1650000000  .0001015134
  .1700000000  .0001122862
  .1750000000  .0001216167
  .1800000000  .0001294593
  .1850000000  .0001358065
  .1900000000  .0001406905
  .1950000000  .0001441750
  .2000000000  .0001463480
  .2050000000  .0001473146
  .2100000000  .0001471906
  .2150000000  .0001460966
  .2200000000  .0001441539
  .2250000000  .0001414798
  .2300000000  .0001381852
  .2350000000  .0001343725
  .2400000000  .0001301183
  .2450000000  .0001254452
  .2500000000  .0001205278
  .2550000000  .0001154313
  .2600000000  .0001102100
  .2650000000  .0001048934
  .2700000000  .0000995148
  .2750000000  .0000941600
  .2800000000  .0000888488
  .2850000000  .0000835973
  .2900000000  .0000784467
  .2950000000  .0000734065
  .3000000000  .0000684900
  .3050000000  .0000637383
  .3100000000  .0000591214
  .3150000000  .0000546656
  .3200000000  .0000503994
  .3250000000  .0000462647
  .3300000000  .0000423385
  .3350000000  .0000385709
  .3400000000  .0000349482
  .3450000000  .0000315450
  .3500000000  .0000282457
  .3550000000  .0000251719
  .3600000000  .0000222124
  .3650000000  .0000194265
  .3700000000  .0000167873
  .3750000000  .0000142778
  .3800000000  .0000119365
  .3850000000  .0000096906
  .3900000000  .0000076235
  .3950000000  .0000056279
  .4000000000  .0000038113
  .4050000000  .0000020527
  .4100000000  .0000004636
  .4150000000 -.0000010710
  .4200000000 -.0000024542
  .4250000000 -.0000037774
  .4300000000 -.0000049747
  .4350000000 -.0000060976
  .4400000000 -.0000071275
  .4450000000 -.0000080605
  .4500000000 -.0000089397
  .4550000000 -.0000096917
  .4600000000 -.0000104354
  .4650000000 -.0000110143
  .4700000000 -.0000115866
  .4750000000 -.0000111454
  .4800000000 -.0000115081
  .4850000000 -.0000117913
  .4900000000 -.0000119952
  .4950000000 -.0000121203
  .5000000000 -.0000121666
  .5050000000 -.0000121343
  .5100000000 -.0000120230
  .5150000000 -.0000118327
  .5200000000 -.0000115627
  .5250000000 -.0000112125
  .5300000000 -.0000116267
  .5350000000 -.0000110590
  .5400000000 -.0000104846
  .5450000000 -.0000097452
  .5500000000 -.0000089977
  .5550000000 -.0000081227
  .5600000000 -.0000071940
  .5650000000 -.0000061684
  .5700000000 -.0000050495
  .5750000000 -.0000038563
  .5800000000 -.0000025371
  .5850000000 -.0000011578
  .5900000000  .0000003731
  .5950000000  .0000019585
  .6000000000  .0000037138
  .6050000000  .0000055270
  .6100000000  .0000075197
  .6150000000  .0000095839
  .6200000000  .0000118273
  .6250000000  .0000141664
  .6300000000  .0000166741
  .6350000000  .0000193118
  .6400000000  .0000220966
  .6450000000  .0000250557
  .6500000000  .0000281295
  .6550000000  .0000314298
  .6600000000  .0000348342
  .6650000000  .0000384593
  .6700000000  .0000422301
  .6750000000  .0000461602
  .6800000000  .0000503003
  .6850000000  .0000545725
  .6900000000  .0000590360
  .6950000000  .0000636618
  .7000000000  .0000684236
  .7050000000  .0000733521
  .7100000000  .0000784059
  .7150000000  .0000835717
  .7200000000  .0000888403
  .7250000000  .0000941709
  .7300000000  .0000995469
  .7350000000  .0001049485
  .7400000000  .0001102907
  .7450000000  .0001155399
  .7500000000  .0001206661
  .7550000000  .0001256154
  .7600000000  .0001303225
  .7650000000  .0001346127
  .7700000000  .0001384631
  .7750000000  .0001417966
  .7800000000  .0001445107
  .7850000000  .0001464939
  .7900000000  .0001476283
  .7950000000  .0001477920
  .8000000000  .0001468635
  .8050000000  .0001447259
  .8100000000  .0001412731
  .8150000000  .0001364159
  .8200000000  .0001300892
  .8250000000  .0001222597
  .8300000000  .0001129333
  .8350000000  .0001021544
  .8400000000  .0000899286
  .8450000000  .0000766035
  .8500000000  .0000624479
  .8550000000  .0000478552
  .8600000000  .0000333902
  .8650000000  .0000196222
  .8700000000  .0000077077
  .8750000000 -.0000017423
  .8800000000 -.0000071703
  .8850000000 -.0000074321
  .8900000000 -.0000013051
  .8950000000  .0000126458
&
@ s5 color  3
@ s5 linestyle  1
@target s5
@type xy
  .4716605719 -10.000
  .4716605719  10.000
  .5283394280  10.000
  .5283394280 -10.000
&
@ s6 color  4
@ s6 linestyle  1
@ legend string 6 "(4)-(4)"
@target s6
@type xy
  .1000000000  .0000754632
  .1050000000  .0000311897
  .1100000000  .0000060504
  .1150000000 -.0000028520
  .1200000000  .0000012158
  .1250000000  .0000155127
  .1300000000  .0000375047
  .1350000000  .0000639831
  .1400000000  .0000935857
  .1450000000  .0001240628
  .1500000000  .0001542524
  .1550000000  .0001830681
  .1600000000  .0002098175
  .1650000000  .0002340176
  .1700000000  .0002549973
  .1750000000  .0002728528
  .1800000000  .0002875559
  .1850000000  .0002991501
  .1900000000  .0003077538
  .1950000000  .0003135432
  .2000000000  .0003167369
  .2050000000  .0003175805
  .2100000000  .0003163339
  .2150000000  .0003132601
  .2200000000  .0003086159
  .2250000000  .0003026451
  .2300000000  .0002955732
  .2350000000  .0002876047
  .2400000000  .0002788941
  .2450000000  .0002695062
  .2500000000  .0002597557
  .2550000000  .0002497626
  .2600000000  .0002396247
  .2650000000  .0002294021
  .2700000000  .0002191711
  .2750000000  .0002090589
  .2800000000  .0001990954
  .2850000000  .0001893255
  .2900000000  .0001798163
  .2950000000  .0001705599
  .3000000000  .0001615871
  .3050000000  .0001529812
  .3100000000  .0001446538
  .3150000000  .0001366640
  .3200000000  .0001290622
  .3250000000  .0001217185
  .3300000000  .0001147912
  .3350000000  .0001081688
  .3400000000  .0001018244
  .3450000000  .0000958991
  .3500000000  .0000901652
  .3550000000  .0000848538
  .3600000000  .0000797498
  .3650000000  .0000749640
  .3700000000  .0000704422
  .3750000000  .0000661534
  .3800000000  .0000621638
  .3850000000  .0000583426
  .3900000000  .0000548355
  .3950000000  .0000514529
  .4000000000  .0000483813
  .4050000000  .0000454095
  .4100000000  .0000427298
  .4150000000  .0000401431
  .4200000000  .0000378164
  .4250000000  .0000355922
  .4300000000  .0000335841
  .4350000000  .0000317032
  .4400000000  .0000299835
  .4450000000  .0000284313
  .4500000000  .0000269733
  .4550000000  .0000257399
  .4600000000  .0000245200
  .4650000000  .0000236003
  .4700000000  .0000226914
  .4750000000  .0000225142
  .4800000000  .0000218930
  .4850000000  .0000214121
  .4900000000  .0000210694
  .4950000000  .0000208635
  .5000000000  .0000207934
  .5050000000  .0000208589
  .5100000000  .0000210604
  .5150000000  .0000213990
  .5200000000  .0000218762
  .5250000000  .0000224944
  .5300000000  .0000227002
  .5350000000  .0000236149
  .5400000000  .0000245405
  .5450000000  .0000257662
  .5500000000  .0000270054
  .5550000000  .0000284691
  .5600000000  .0000300270
  .5650000000  .0000317524
  .5700000000  .0000336388
  .5750000000  .0000356525
  .5800000000  .0000378822
  .5850000000  .0000402143
  .5900000000  .0000428063
  .5950000000  .0000454912
  .6000000000  .0000484681
  .6050000000  .0000515448
  .6100000000  .0000549323
  .6150000000  .0000584441
  .6200000000  .0000622699
  .6250000000  .0000662639
  .6300000000  .0000705569
  .6350000000  .0000750826
  .6400000000  .0000798721
  .6450000000  .0000849793
  .6500000000  .0000902939
  .6550000000  .0000960303
  .6600000000  .0001019579
  .6650000000  .0001083039
  .6700000000  .0001149275
  .6750000000  .0001218554
  .6800000000  .0001291989
  .6850000000  .0001368001
  .6900000000  .0001447883
  .6950000000  .0001531132
  .7000000000  .0001617161
  .7050000000  .0001706844
  .7100000000  .0001799355
  .7150000000  .0001894383
  .7200000000  .0001992006
  .7250000000  .0002091550
  .7300000000  .0002192570
  .7350000000  .0002294765
  .7400000000  .0002396858
  .7450000000  .0002498091
  .7500000000  .0002597861
  .7550000000  .0002695190
  .7600000000  .0002788879
  .7650000000  .0002875778
  .7700000000  .0002955244
  .7750000000  .0003025732
  .7800000000  .0003085199
  .7850000000  .0003131392
  .7900000000  .0003161876
  .7950000000  .0003174086
  .8000000000  .0003165397
  .8050000000  .0003133216
  .8100000000  .0003075092
  .8150000000  .0002988848
  .8200000000  .0002872726
  .8250000000  .0002725553
  .8300000000  .0002546900
  .8350000000  .0002337058
  .8400000000  .0002095082
  .8450000000  .0001827680
  .8500000000  .0001539686
  .8550000000  .0001238032
  .8600000000  .0000933580
  .8650000000  .0000637937
  .8700000000  .0000373590
  .8750000000  .0000154130
  .8800000000  .0000011610
  .8850000000 -.0000028680
  .8900000000  .0000060615
  .8950000000  .0000312089
&
@ s7 color  4
@ s7 linestyle  1
@target s7
@type xy
  .4716605719 -10.000
  .4716605719  10.000
  .5283394280  10.000
  .5283394280 -10.000
&
@ s8 color  5
@ s8 linestyle  1
@ legend string 8 "(5)-(5)"
@target s8
@type xy
  .1000000000  .0001794241
  .1050000000  .0000637383
  .1100000000  .0000067828
  .1150000000 -.0000022048
  .1200000000  .0000255137
  .1250000000  .0000806995
  .1300000000  .0001549486
  .1350000000  .0002389028
  .1400000000  .0003279252
  .1450000000  .0004162201
  .1500000000  .0005004243
  .1550000000  .0005778272
  .1600000000  .0006471459
  .1650000000  .0007074256
  .1700000000  .0007570276
  .1750000000  .0007969077
  .1800000000  .0008273778
  .1850000000  .0008488966
  .1900000000  .0008620862
  .1950000000  .0008676820
  .2000000000  .0008664878
  .2050000000  .0008593362
  .2100000000  .0008470568
  .2150000000  .0008304492
  .2200000000  .0008102637
  .2250000000  .0007871877
  .2300000000  .0007618374
  .2350000000  .0007347540
  .2400000000  .0007063528
  .2450000000  .0006768815
  .2500000000  .0006470380
  .2550000000  .0006170985
  .2600000000  .0005872794
  .2650000000  .0005577442
  .2700000000  .0005287400
  .2750000000  .0005004239
  .2800000000  .0004728370
  .2850000000  .0004461557
  .2900000000  .0004205056
  .2950000000  .0003957455
  .3000000000  .0003719834
  .3050000000  .0003494636
  .3100000000  .0003278136
  .3150000000  .0003072328
  .3200000000  .0002878446
  .3250000000  .0002692117
  .3300000000  .0002518237
  .3350000000  .0002353058
  .3400000000  .0002195788
  .3450000000  .0002050406
  .3500000000  .0001910198
  .3550000000  .0001781728
  .3600000000  .0001658766
  .3650000000  .0001544406
  .3700000000  .0001437017
  .3750000000  .0001335761
  .3800000000  .0001242299
  .3850000000  .0001153155
  .3900000000  .0001072055
  .3950000000  .0000994065
  .4000000000  .0000923885
  .4050000000  .0000856145
  .4100000000  .0000795583
  .4150000000  .0000737258
  .4200000000  .0000685166
  .4250000000  .0000635503
  .4300000000  .0000590884
  .4350000000  .0000549225
  .4400000000  .0000511220
  .4450000000  .0000477012
  .4500000000  .0000444879
  .4550000000  .0000417686
  .4600000000  .0000390791
  .4650000000  .0000370282
  .4700000000  .0000350012
  .4750000000  .0000350101
  .4800000000  .0000337366
  .4850000000  .0000327475
  .4900000000  .0000320408
  .4950000000  .0000316150
  .5000000000  .0000314694
  .5050000000  .0000316035
  .5100000000  .0000320178
  .5150000000  .0000327134
  .5200000000  .0000336918
  .5250000000  .0000349551
  .5300000000  .0000349918
  .5350000000  .0000370159
  .5400000000  .0000390638
  .5450000000  .0000417508
  .5500000000  .0000444675
  .5550000000  .0000476785
  .5600000000  .0000510970
  .5650000000  .0000548955
  .5700000000  .0000590595
  .5750000000  .0000635196
  .5800000000  .0000684844
  .5850000000  .0000736921
  .5900000000  .0000795234
  .5950000000  .0000855784
  .6000000000  .0000923515
  .6050000000  .0000993687
  .6100000000  .0001071672
  .6150000000  .0001152766
  .6200000000  .0001241908
  .6250000000  .0001335370
  .6300000000  .0001436627
  .6350000000  .0001544020
  .6400000000  .0001658385
  .6450000000  .0001781355
  .6500000000  .0001909834
  .6550000000  .0002050055
  .6600000000  .0002195451
  .6650000000  .0002352739
  .6700000000  .0002517936
  .6750000000  .0002691839
  .6800000000  .0002878193
  .6850000000  .0003072103
  .6900000000  .0003277942
  .6950000000  .0003494476
  .7000000000  .0003719711
  .7050000000  .0003957373
  .7100000000  .0004205018
  .7150000000  .0004461567
  .7200000000  .0004728432
  .7250000000  .0005004355
  .7300000000  .0005287575
  .7350000000  .0005577679
  .7400000000  .0005873097
  .7450000000  .0006171357
  .7500000000  .0006470824
  .7550000000  .0006769334
  .7600000000  .0007064125
  .7650000000  .0007348217
  .7700000000  .0007619132
  .7750000000  .0007872717
  .7800000000  .0008103559
  .7850000000  .0008305494
  .7900000000  .0008471649
  .7950000000  .0008594518
  .8000000000  .0008666103
  .8050000000  .0008678108
  .8100000000  .0008622202
  .8150000000  .0008490347
  .8200000000  .0008275186
  .8250000000  .0007970496
  .8300000000  .0007571688
  .8350000000  .0007075641
  .8400000000  .0006472792
  .8450000000  .0005779528
  .8500000000  .0005005399
  .8550000000  .0004163232
  .8600000000  .0003280135
  .8650000000  .0002389744
  .8700000000  .0001550023
  .8750000000  .0000807349
  .8800000000  .0000255318
  .8850000000 -.0000022015
  .8900000000  .0000067756
  .8950000000  .0000637271
&
@ s9 color  5
@ s9 linestyle  1
@target s9
@type xy
  .4716605719 -10.000
  .4716605719  10.000
  .5283394280  10.000
  .5283394280 -10.000
&
@ s10 color  1
@ s10 linestyle  2
@ legend string 10 "(6)-(6)"
@target s10
@type xy
  .1000000000  .0001527614
  .1050000000  .0000620630
  .1100000000  .0000190232
  .1150000000  .0000145627
  .1200000000  .0000393274
  .1250000000  .0000856919
  .1300000000  .0001467611
  .1350000000  .0002150595
  .1400000000  .0002868000
  .1450000000  .0003574900
  .1500000000  .0004244786
  .1550000000  .0004856980
  .1600000000  .0005402480
  .1650000000  .0005874508
  .1700000000  .0006260785
  .1750000000  .0006569832
  .1800000000  .0006804719
  .1850000000  .0006969560
  .1900000000  .0007069644
  .1950000000  .0007111042
  .2000000000  .0007100258
  .2050000000  .0007043932
  .2100000000  .0006948595
  .2150000000  .0006820484
  .2200000000  .0006665400
  .2250000000  .0006488617
  .2300000000  .0006294833
  .2350000000  .0006088150
  .2400000000  .0005871705
  .2450000000  .0005647366
  .2500000000  .0005420339
  .2550000000  .0005192674
  .2600000000  .0004965972
  .2650000000  .0004741432
  .2700000000  .0004520857
  .2750000000  .0004305415
  .2800000000  .0004095406
  .2850000000  .0003892098
  .2900000000  .0003696406
  .2950000000  .0003507312
  .3000000000  .0003325591
  .3050000000  .0003153009
  .3100000000  .0002986874
  .3150000000  .0002828623
  .3200000000  .0002679154
  .3250000000  .0002535299
  .3300000000  .0002400608
  .3350000000  .0002272369
  .3400000000  .0002150001
  .3450000000  .0002036412
  .3500000000  .0001926709
  .3550000000  .0001825692
  .3600000000  .0001728812
  .3650000000  .0001638339
  .3700000000  .0001553089
  .3750000000  .0001472443
  .3800000000  .0001397644
  .3850000000  .0001326118
  .3900000000  .0001260650
  .3950000000  .0001197562
  .4000000000  .0001140384
  .4050000000  .0001085091
  .4100000000  .0001035262
  .4150000000  .0000987169
  .4200000000  .0000943853
  .4250000000  .0000902425
  .4300000000  .0000864892
  .4350000000  .0000829662
  .4400000000  .0000797280
  .4450000000  .0000767858
  .4500000000  .0000740078
  .4550000000  .0000716163
  .4600000000  .0000692508
  .4650000000  .0000673878
  .4700000000  .0000655461
  .4750000000  .0000668257
  .4800000000  .0000657017
  .4850000000  .0000648288
  .4900000000  .0000642056
  .4950000000  .0000638310
  .5000000000  .0000637045
  .5050000000  .0000638258
  .5100000000  .0000641952
  .5150000000  .0000648137
  .5200000000  .0000656825
  .5250000000  .0000668031
  .5300000000  .0000655882
  .5350000000  .0000674342
  .5400000000  .0000693017
  .5450000000  .0000716716
  .5500000000  .0000740676
  .5550000000  .0000768501
  .5600000000  .0000797968
  .5650000000  .0000830393
  .5700000000  .0000865667
  .5750000000  .0000903243
  .5800000000  .0000944712
  .5850000000  .0000988068
  .5900000000  .0001036197
  .5950000000  .0001086062
  .6000000000  .0001141385
  .6050000000  .0001198592
  .6100000000  .0001261702
  .6150000000  .0001327190
  .6200000000  .0001398728
  .6250000000  .0001473534
  .6300000000  .0001554180
  .6350000000  .0001639421
  .6400000000  .0001729878
  .6450000000  .0001826729
  .6500000000  .0001927711
  .6550000000  .0002037361
  .6600000000  .0002150889
  .6650000000  .0002273176
  .6700000000  .0002401321
  .6750000000  .0002535902
  .6800000000  .0002679622
  .6850000000  .0002828942
  .6900000000  .0002987017
  .6950000000  .0003152950
  .7000000000  .0003325312
  .7050000000  .0003506777
  .7100000000  .0003695586
  .7150000000  .0003890967
  .7200000000  .0004093927
  .7250000000  .0004303551
  .7300000000  .0004518576
  .7350000000  .0004738700
  .7400000000  .0004962745
  .7450000000  .0005188916
  .7500000000  .0005416014
  .7550000000  .0005642440
  .7600000000  .0005866143
  .7650000000  .0006081920
  .7700000000  .0006287909
  .7750000000  .0006480979
  .7800000000  .0006657036
  .7850000000  .0006811391
  .7900000000  .0006938780
  .7950000000  .0007033417
  .8000000000  .0007089082
  .8050000000  .0007099261
  .8100000000  .0007057337
  .8150000000  .0006956830
  .8200000000  .0006791692
  .8250000000  .0006556661
  .8300000000  .0006247647
  .8350000000  .0005861606
  .8400000000  .0005390068
  .8450000000  .0004845298
  .8500000000  .0004234078
  .8550000000  .0003565425
  .8600000000  .0002859989
  .8650000000  .0002144220
  .8700000000  .0001462978
  .8750000000  .0000854013
  .8800000000  .0000391911
  .8850000000  .0000145415
  .8900000000  .0000190544
  .8950000000  .0000620545
&
@ s11 color  1
@ s11 linestyle  2
@target s11
@type xy
  .4716605719 -10.000
  .4716605719  10.000
  .5283394280  10.000
  .5283394280 -10.000
&
@ s12 color  2
@ s12 linestyle  2
@ legend string 12 "(7)-(7)"
@target s12
@type xy
  .1000000000 -.0002745266
  .1050000000 -.0000886872
  .1100000000 -.0000265857
  .1150000000 -.0000599975
  .1200000000 -.0001616796
  .1250000000 -.0003099685
  .1300000000 -.0004856572
  .1350000000 -.0006706510
  .1400000000 -.0008542481
  .1450000000 -.0010274245
  .1500000000 -.0011838282
  .1550000000 -.0013194886
  .1600000000 -.0014338853
  .1650000000 -.0015263414
  .1700000000 -.0015944454
  .1750000000 -.0016417973
  .1800000000 -.0016700032
  .1850000000 -.0016808074
  .1900000000 -.0016761475
  .1950000000 -.0016580523
  .2000000000 -.0016285548
  .2050000000 -.0015896226
  .2100000000 -.0015431031
  .2150000000 -.0014906864
  .2200000000 -.0014338810
  .2250000000 -.0013740027
  .2300000000 -.0013121747
  .2350000000 -.0012493346
  .2400000000 -.0011862206
  .2450000000 -.0011235094
  .2500000000 -.0010619770
  .2550000000 -.0010019701
  .2600000000 -.0009437286
  .2650000000 -.0008875493
  .2700000000 -.0008340025
  .2750000000 -.0007827850
  .2800000000 -.0007338450
  .2850000000 -.0006876659
  .2900000000 -.0006442913
  .2950000000 -.0006030979
  .3000000000 -.0005643491
  .3050000000 -.0005285252
  .3100000000 -.0004945572
  .3150000000 -.0004629116
  .3200000000 -.0004337510
  .3250000000 -.0004060554
  .3300000000 -.0003808436
  .3350000000 -.0003572441
  .3400000000 -.0003351006
  .3450000000 -.0003151221
  .3500000000 -.0002960104
  .3550000000 -.0002789481
  .3600000000 -.0002627686
  .3650000000 -.0002480108
  .3700000000 -.0002343484
  .3750000000 -.0002216446
  .3800000000 -.0002101240
  .3850000000 -.0001992412
  .3900000000 -.0001895316
  .3950000000 -.0001802568
  .4000000000 -.0001720733
  .4050000000 -.0001642155
  .4100000000 -.0001573188
  .4150000000 -.0001507105
  .4200000000 -.0001449040
  .4250000000 -.0001394028
  .4300000000 -.0001345285
  .4350000000 -.0001300186
  .4400000000 -.0001259515
  .4450000000 -.0001223450
  .4500000000 -.0001189859
  .4550000000 -.0001162249
  .4600000000 -.0001134941
  .4650000000 -.0001115509
  .4700000000 -.0001096307
  .4750000000 -.0001092292
  .4800000000 -.0001079881
  .4850000000 -.0001070289
  .4900000000 -.0001063492
  .4950000000 -.0001059470
  .5000000000 -.0001058209
  .5050000000 -.0001059704
  .5100000000 -.0001063958
  .5150000000 -.0001070980
  .5200000000 -.0001080787
  .5250000000 -.0001093402
  .5300000000 -.0001097538
  .5350000000 -.0001116816
  .5400000000 -.0001136326
  .5450000000 -.0001163713
  .5500000000 -.0001191403
  .5550000000 -.0001225074
  .5600000000 -.0001261220
  .5650000000 -.0001301974
  .5700000000 -.0001347155
  .5750000000 -.0001395981
  .5800000000 -.0001451075
  .5850000000 -.0001509223
  .5900000000 -.0001575387
  .5950000000 -.0001644436
  .6000000000 -.0001723093
  .6050000000 -.0001805005
  .6100000000 -.0001897827
  .6150000000 -.0001994995
  .6200000000 -.0002103889
  .6250000000 -.0002219157
  .6300000000 -.0002346250
  .6350000000 -.0002482923
  .6400000000 -.0002630542
  .6450000000 -.0002792367
  .6500000000 -.0002963012
  .6550000000 -.0003154133
  .6600000000 -.0003353915
  .6650000000 -.0003575324
  .6700000000 -.0003811277
  .6750000000 -.0004063338
  .6800000000 -.0004340205
  .6850000000 -.0004631707
  .6900000000 -.0004948026
  .6950000000 -.0005287537
  .7000000000 -.0005645583
  .7050000000 -.0006032835
  .7100000000 -.0006444494
  .7150000000 -.0006877932
  .7200000000 -.0007339365
  .7250000000 -.0007828356
  .7300000000 -.0008340079
  .7350000000 -.0008875048
  .7400000000 -.0009436279
  .7450000000 -.0010018076
  .7500000000 -.0010617475
  .7550000000 -.0011232077
  .7600000000 -.0011858412
  .7650000000 -.0012488715
  .7700000000 -.0013116234
  .7750000000 -.0013733590
  .7800000000 -.0014331414
  .7850000000 -.0014898484
  .7900000000 -.0015421655
  .7950000000 -.0015885856
  .8000000000 -.0016274207
  .8050000000 -.0016568256
  .8100000000 -.0016748353
  .8150000000 -.0016794197
  .8200000000 -.0016685532
  .8250000000 -.0016403017
  .8300000000 -.0015929241
  .8350000000 -.0015248178
  .8400000000 -.0014323900
  .8450000000 -.0013180511
  .8500000000 -.0011824798
  .8550000000 -.0010261994
  .8600000000 -.0008531790
  .8650000000 -.0006697649
  .8700000000 -.0004849760
  .8750000000 -.0003095010
  .8800000000 -.0001614174
  .8850000000 -.0000599098
  .8900000000 -.0000266156
  .8950000000 -.0000887448
&
@ s13 color  2
@ s13 linestyle  2
@target s13
@type xy
  .4716605719 -10.000
  .4716605719  10.000
  .5283394280  10.000
  .5283394280 -10.000
&
@ s14 color  3
@ s14 linestyle  2
@ legend string 14 "(8)-(9)"
@target s14
@type xy
  .1000000000  .0003124501
  .1050000000 -.0003025268
  .1100000000 -.0006052968
  .1150000000 -.0006377748
  .1200000000 -.0004463281
  .1250000000 -.0000793559
  .1300000000  .0003954699
  .1350000000  .0009451571
  .1400000000  .0015196938
  .1450000000  .0020912638
  .1500000000  .0026329648
  .1550000000  .0031247143
  .1600000000  .0035515230
  .1650000000  .0039093632
  .1700000000  .0041939011
  .1750000000  .0044035146
  .1800000000  .0045320677
  .1850000000  .0045905467
  .1900000000  .0045837021
  .1950000000  .0045171351
  .2000000000  .0043971130
  .2050000000  .0042302595
  .2100000000  .0040232831
  .2150000000  .0037827503
  .2200000000  .0035149036
  .2250000000  .0032255273
  .2300000000  .0029181700
  .2350000000  .0025987311
  .2400000000  .0022730090
  .2450000000  .0019446603
  .2500000000  .0016166855
  .2550000000  .0012914808
  .2600000000  .0009714785
  .2650000000  .0006596113
  .2700000000  .0003568854
  .2750000000  .0000638407
  .2800000000 -.0002160417
  .2850000000 -.0004829176
  .2900000000 -.0007381180
  .2950000000 -.0009796148
  .3000000000 -.0012047962
  .3050000000 -.0014184475
  .3100000000 -.0016180104
  .3150000000 -.0018010240
  .3200000000 -.0019739105
  .3250000000 -.0021306772
  .3300000000 -.0022743653
  .3350000000 -.0024090150
  .3400000000 -.0025248916
  .3450000000 -.0026337441
  .3500000000 -.0027279619
  .3550000000 -.0028119060
  .3600000000 -.0028862675
  .3650000000 -.0029471274
  .3700000000 -.0030025557
  .3750000000 -.0030421248
  .3800000000 -.0030790991
  .3850000000 -.0030994589
  .3900000000 -.0031179082
  .3950000000 -.0031214460
  .4000000000 -.0031228453
  .4050000000 -.0031100915
  .4100000000 -.0030957528
  .4150000000 -.0030670453
  .4200000000 -.0030381294
  .4250000000 -.0029935771
  .4300000000 -.0029495459
  .4350000000 -.0028905722
  .4400000000 -.0028307083
  .4450000000 -.0027585486
  .4500000000 -.0026823790
  .4550000000 -.0025976959
  .4600000000 -.0025043904
  .4650000000 -.0024079433
  .4700000000 -.0022962546
  .4750000000 -.0021857478
  .4800000000 -.0020572510
  .4850000000 -.0019268076
  .4900000000 -.0016952824
  .4950000000 -.0015295705
  .5000000000 -.0013514451
  .5050000000 -.0011605094
  .5100000000 -.0009563069
  .5150000000 -.0007383120
  .5200000000 -.0005059197
  .5250000000 -.0002584346
  .5300000000  .0000049415
  .5350000000  .0002851226
  .5400000000  .0005831520
  .5450000000  .0009002152
  .5500000000  .0012376542
  .5550000000  .0015969790
  .5600000000  .0019798792
  .5650000000  .0023882328
  .5700000000  .0028241127
  .5750000000  .0032897890
  .5800000000  .0037877275
  .5850000000  .0043205822
  .5900000000  .0049208732
  .5950000000  .0055307258
  .6000000000  .0061657473
  .6050000000  .0068601871
  .6100000000  .0075849964
  .6150000000  .0083763971
  .6200000000  .0092087572
  .6250000000  .0101114488
  .6300000000  .0110729571
  .6350000000  .0121034021
  .6400000000  .0132200686
  .6450000000  .0143970424
  .6500000000  .0156998782
  .6550000000  .0170561139
  .6600000000  .0185703011
  .6650000000  .0201691988
  .6700000000  .0218982830
  .6750000000  .0237871976
  .6800000000  .0257787929
  .6850000000  .0279947487
  .6900000000  .0303638967
  .6950000000  .0328886172
  .7000000000  .0357049798
  .7050000000  .0387094240
  .7100000000  .0419225625
  .7150000000  .0455042025
  .7200000000  .0493455781
  .7250000000  .0534713917
  .7300000000  .0579928056
  .7350000000  .0629280224
  .7400000000  .0682513558
  .7450000000  .0740012413
  .7500000000  .0802670627
  .7550000000  .0871351024
  .7600000000  .0945713717
  .7650000000  .1026301470
  .7700000000  .1113704380
  .7750000000  .1208559483
  .7800000000  .1311549141
  .7850000000  .1423707954
  .7900000000  .1545657195
  .7950000000  .1677844421
  .8000000000  .1821063399
  .8050000000  .1976124291
  .8100000000  .2143841750
  .8150000000  .2325020516
  .8200000000  .2520965169
  .8250000000  .2732277103
  .8300000000  .2959353939
  .8350000000  .3202703249
  .8400000000  .3462693222
  .8450000000  .3739759463
  .8500000000  .4034641965
  .8550000000  .4345744745
  .8600000000  .4672552681
  .8650000000  .5013766259
  .8700000000  .5367036344
  .8750000000  .5728923763
  .8800000000  .6095656291
  .8850000000  .6462404055
  .8900000000  .6820218442
  .8950000000  .7162447575
&
@ s15 color  3
@ s15 linestyle  2
@target s15
@type xy
  .4877774114 -10.000
  .4877774114  10.000
  .5885611469  10.000
  .5885611469 -10.000
&
@ s16 color  4
@ s16 linestyle  2
@ legend string 16 "(9)-(10)"
@target s16
@type xy
  .1000000000  .7258812193
  .1050000000  .6948827440
  .1100000000  .6616697765
  .1150000000  .6270138881
  .1200000000  .5917657058
  .1250000000  .5565941795
  .1300000000  .5218963264
  .1350000000  .4881022656
  .1400000000  .4554739880
  .1450000000  .4242097571
  .1500000000  .3944817479
  .1550000000  .3663032614
  .1600000000  .3397291990
  .1650000000  .3148536742
  .1700000000  .2915518928
  .1750000000  .2697866251
  .1800000000  .2495083577
  .1850000000  .2306578239
  .1900000000  .2131683655
  .1950000000  .1969680945
  .2000000000  .1819818312
  .2050000000  .1681328067
  .2100000000  .1553441246
  .2150000000  .1435399870
  .2200000000  .1326466918
  .2250000000  .1225934190
  .2300000000  .1133128223
  .2350000000  .1047414487
  .2400000000  .0968200071
  .2450000000  .0894935074
  .2500000000  .0827728695
  .2550000000  .0766065527
  .2600000000  .0708922879
  .2650000000  .0655899102
  .2700000000  .0606750994
  .2750000000  .0562224824
  .2800000000  .0520749004
  .2850000000  .0482056126
  .2900000000  .0446624974
  .2950000000  .0414058443
  .3000000000  .0383520389
  .3050000000  .0355406066
  .3100000000  .0329652439
  .3150000000  .0305361113
  .3200000000  .0283167314
  .3250000000  .0262594933
  .3300000000  .0243073653
  .3350000000  .0225633342
  .3400000000  .0208996841
  .3450000000  .0193671405
  .3500000000  .0179467719
  .3550000000  .0166005944
  .3600000000  .0153846926
  .3650000000  .0142101392
  .3700000000  .0131579694
  .3750000000  .0121422810
  .3800000000  .0112187273
  .3850000000  .0103366145
  .3900000000  .0095259162
  .3950000000  .0087561953
  .4000000000  .0080445856
  .4050000000  .0073696477
  .4100000000  .0067451869
  .4150000000  .0061214663
  .4200000000  .0055643689
  .4250000000  .0050433770
  .4300000000  .0045559633
  .4350000000  .0040997535
  .4400000000  .0036725398
  .4450000000  .0032722892
  .4500000000  .0028971467
  .4550000000  .0025454333
  .4600000000  .0022156416
  .4650000000  .0019064280
  .4700000000  .0016166033
  .4750000000  .0013451212
  .4800000000  .0010910672
  .4850000000  .0008536460
  .4900000000  .0006321702
  .4950000000  .0004260486
  .5000000000  .0002347768
  .5050000000  .0000579274
  .5100000000 -.0001048568
  .5150000000 -.0002538695
  .5200000000 -.0003893445
  .5250000000 -.0005114588
  .5300000000 -.0006203340
  .5350000000 -.0007160358
  .5400000000 -.0007985729
  .5450000000 -.0008678947
  .5500000000 -.0009524711
  .5550000000 -.0009838435
  .5600000000 -.0010155704
  .5650000000 -.0010271589
  .5700000000 -.0010333368
  .5750000000 -.0010233809
  .5800000000 -.0010033405
  .5850000000 -.0009695223
  .5900000000 -.0009220294
  .5950000000 -.0008616004
  .6000000000 -.0007849065
  .6050000000 -.0006945747
  .6100000000 -.0005864553
  .6150000000 -.0004623002
  .6200000000 -.0003200845
  .6250000000 -.0001574947
  .6300000000  .0000219091
  .6350000000  .0002282748
  .6400000000  .0004483569
  .6450000000  .0007045828
  .6500000000  .0009732298
  .6550000000  .0012821062
  .6600000000  .0016112978
  .6650000000  .0019725459
  .6700000000  .0023701928
  .6750000000  .0027901704
  .6800000000  .0032630061
  .6850000000  .0037647693
  .6900000000  .0043033473
  .6950000000  .0048956940
  .7000000000  .0055229584
  .7050000000  .0061965377
  .7100000000  .0069278092
  .7150000000  .0077017396
  .7200000000  .0085227944
  .7250000000  .0094116288
  .7300000000  .0103492659
  .7350000000  .0113381434
  .7400000000  .0123835935
  .7450000000  .0134920539
  .7500000000  .0146517527
  .7550000000  .0158623061
  .7600000000  .0171222282
  .7650000000  .0184287544
  .7700000000  .0197769922
  .7750000000  .0211560118
  .7800000000  .0225570116
  .7850000000  .0239686534
  .7900000000  .0253767540
  .7950000000  .0267640207
  .8000000000  .0281098495
  .8050000000  .0293902121
  .8100000000  .0305776542
  .8150000000  .0316414277
  .8200000000  .0325477775
  .8250000000  .0332604010
  .8300000000  .0337410945
  .8350000000  .0339201760
  .8400000000  .0337651537
  .8450000000  .0332512462
  .8500000000  .0323454191
  .8550000000  .0309527387
  .8600000000  .0291089497
  .8650000000  .0267950621
  .8700000000  .0240063208
  .8750000000  .0208089878
  .8800000000  .0172647738
  .8850000000  .0134946475
  .8900000000  .0096738403
  .8950000000  .0060398101
&
@ s17 color  4
@ s17 linestyle  2
@target s17
@type xy
  .4132226436 -10.000
  .4132226436  10.000
  .5499477409  10.000
  .5499477409 -10.000
&
@ s18 color  5
@ s18 linestyle  2
@ legend string 18 "(10)-(9)"
@target s18
@type xy
  .1000000000  .0029273561
  .1050000000  .0060398101
  .1100000000  .0096738403
  .1150000000  .0134946475
  .1200000000  .0172647738
  .1250000000  .0208089878
  .1300000000  .0240063208
  .1350000000  .0267950621
  .1400000000  .0291089497
  .1450000000  .0309527387
  .1500000000  .0323454191
  .1550000000  .0332512462
  .1600000000  .0337651537
  .1650000000  .0339201760
  .1700000000  .0337410945
  .1750000000  .0332604010
  .1800000000  .0325477775
  .1850000000  .0316414277
  .1900000000  .0305776542
  .1950000000  .0293902121
  .2000000000  .0281098495
  .2050000000  .0267640207
  .2100000000  .0253767540
  .2150000000  .0239686534
  .2200000000  .0225570116
  .2250000000  .0211560118
  .2300000000  .0197769922
  .2350000000  .0184287544
  .2400000000  .0171222282
  .2450000000  .0158623061
  .2500000000  .0146517527
  .2550000000  .0134920539
  .2600000000  .0123835935
  .2650000000  .0113381434
  .2700000000  .0103492659
  .2750000000  .0094116288
  .2800000000  .0085227944
  .2850000000  .0077017396
  .2900000000  .0069278092
  .2950000000  .0061965377
  .3000000000  .0055229584
  .3050000000  .0048956940
  .3100000000  .0043033473
  .3150000000  .0037647693
  .3200000000  .0032630061
  .3250000000  .0027901704
  .3300000000  .0023701928
  .3350000000  .0019725459
  .3400000000  .0016112978
  .3450000000  .0012821062
  .3500000000  .0009732298
  .3550000000  .0007045828
  .3600000000  .0004483569
  .3650000000  .0002282748
  .3700000000  .0000219091
  .3750000000 -.0001574947
  .3800000000 -.0003200845
  .3850000000 -.0004623002
  .3900000000 -.0005864553
  .3950000000 -.0006945747
  .4000000000 -.0007849065
  .4050000000 -.0008616004
  .4100000000 -.0009220294
  .4150000000 -.0009695223
  .4200000000 -.0010033405
  .4250000000 -.0010233809
  .4300000000 -.0010333368
  .4350000000 -.0010271589
  .4400000000 -.0010155704
  .4450000000 -.0009838435
  .4500000000 -.0009524711
  .4550000000 -.0008678947
  .4600000000 -.0007985729
  .4650000000 -.0007160358
  .4700000000 -.0006203340
  .4750000000 -.0005114588
  .4800000000 -.0003893445
  .4850000000 -.0002538695
  .4900000000 -.0001048568
  .4950000000  .0000579274
  .5000000000  .0002347768
  .5050000000  .0004260486
  .5100000000  .0006321702
  .5150000000  .0008536460
  .5200000000  .0010910672
  .5250000000  .0013451212
  .5300000000  .0016166033
  .5350000000  .0019064280
  .5400000000  .0022156416
  .5450000000  .0025454333
  .5500000000  .0028971467
  .5550000000  .0032722892
  .5600000000  .0036725398
  .5650000000  .0040997535
  .5700000000  .0045559633
  .5750000000  .0050433770
  .5800000000  .0055643689
  .5850000000  .0061214663
  .5900000000  .0067451869
  .5950000000  .0073696477
  .6000000000  .0080445856
  .6050000000  .0087561953
  .6100000000  .0095259162
  .6150000000  .0103366145
  .6200000000  .0112187273
  .6250000000  .0121422810
  .6300000000  .0131579694
  .6350000000  .0142101392
  .6400000000  .0153846926
  .6450000000  .0166005944
  .6500000000  .0179467719
  .6550000000  .0193671405
  .6600000000  .0208996841
  .6650000000  .0225633342
  .6700000000  .0243073653
  .6750000000  .0262594933
  .6800000000  .0283167314
  .6850000000  .0305361113
  .6900000000  .0329652439
  .6950000000  .0355406066
  .7000000000  .0383520389
  .7050000000  .0414058443
  .7100000000  .0446624974
  .7150000000  .0482056126
  .7200000000  .0520749004
  .7250000000  .0562224824
  .7300000000  .0606750994
  .7350000000  .0655899102
  .7400000000  .0708922879
  .7450000000  .0766065527
  .7500000000  .0827728695
  .7550000000  .0894935074
  .7600000000  .0968200071
  .7650000000  .1047414487
  .7700000000  .1133128223
  .7750000000  .1225934190
  .7800000000  .1326466918
  .7850000000  .1435399870
  .7900000000  .1553441246
  .7950000000  .1681328067
  .8000000000  .1819818312
  .8050000000  .1969680945
  .8100000000  .2131683655
  .8150000000  .2306578239
  .8200000000  .2495083577
  .8250000000  .2697866251
  .8300000000  .2915518928
  .8350000000  .3148536742
  .8400000000  .3397291990
  .8450000000  .3663032614
  .8500000000  .3944817479
  .8550000000  .4242097571
  .8600000000  .4554739880
  .8650000000  .4881022656
  .8700000000  .5218963264
  .8750000000  .5565941795
  .8800000000  .5917657058
  .8850000000  .6270138881
  .8900000000  .6616697765
  .8950000000  .6948827440
&
@ s19 color  5
@ s19 linestyle  2
@target s19
@type xy
  .4500522590 -10.000
  .4500522590  10.000
  .5867773563  10.000
  .5867773563 -10.000
&
