# ACE/gr parameter file
#
@    version 50122
@    world xmin 0.25
@    world xmax 0.75
@    title font 5
@    xaxis  tick major 0.1
@    xaxis  tick minor 0.02
@    xaxis  label "(r-r\s1\N)/d"
@    xaxis  label font 5
@    xaxis  label char size 1.2
@    xaxis  ticklabel font 4
@    xaxis  ticklabel char size 1
@    yaxis  tick major .1
@    yaxis  tick minor .02
@    yaxis  label font 4
@    yaxis  label char size 1.2
@    yaxis  ticklabel font 5
@    yaxis  ticklabel char size 1
@    title "density between neighbors"
@    yaxis  label "n(r) (electrons/bohr\S3\N)"
@    world ymin .0
@    world ymax .2
@    yaxis  tick major .05
@    yaxis  tick minor 0.01
@ s0 color  1
@ s0 linestyle  1
@ legend string 0 "(1)-(2)"
@target s0
@type xy
  .1000000000  19.79407194
  .1050000000  16.25671358
  .1100000000  13.32989293
  .1150000000  10.94398307
  .1200000000  9.023769463
  .1250000000  7.510054420
  .1300000000  6.296084797
  .1350000000  5.344987850
  .1400000000  4.582643921
  .1450000000  3.983660999
  .1500000000  3.495613281
  .1550000000  3.102142764
  .1600000000  2.779242909
  .1650000000  2.507462710
  .1700000000  2.275850819
  .1750000000  2.076282857
  .1800000000  1.902745933
  .1850000000  1.748355562
  .1900000000  1.609626047
  .1950000000  1.483931549
  .2000000000  1.369296453
  .2050000000  1.264227134
  .2100000000  1.167580304
  .2150000000  1.078462669
  .2200000000  .9961566320
  .2250000000  .9200670032
  .2300000000  .8498799963
  .2350000000  .7854587100
  .2400000000  .7259507497
  .2450000000  .6709737636
  .2500000000  .6201714224
  .2550000000  .5732121874
  .2600000000  .5303949687
  .2650000000  .4912373077
  .2700000000  .4550388863
  .2750000000  .4215455238
  .2800000000  .3911945951
  .2850000000  .3634936465
  .2900000000  .3377919756
  .2950000000  .3142034913
  .3000000000  .2930470662
  .3050000000  .2733236141
  .3100000000  .2552114664
  .3150000000  .2389903533
  .3200000000  .2237759550
  .3250000000  .2100202878
  .3300000000  .1974711421
  .3350000000  .1856271725
  .3400000000  .1752814387
  .3450000000  .1654542568
  .3500000000  .1565764622
  .3550000000  .1484177866
  .3600000000  .1408135649
  .3650000000  .1340305410
  .3700000000  .1275296739
  .3750000000  .1218785962
  .3800000000  .1163935469
  .3850000000  .1116128578
  .3900000000  .1069946209
  .3950000000  .1029408760
  .4000000000  .0990421839
  .4050000000  .0956191618
  .4100000000  .0923201072
  .4150000000  .0894461617
  .4200000000  .0866494732
  .4250000000  .0842559842
  .4300000000  .0818904899
  .4350000000  .0799129145
  .4400000000  .0779655072
  .4450000000  .0763066918
  .4500000000  .0747319809
  .4550000000  .0733484558
  .4600000000  .0721109942
  .4650000000  .0709671940
  .4700000000  .0700412900
  .4750000000  .0691251841
  .4800000000  .0690316521
  .4850000000  .0685036408
  .4900000000  .0680960081
  .4950000000  .0678067236
  .5000000000  .0676344502
  .5050000000  .0675785431
  .5100000000  .0676390465
  .5150000000  .0678166892
  .5200000000  .0681128777
  .5250000000  .0678781383
  .5300000000  .0685676473
  .5350000000  .0692645309
  .5400000000  .0701777465
  .5450000000  .0711824592
  .5500000000  .0723307549
  .5550000000  .0736677291
  .5600000000  .0750860212
  .5650000000  .0767897484
  .5700000000  .0785208072
  .5750000000  .0806359842
  .5800000000  .0827761936
  .5850000000  .0853155818
  .5900000000  .0879289938
  .5950000000  .0909634787
  .6000000000  .0941184659
  .6050000000  .0977451971
  .6100000000  .1015233816
  .6150000000  .1058624132
  .6200000000  .1103602292
  .6250000000  .1155593370
  .6300000000  .1209207721
  .6350000000  .1271298649
  .6400000000  .1336177870
  .6450000000  .1409254101
  .6500000000  .1487854537
  .6550000000  .1573632482
  .6600000000  .1668910145
  .6650000000  .1769351552
  .6700000000  .1884826260
  .6750000000  .2007350413
  .6800000000  .2141976858
  .6850000000  .2291258339
  .6900000000  .2450633680
  .6950000000  .2629036700
  .7000000000  .2823650074
  .7050000000  .3032670597
  .7100000000  .3266207689
  .7150000000  .3521043882
  .7200000000  .3796026827
  .7250000000  .4097748399
  .7300000000  .4431205839
  .7350000000  .4791970385
  .7400000000  .5182618807
  .7450000000  .5610254746
  .7500000000  .6079775694
  .7550000000  .6588148867
  .7600000000  .7138734464
  .7650000000  .7735142436
  .7700000000  .8381243410
  .7750000000  .9085668190
  .7800000000  .9849776836
  .7850000000  1.067671257
  .7900000000  1.157245375
  .7950000000  1.254419311
  .8000000000  1.360086791
  .8050000000  1.475390005
  .8100000000  1.601819662
  .8150000000  1.741346376
  .8200000000  1.896588641
  .8250000000  2.071022254
  .8300000000  2.271517983
  .8350000000  2.504069865
  .8400000000  2.776782381
  .8450000000  3.100584198
  .8500000000  3.494891589
  .8550000000  3.983671823
  .8600000000  4.583261490
  .8650000000  5.346015436
  .8700000000  6.297305089
  .8750000000  7.511170934
  .8800000000  9.024466417
  .8850000000  10.94385148
  .8900000000  13.32849827
  .8950000000  16.25358077
&
@ s1 color  1
@ s1 linestyle  1
@target s1
@type xy
  .4753377083 -10.000
  .4753377083  10.000
  .5246622916  10.000
  .5246622916 -10.000
&
@ s2 color  2
@ s2 linestyle  1
@ legend string 2 "(2)-(1)"
@target s2
@type xy
  .1000000000  19.78869290
  .1050000000  16.25358077
  .1100000000  13.32849827
  .1150000000  10.94385148
  .1200000000  9.024466417
  .1250000000  7.511170934
  .1300000000  6.297305089
  .1350000000  5.346015436
  .1400000000  4.583261490
  .1450000000  3.983671823
  .1500000000  3.494891589
  .1550000000  3.100584198
  .1600000000  2.776782381
  .1650000000  2.504069865
  .1700000000  2.271517983
  .1750000000  2.071022254
  .1800000000  1.896588641
  .1850000000  1.741346376
  .1900000000  1.601819662
  .1950000000  1.475390005
  .2000000000  1.360086791
  .2050000000  1.254419311
  .2100000000  1.157245375
  .2150000000  1.067671257
  .2200000000  .9849776836
  .2250000000  .9085668190
  .2300000000  .8381243410
  .2350000000  .7735142436
  .2400000000  .7138734464
  .2450000000  .6588148867
  .2500000000  .6079775694
  .2550000000  .5610254746
  .2600000000  .5182618807
  .2650000000  .4791970385
  .2700000000  .4431205839
  .2750000000  .4097748399
  .2800000000  .3796026827
  .2850000000  .3521043882
  .2900000000  .3266207689
  .2950000000  .3032670597
  .3000000000  .2823650074
  .3050000000  .2629036700
  .3100000000  .2450633680
  .3150000000  .2291258339
  .3200000000  .2141976858
  .3250000000  .2007350413
  .3300000000  .1884826260
  .3350000000  .1769351552
  .3400000000  .1668910145
  .3450000000  .1573632482
  .3500000000  .1487854537
  .3550000000  .1409254101
  .3600000000  .1336177870
  .3650000000  .1271298649
  .3700000000  .1209207721
  .3750000000  .1155593370
  .3800000000  .1103602292
  .3850000000  .1058624132
  .3900000000  .1015233816
  .3950000000  .0977451971
  .4000000000  .0941184659
  .4050000000  .0909634787
  .4100000000  .0879289938
  .4150000000  .0853155818
  .4200000000  .0827761936
  .4250000000  .0806359842
  .4300000000  .0785208072
  .4350000000  .0767897484
  .4400000000  .0750860212
  .4450000000  .0736677291
  .4500000000  .0723307549
  .4550000000  .0711824592
  .4600000000  .0701777465
  .4650000000  .0692645309
  .4700000000  .0685676473
  .4750000000  .0678781383
  .4800000000  .0681128777
  .4850000000  .0678166892
  .4900000000  .0676390465
  .4950000000  .0675785431
  .5000000000  .0676344502
  .5050000000  .0678067236
  .5100000000  .0680960081
  .5150000000  .0685036408
  .5200000000  .0690316521
  .5250000000  .0691251841
  .5300000000  .0700412900
  .5350000000  .0709671940
  .5400000000  .0721109942
  .5450000000  .0733484558
  .5500000000  .0747319809
  .5550000000  .0763066918
  .5600000000  .0779655072
  .5650000000  .0799129145
  .5700000000  .0818904899
  .5750000000  .0842559842
  .5800000000  .0866494732
  .5850000000  .0894461617
  .5900000000  .0923201072
  .5950000000  .0956191618
  .6000000000  .0990421839
  .6050000000  .1029408760
  .6100000000  .1069946209
  .6150000000  .1116128578
  .6200000000  .1163935469
  .6250000000  .1218785962
  .6300000000  .1275296739
  .6350000000  .1340305410
  .6400000000  .1408135649
  .6450000000  .1484177866
  .6500000000  .1565764622
  .6550000000  .1654542568
  .6600000000  .1752814387
  .6650000000  .1856271725
  .6700000000  .1974711421
  .6750000000  .2100202878
  .6800000000  .2237759550
  .6850000000  .2389903533
  .6900000000  .2552114664
  .6950000000  .2733236141
  .7000000000  .2930470662
  .7050000000  .3142034913
  .7100000000  .3377919756
  .7150000000  .3634936465
  .7200000000  .3911945951
  .7250000000  .4215455238
  .7300000000  .4550388863
  .7350000000  .4912373077
  .7400000000  .5303949687
  .7450000000  .5732121874
  .7500000000  .6201714224
  .7550000000  .6709737636
  .7600000000  .7259507497
  .7650000000  .7854587100
  .7700000000  .8498799963
  .7750000000  .9200670032
  .7800000000  .9961566320
  .7850000000  1.078462669
  .7900000000  1.167580304
  .7950000000  1.264227134
  .8000000000  1.369296453
  .8050000000  1.483931549
  .8100000000  1.609626047
  .8150000000  1.748355562
  .8200000000  1.902745933
  .8250000000  2.076282857
  .8300000000  2.275850819
  .8350000000  2.507462710
  .8400000000  2.779242909
  .8450000000  3.102142764
  .8500000000  3.495613281
  .8550000000  3.983660999
  .8600000000  4.582643921
  .8650000000  5.344987850
  .8700000000  6.296084797
  .8750000000  7.510054420
  .8800000000  9.023769463
  .8850000000  10.94398307
  .8900000000  13.32989293
  .8950000000  16.25671358
&
@ s3 color  2
@ s3 linestyle  1
@target s3
@type xy
  .4753377083 -10.000
  .4753377083  10.000
  .5246622916  10.000
  .5246622916 -10.000
&
@ s4 color  3
@ s4 linestyle  1
@ legend string 4 "(3)-(3)"
@target s4
@type xy
  .1000000000  19.18509543
  .1050000000  15.72459930
  .1100000000  12.87910918
  .1150000000  10.57287235
  .1200000000  8.719011908
  .1250000000  7.245676993
  .1300000000  6.090243393
  .1350000000  5.164172012
  .1400000000  4.443895143
  .1450000000  3.861828603
  .1500000000  3.395589963
  .1550000000  3.018155492
  .1600000000  2.703876976
  .1650000000  2.439207986
  .1700000000  2.216635499
  .1750000000  2.023211781
  .1800000000  1.852830038
  .1850000000  1.701045776
  .1900000000  1.564507410
  .1950000000  1.440701582
  .2000000000  1.327744512
  .2050000000  1.224215278
  .2100000000  1.129026028
  .2150000000  1.041323732
  .2200000000  .9604180853
  .2250000000  .8857304241
  .2300000000  .8167589763
  .2350000000  .7530563472
  .2400000000  .6943400976
  .2450000000  .6408401564
  .2500000000  .5915117477
  .2550000000  .5460142468
  .2600000000  .5040311884
  .2650000000  .4655401634
  .2700000000  .4307821309
  .2750000000  .3986846268
  .2800000000  .3690126388
  .2850000000  .3421203628
  .2900000000  .3177245270
  .2950000000  .2950927319
  .3000000000  .2743974514
  .3050000000  .2558579122
  .3100000000  .2385666651
  .3150000000  .2228342351
  .3200000000  .2086656404
  .3250000000  .1953680443
  .3300000000  .1835411274
  .3350000000  .1726026178
  .3400000000  .1624635800
  .3450000000  .1534744476
  .3500000000  .1449235042
  .3550000000  .1374139460
  .3600000000  .1303285167
  .3650000000  .1239346741
  .3700000000  .1180550497
  .3750000000  .1126245643
  .3800000000  .1077361113
  .3850000000  .1031371758
  .3900000000  .0990640339
  .3950000000  .0951832676
  .4000000000  .0917824478
  .4050000000  .0885229173
  .4100000000  .0856789314
  .4150000000  .0829583501
  .4200000000  .0805784348
  .4250000000  .0783275787
  .4300000000  .0763375189
  .4350000000  .0744988990
  .4400000000  .0728393834
  .4450000000  .0713662169
  .4500000000  .0699895913
  .4550000000  .0688451272
  .4600000000  .0677131712
  .4650000000  .0668695844
  .4700000000  .0660358592
  .4750000000  .0658740382
  .4800000000  .0653747267
  .4850000000  .0649891064
  .4900000000  .0647151296
  .4950000000  .0645513317
  .5000000000  .0644968327
  .5050000000  .0645513392
  .5100000000  .0647151447
  .5150000000  .0649891291
  .5200000000  .0653747572
  .5250000000  .0658740767
  .5300000000  .0660359301
  .5350000000  .0668696622
  .5400000000  .0677132561
  .5450000000  .0688452189
  .5500000000  .0699896899
  .5550000000  .0713663222
  .5600000000  .0728394955
  .5650000000  .0744990177
  .5700000000  .0763376440
  .5750000000  .0783277101
  .5800000000  .0805785722
  .5850000000  .0829584934
  .5900000000  .0856790802
  .5950000000  .0885230715
  .6000000000  .0917826067
  .6050000000  .0951834311
  .6100000000  .0990642011
  .6150000000  .1031373467
  .6200000000  .1077362850
  .6250000000  .1126247403
  .6300000000  .1180552272
  .6350000000  .1239348524
  .6400000000  .1303286950
  .6450000000  .1374141232
  .6500000000  .1449236797
  .6550000000  .1534746197
  .6600000000  .1624637481
  .6650000000  .1726027801
  .6700000000  .1835412827
  .6750000000  .1953681913
  .6800000000  .2086657769
  .6850000000  .2228343601
  .6900000000  .2385667762
  .6950000000  .2558580073
  .7000000000  .2743975290
  .7050000000  .2950927893
  .7100000000  .3177245617
  .7150000000  .3421203729
  .7200000000  .3690126215
  .7250000000  .3986845792
  .7300000000  .4307820505
  .7350000000  .4655400477
  .7400000000  .5040310342
  .7450000000  .5460140513
  .7500000000  .5915115085
  .7550000000  .6408398709
  .7600000000  .6943397635
  .7650000000  .7530559622
  .7700000000  .8167585386
  .7750000000  .8857299326
  .7800000000  .9604175392
  .7850000000  1.041323131
  .7900000000  1.129025373
  .7950000000  1.224214571
  .8000000000  1.327743756
  .8050000000  1.440700781
  .8100000000  1.564506570
  .8150000000  1.701044904
  .8200000000  1.852829142
  .8250000000  2.023210873
  .8300000000  2.216634591
  .8350000000  2.439207091
  .8400000000  2.703876112
  .8450000000  3.018154675
  .8500000000  3.395589209
  .8550000000  3.861827929
  .8600000000  4.443894567
  .8650000000  5.164171544
  .8700000000  6.090243041
  .8750000000  7.245676759
  .8800000000  8.719011783
  .8850000000  10.57287232
  .8900000000  12.87910920
  .8950000000  15.72459931
&
@ s5 color  3
@ s5 linestyle  1
@target s5
@type xy
  .4716605719 -10.000
  .4716605719  10.000
  .5283394280  10.000
  .5283394280 -10.000
&
@ s6 color  4
@ s6 linestyle  1
@ legend string 6 "(4)-(4)"
@target s6
@type xy
  .1000000000  19.18483918
  .1050000000  15.72447193
  .1100000000  12.87904656
  .1150000000  10.57282227
  .1200000000  8.718934548
  .1250000000  7.245542636
  .1300000000  6.090031446
  .1350000000  5.163871958
  .1400000000  4.443501405
  .1450000000  3.861341777
  .1500000000  3.395014155
  .1550000000  3.017497611
  .1600000000  2.703145240
  .1650000000  2.438411555
  .1700000000  2.215785133
  .1750000000  2.022317254
  .1800000000  1.851900791
  .1850000000  1.700090782
  .1900000000  1.563535024
  .1950000000  1.439719438
  .2000000000  1.326759468
  .2050000000  1.223233392
  .2100000000  1.128052565
  .2150000000  1.040363193
  .2200000000  .9594742551
  .2250000000  .8848064304
  .2300000000  .8158573556
  .2350000000  .7521791138
  .2400000000  .6934888735
  .2450000000  .6400163844
  .2500000000  .5907161285
  .2550000000  .5452472006
  .2600000000  .5032929107
  .2650000000  .4648307095
  .2700000000  .4301013767
  .2750000000  .3980321743
  .2800000000  .3683880280
  .2850000000  .3415230293
  .2900000000  .3171537611
  .2950000000  .2945478553
  .3000000000  .2738777159
  .3050000000  .2553623797
  .3100000000  .2380946126
  .3150000000  .2223848026
  .3200000000  .2082378518
  .3250000000  .1949612323
  .3300000000  .1831542508
  .3350000000  .1722348990
  .3400000000  .1621143066
  .3450000000  .1531425668
  .3500000000  .1446085096
  .3550000000  .1371147706
  .3600000000  .1300446120
  .3650000000  .1236652207
  .3700000000  .1177993555
  .3750000000  .1123820152
  .3800000000  .1075059199
  .3850000000  .1029188861
  .3900000000  .0988568109
  .3950000000  .0949867653
  .4000000000  .0915958287
  .4050000000  .0883458973
  .4100000000  .0855107117
  .4150000000  .0827986628
  .4200000000  .0804265569
  .4250000000  .0781832145
  .4300000000  .0762000559
  .4350000000  .0743679701
  .4400000000  .0727145216
  .4450000000  .0712469376
  .4500000000  .0698756124
  .4550000000  .0687357949
  .4600000000  .0676084346
  .4650000000  .0667685630
  .4700000000  .0659385107
  .4750000000  .0657804321
  .4800000000  .0652835347
  .4850000000  .0648997862
  .4900000000  .0646271434
  .4950000000  .0644641446
  .5000000000  .0644099120
  .5050000000  .0644641528
  .5100000000  .0646271598
  .5150000000  .0648998107
  .5200000000  .0652835672
  .5250000000  .0657804723
  .5300000000  .0659385737
  .5350000000  .0667686317
  .5400000000  .0676085092
  .5450000000  .0687358753
  .5500000000  .0698756987
  .5550000000  .0712470297
  .5600000000  .0727146195
  .5650000000  .0743680738
  .5700000000  .0762001653
  .5750000000  .0781833295
  .5800000000  .0804266774
  .5850000000  .0827987887
  .5900000000  .0855108427
  .5950000000  .0883460335
  .6000000000  .0915959697
  .6050000000  .0949869109
  .6100000000  .0988569607
  .6150000000  .1029190400
  .6200000000  .1075060773
  .6250000000  .1123821759
  .6300000000  .1177995188
  .6350000000  .1236653862
  .6400000000  .1300447791
  .6450000000  .1371149385
  .6500000000  .1446086779
  .6550000000  .1531427342
  .6600000000  .1621144728
  .6650000000  .1722350624
  .6700000000  .1831544106
  .6750000000  .1949613876
  .6800000000  .2082380009
  .6850000000  .2223849445
  .6900000000  .2380947456
  .6950000000  .2553625021
  .7000000000  .2738778264
  .7050000000  .2945479517
  .7100000000  .3171538414
  .7150000000  .3415230919
  .7200000000  .3683880705
  .7250000000  .3980321942
  .7300000000  .4301013719
  .7350000000  .4648306779
  .7400000000  .5032928494
  .7450000000  .5452471071
  .7500000000  .5907160007
  .7550000000  .6400162200
  .7600000000  .6934886702
  .7650000000  .7521788693
  .7700000000  .8158570683
  .7750000000  .8848060989
  .7800000000  .9594738784
  .7850000000  1.040362770
  .7900000000  1.128052097
  .7950000000  1.223232880
  .8000000000  1.326758913
  .8050000000  1.439718844
  .8100000000  1.563534394
  .8150000000  1.700090123
  .8200000000  1.851900110
  .8250000000  2.022316558
  .8300000000  2.215784432
  .8350000000  2.438410861
  .8400000000  2.703144568
  .8450000000  3.017496973
  .8500000000  3.395013566
  .8550000000  3.861341251
  .8600000000  4.443500955
  .8650000000  5.163871594
  .8700000000  6.090031176
  .8750000000  7.245542460
  .8800000000  8.718934457
  .8850000000  10.57282225
  .8900000000  12.87904657
  .8950000000  15.72447193
&
@ s7 color  4
@ s7 linestyle  1
@target s7
@type xy
  .4716605719 -10.000
  .4716605719  10.000
  .5283394280  10.000
  .5283394280 -10.000
&
@ s8 color  5
@ s8 linestyle  1
@ legend string 8 "(5)-(5)"
@target s8
@type xy
  .1000000000  19.18480260
  .1050000000  15.72446628
  .1100000000  12.87905321
  .1150000000  10.57282637
  .1200000000  8.718925097
  .1250000000  7.245511799
  .1300000000  6.089974251
  .1350000000  5.163786348
  .1400000000  4.443386975
  .1450000000  3.861199728
  .1500000000  3.394846761
  .1550000000  3.017307880
  .1600000000  2.702936379
  .1650000000  2.438186950
  .1700000000  2.215548609
  .1750000000  2.022072127
  .1800000000  1.851650159
  .1850000000  1.699837492
  .1900000000  1.563281638
  .1950000000  1.439468208
  .2000000000  1.326512332
  .2050000000  1.222991978
  .2100000000  1.127818207
  .2150000000  1.040136952
  .2200000000  .9592569456
  .2250000000  .8845986480
  .2300000000  .8156595074
  .2350000000  .7519914469
  .2400000000  .6933115091
  .2450000000  .6398493359
  .2500000000  .5905592589
  .2550000000  .5451003072
  .2600000000  .5031557435
  .2650000000  .4647029658
  .2700000000  .4299826566
  .2750000000  .3979221099
  .2800000000  .3682862552
  .2850000000  .3414291022
  .2900000000  .3170672173
  .2950000000  .2944683305
  .3000000000  .2738047994
  .3050000000  .2552955725
  .3100000000  .2380335953
  .3150000000  .2223291731
  .3200000000  .2081871736
  .3250000000  .1949152482
  .3300000000  .1831125182
  .3350000000  .1721971288
  .3400000000  .1620802379
  .3450000000  .1531118039
  .3500000000  .1445808971
  .3550000000  .1370899295
  .3600000000  .1300223809
  .3650000000  .1236453353
  .3700000000  .1177816117
  .3750000000  .1123662349
  .3800000000  .1074918796
  .3850000000  .1029064684
  .3900000000  .0988457927
  .3950000000  .0949770678
  .4000000000  .0915872439
  .4050000000  .0883383675
  .4100000000  .0855040551
  .4150000000  .0827928289
  .4200000000  .0804213973
  .4250000000  .0781786759
  .4300000000  .0761960270
  .4350000000  .0743643880
  .4400000000  .0727113133
  .4450000000  .0712440271
  .4500000000  .0698729638
  .4550000000  .0687333172
  .4600000000  .0676061259
  .4650000000  .0667663180
  .4700000000  .0659363284
  .4750000000  .0657765244
  .4800000000  .0652795352
  .4850000000  .0648957190
  .4900000000  .0646230286
  .4950000000  .0644599997
  .5000000000  .0644057529
  .5050000000  .0644599948
  .5100000000  .0646230188
  .5150000000  .0648957043
  .5200000000  .0652795157
  .5250000000  .0657765001
  .5300000000  .0659363007
  .5350000000  .0667662872
  .5400000000  .0676060922
  .5450000000  .0687332806
  .5500000000  .0698729244
  .5550000000  .0712439849
  .5600000000  .0727112686
  .5650000000  .0743643407
  .5700000000  .0761959773
  .5750000000  .0781786238
  .5800000000  .0804213431
  .5850000000  .0827927726
  .5900000000  .0855039970
  .5950000000  .0883383076
  .6000000000  .0915871825
  .6050000000  .0949770049
  .6100000000  .0988457287
  .6150000000  .1029064035
  .6200000000  .1074918141
  .6250000000  .1123661689
  .6300000000  .1177815456
  .6350000000  .1236452695
  .6400000000  .1300223155
  .6450000000  .1370898651
  .6500000000  .1445808340
  .6550000000  .1531117426
  .6600000000  .1620801786
  .6650000000  .1721970722
  .6700000000  .1831124649
  .6750000000  .1949151985
  .6800000000  .2081871283
  .6850000000  .2223291326
  .6900000000  .2380335603
  .6950000000  .2552955438
  .7000000000  .2738047774
  .7050000000  .2944683162
  .7100000000  .3170672113
  .7150000000  .3414291053
  .7200000000  .3682862681
  .7250000000  .3979221335
  .7300000000  .4299826915
  .7350000000  .4647030128
  .7400000000  .5031558034
  .7450000000  .5451003806
  .7500000000  .5905593465
  .7550000000  .6398494382
  .7600000000  .6933116266
  .7650000000  .7519915798
  .7700000000  .8156596560
  .7750000000  .8845988123
  .7800000000  .9592571253
  .7850000000  1.040137147
  .7900000000  1.127818416
  .7950000000  1.222992201
  .8000000000  1.326512566
  .8050000000  1.439468452
  .8100000000  1.563281890
  .8150000000  1.699837750
  .8200000000  1.851650418
  .8250000000  2.022072385
  .8300000000  2.215548862
  .8350000000  2.438187194
  .8400000000  2.702936610
  .8450000000  3.017308092
  .8500000000  3.394846951
  .8550000000  3.861199892
  .8600000000  4.443387109
  .8650000000  5.163786451
  .8700000000  6.089974322
  .8750000000  7.245511840
  .8800000000  8.718925112
  .8850000000  10.57282636
  .8900000000  12.87905320
  .8950000000  15.72446628
&
@ s9 color  5
@ s9 linestyle  1
@target s9
@type xy
  .4716605719 -10.000
  .4716605719  10.000
  .5283394280  10.000
  .5283394280 -10.000
&
@ s10 color  1
@ s10 linestyle  2
@ legend string 10 "(6)-(6)"
@target s10
@type xy
  .1000000000  19.18508765
  .1050000000  15.72458555
  .1100000000  12.87910273
  .1150000000  10.57288196
  .1200000000  8.719042429
  .1250000000  7.245730341
  .1300000000  6.090318949
  .1350000000  5.164267631
  .1400000000  4.444007197
  .1450000000  3.861953382
  .1500000000  3.395723250
  .1550000000  3.018293132
  .1600000000  2.704015411
  .1650000000  2.439343991
  .1700000000  2.216765911
  .1750000000  2.023334327
  .1800000000  1.852942922
  .1850000000  1.701147641
  .1900000000  1.564597309
  .1950000000  1.440778939
  .2000000000  1.327809078
  .2050000000  1.224267085
  .2100000000  1.129065338
  .2150000000  1.041350988
  .2200000000  .9604338710
  .2250000000  .8857354210
  .2300000000  .8167539306
  .2350000000  .7530420406
  .2400000000  .6943173483
  .2450000000  .6408099115
  .2500000000  .5914748089
  .2550000000  .5459713765
  .2600000000  .5039831047
  .2650000000  .4654876034
  .2700000000  .4307259179
  .2750000000  .3986253344
  .2800000000  .3689507883
  .2850000000  .3420565735
  .2900000000  .3176593509
  .2950000000  .2950265357
  .3000000000  .2743306474
  .3050000000  .2557909639
  .3100000000  .2384998073
  .3150000000  .2227677783
  .3200000000  .2085998858
  .3250000000  .1953031301
  .3300000000  .1834773211
  .3350000000  .1725400480
  .3400000000  .1624023588
  .3450000000  .1534147400
  .3500000000  .1448653422
  .3550000000  .1373574543
  .3600000000  .1302737129
  .3650000000  .1238816113
  .3700000000  .1180037436
  .3750000000  .1125750253
  .3800000000  .1076883382
  .3850000000  .1030911563
  .3900000000  .0990197424
  .3950000000  .0951406813
  .4000000000  .0917415145
  .4050000000  .0884836095
  .4100000000  .0856411729
  .4150000000  .0829221089
  .4200000000  .0805436172
  .4250000000  .0782941432
  .4300000000  .0763053648
  .4350000000  .0744679652
  .4400000000  .0728095770
  .4450000000  .0713374414
  .4500000000  .0699617823
  .4550000000  .0688181301
  .4600000000  .0676869772
  .4650000000  .0668439505
  .4700000000  .0660107788
  .4750000000  .0658458424
  .4800000000  .0653468040
  .4850000000  .0649614087
  .4900000000  .0646875994
  .4950000000  .0645239045
  .5000000000  .0644694402
  .5050000000  .0645239119
  .5100000000  .0646876143
  .5150000000  .0649614313
  .5200000000  .0653468345
  .5250000000  .0658458809
  .5300000000  .0660108203
  .5350000000  .0668440014
  .5400000000  .0676870375
  .5450000000  .0688181994
  .5500000000  .0699618605
  .5550000000  .0713375282
  .5600000000  .0728096723
  .5650000000  .0744680686
  .5700000000  .0763054760
  .5750000000  .0782942620
  .5800000000  .0805437431
  .5850000000  .0829222417
  .5900000000  .0856413119
  .5950000000  .0884837545
  .6000000000  .0917416647
  .6050000000  .0951408365
  .6100000000  .0990199017
  .6150000000  .1030913195
  .6200000000  .1076885043
  .6250000000  .1125751938
  .6300000000  .1180039136
  .6350000000  .1238817822
  .6400000000  .1302738838
  .6450000000  .1373576242
  .6500000000  .1448655105
  .6550000000  .1534149053
  .6600000000  .1624025206
  .6650000000  .1725402047
  .6700000000  .1834774719
  .6750000000  .1953032740
  .6800000000  .2086000212
  .6850000000  .2227679043
  .6900000000  .2384999225
  .6950000000  .2557910669
  .7000000000  .2743307373
  .7050000000  .2950266109
  .7100000000  .3176594100
  .7150000000  .3420566155
  .7200000000  .3689508118
  .7250000000  .3986253379
  .7300000000  .4307259006
  .7350000000  .4654875642
  .7400000000  .5039830424
  .7450000000  .5459712904
  .7500000000  .5914746983
  .7550000000  .6408097760
  .7600000000  .6943171877
  .7650000000  .7530418548
  .7700000000  .8167537202
  .7750000000  .8857351867
  .7800000000  .9604336139
  .7850000000  1.041350710
  .7900000000  1.129065040
  .7950000000  1.224266771
  .8000000000  1.327808750
  .8050000000  1.440778601
  .8100000000  1.564596966
  .8150000000  1.701147296
  .8200000000  1.852942581
  .8250000000  2.023333995
  .8300000000  2.216765593
  .8350000000  2.439343693
  .8400000000  2.704015141
  .8450000000  3.018292893
  .8500000000  3.395723045
  .8550000000  3.861953217
  .8600000000  4.444007072
  .8650000000  5.164267547
  .8700000000  6.090318904
  .8750000000  7.245730331
  .8800000000  8.719042445
  .8850000000  10.57288199
  .8900000000  12.87910277
  .8950000000  15.72458558
&
@ s11 color  1
@ s11 linestyle  2
@target s11
@type xy
  .4716605719 -10.000
  .4716605719  10.000
  .5283394280  10.000
  .5283394280 -10.000
&
@ s12 color  2
@ s12 linestyle  2
@ legend string 12 "(7)-(7)"
@target s12
@type xy
  .1000000000  19.18490106
  .1050000000  15.72452456
  .1100000000  12.87908526
  .1150000000  10.57284436
  .1200000000  8.718939100
  .1250000000  7.245530074
  .1300000000  6.090003397
  .1350000000  5.163830582
  .1400000000  4.443449669
  .1450000000  3.861282427
  .1500000000  3.394950175
  .1550000000  3.017431844
  .1600000000  2.703080066
  .1650000000  2.438349094
  .1700000000  2.215727432
  .1750000000  2.022265747
  .1800000000  1.851856580
  .1850000000  1.700054665
  .1900000000  1.563507517
  .1950000000  1.439700800
  .2000000000  1.326749734
  .2050000000  1.223232405
  .2100000000  1.128060012
  .2150000000  1.040378636
  .2200000000  .9594971649
  .2250000000  .8848362134
  .2300000000  .8158933784
  .2350000000  .7522207244
  .2400000000  .6935353965
  .2450000000  .6400670388
  .2500000000  .5907702658
  .2550000000  .5453042075
  .2600000000  .5033522134
  .2650000000  .4648917179
  .2700000000  .4301634286
  .2750000000  .3980948204
  .2800000000  .3684508626
  .2850000000  .3415855639
  .2900000000  .3172155650
  .2950000000  .2946086537
  .3000000000  .2739371953
  .3050000000  .2554201864
  .3100000000  .2381505827
  .3150000000  .2224387104
  .3200000000  .2082894825
  .3250000000  .1950105029
  .3300000000  .1832009784
  .3350000000  .1722790132
  .3400000000  .1621557485
  .3450000000  .1531812469
  .3500000000  .1446444320
  .3550000000  .1371478851
  .3600000000  .1300749393
  .3650000000  .1236927647
  .3700000000  .1178241497
  .3750000000  .1124040926
  .3800000000  .1075253394
  .3850000000  .1029356935
  .3900000000  .0988710962
  .3950000000  .0949985776
  .4000000000  .0916052888
  .4050000000  .0883530550
  .4100000000  .0855157128
  .4150000000  .0828015614
  .4200000000  .0804275127
  .4250000000  .0781822947
  .4300000000  .0761974184
  .4350000000  .0743637092
  .4400000000  .0727087730
  .4450000000  .0712398421
  .4500000000  .0698672581
  .4550000000  .0687263936
  .4600000000  .0675979978
  .4650000000  .0667574019
  .4700000000  .0659266340
  .4750000000  .0657617918
  .4800000000  .0652641382
  .4850000000  .0648798189
  .4900000000  .0646067779
  .4950000000  .0644435443
  .5000000000  .0643892347
  .5050000000  .0644435544
  .5100000000  .0646067982
  .5150000000  .0648798495
  .5200000000  .0652641792
  .5250000000  .0657618435
  .5300000000  .0659267733
  .5350000000  .0667575504
  .5400000000  .0675981557
  .5450000000  .0687265607
  .5500000000  .0698674345
  .5550000000  .0712400276
  .5600000000  .0727089676
  .5650000000  .0743639129
  .5700000000  .0761976310
  .5750000000  .0781825160
  .5800000000  .0804277425
  .5850000000  .0828017996
  .5900000000  .0855159589
  .5950000000  .0883533089
  .6000000000  .0916055497
  .6050000000  .0949988454
  .6100000000  .0988713701
  .6150000000  .1029359731
  .6200000000  .1075256237
  .6250000000  .1124043810
  .6300000000  .1178244409
  .6350000000  .1236930579
  .6400000000  .1300752333
  .6450000000  .1371481783
  .6500000000  .1446447235
  .6550000000  .1531815341
  .6600000000  .1621560305
  .6650000000  .1722792871
  .6700000000  .1832012425
  .6750000000  .1950107549
  .6800000000  .2082897190
  .6850000000  .2224389293
  .6900000000  .2381507805
  .6950000000  .2554203593
  .7000000000  .2739373408
  .7050000000  .2946087669
  .7100000000  .3172156417
  .7150000000  .3415856006
  .7200000000  .3684508541
  .7250000000  .3980947614
  .7300000000  .4301633148
  .7350000000  .4648915445
  .7400000000  .5033519743
  .7450000000  .5453038974
  .7500000000  .5907698798
  .7550000000  .6400665720
  .7600000000  .6935348441
  .7650000000  .7522200815
  .7700000000  .8158926412
  .7750000000  .8848353788
  .7800000000  .9594962309
  .7850000000  1.040377601
  .7900000000  1.128058877
  .7950000000  1.223231173
  .8000000000  1.326748408
  .8050000000  1.439699388
  .8100000000  1.563506027
  .8150000000  1.700053110
  .8200000000  1.851854976
  .8250000000  2.022264112
  .8300000000  2.215725788
  .8350000000  2.438347468
  .8400000000  2.703078488
  .8450000000  3.017430345
  .8500000000  3.394948786
  .8550000000  3.861281182
  .8600000000  4.443448597
  .8650000000  5.163829709
  .8700000000  6.090002741
  .8750000000  7.245529637
  .8800000000  8.718938868
  .8850000000  10.57284430
  .8900000000  12.87908530
  .8950000000  15.72452461
&
@ s13 color  2
@ s13 linestyle  2
@target s13
@type xy
  .4716605719 -10.000
  .4716605719  10.000
  .5283394280  10.000
  .5283394280 -10.000
&
@ s14 color  3
@ s14 linestyle  2
@ legend string 14 "(8)-(9)"
@target s14
@type xy
  .1000000000  21.84393246
  .1050000000  18.07069991
  .1100000000  14.89918390
  .1150000000  12.27746840
  .1200000000  10.14509068
  .1250000000  8.441527343
  .1300000000  7.063974340
  .1350000000  5.979663600
  .1400000000  5.104295772
  .1450000000  4.416935417
  .1500000000  3.857033463
  .1550000000  3.405530092
  .1600000000  3.038309114
  .1650000000  2.731349832
  .1700000000  2.471915349
  .1750000000  2.249891595
  .1800000000  2.059199102
  .1850000000  1.890963858
  .1900000000  1.740856085
  .1950000000  1.605627212
  .2000000000  1.482822237
  .2050000000  1.370586291
  .2100000000  1.267509786
  .2150000000  1.172507533
  .2200000000  1.084726867
  .2250000000  1.003479779
  .2300000000  .9285732149
  .2350000000  .8594767661
  .2400000000  .7954844556
  .2450000000  .7362013321
  .2500000000  .6812633114
  .2550000000  .6303335136
  .2600000000  .5838859232
  .2650000000  .5411172254
  .2700000000  .5014709611
  .2750000000  .4646877718
  .2800000000  .4313745465
  .2850000000  .4007437928
  .2900000000  .3722586615
  .2950000000  .3461670458
  .3000000000  .3225660313
  .3050000000  .3005233948
  .3100000000  .2803385226
  .3150000000  .2620991471
  .3200000000  .2449671123
  .3250000000  .2295235826
  .3300000000  .2153110382
  .3350000000  .2019527967
  .3400000000  .1901758732
  .3450000000  .1789694921
  .3500000000  .1688820094
  .3550000000  .1595207470
  .3600000000  .1508390451
  .3650000000  .1430018218
  .3700000000  .1355386527
  .3750000000  .1289558770
  .3800000000  .1225648384
  .3850000000  .1169943841
  .3900000000  .1115620686
  .3950000000  .1067891105
  .4000000000  .1021497272
  .4050000000  .0980643844
  .4100000000  .0940820764
  .4150000000  .0905898502
  .4200000000  .0871538070
  .4250000000  .0841738598
  .4300000000  .0812287665
  .4350000000  .0786575827
  .4400000000  .0761501922
  .4450000000  .0739098610
  .4500000000  .0717831931
  .4550000000  .0698227681
  .4600000000  .0680294529
  .4650000000  .0663077688
  .4700000000  .0648093342
  .4750000000  .0633267564
  .4800000000  .0620588176
  .4850000000  .0608381084
  .4900000000  .0600011117
  .4950000000  .0590209544
  .5000000000  .0581250437
  .5050000000  .0573107825
  .5100000000  .0565760439
  .5150000000  .0559191984
  .5200000000  .0553391426
  .5250000000  .0548353299
  .5300000000  .0544078031
  .5350000000  .0540572277
  .5400000000  .0537849271
  .5450000000  .0535929179
  .5500000000  .0534839471
  .5550000000  .0534615285
  .5600000000  .0535299811
  .5650000000  .0536944661
  .5700000000  .0539610251
  .5750000000  .0543366173
  .5800000000  .0548291554
  .5850000000  .0554475401
  .5900000000  .0561266647
  .5950000000  .0570556000
  .6000000000  .0580710579
  .6050000000  .0593184922
  .6100000000  .0606721762
  .6150000000  .0622836303
  .6200000000  .0640444552
  .6250000000  .0660771623
  .6300000000  .0683345926
  .6350000000  .0708588796
  .6400000000  .0737276246
  .6450000000  .0768286588
  .6500000000  .0804542449
  .6550000000  .0842860056
  .6600000000  .0887994634
  .6650000000  .0936711413
  .6700000000  .0991126442
  .6750000000  .1052836806
  .6800000000  .1119092272
  .6850000000  .1196090459
  .6900000000  .1280463460
  .6950000000  .1372315357
  .7000000000  .1479223802
  .7050000000  .1595821024
  .7100000000  .1723257418
  .7150000000  .1871137206
  .7200000000  .2033483041
  .7250000000  .2211875642
  .7300000000  .2413522429
  .7350000000  .2640175348
  .7400000000  .2890527415
  .7450000000  .3167380220
  .7500000000  .3477201326
  .7550000000  .3826647101
  .7600000000  .4213855239
  .7650000000  .4643104424
  .7700000000  .5119103586
  .7750000000  .5646978245
  .7800000000  .6232235189
  .7850000000  .6883097439
  .7900000000  .7604557431
  .7950000000  .8400060819
  .8000000000  .9275508712
  .8050000000  1.023662957
  .8100000000  1.128877076
  .8150000000  1.243665511
  .8200000000  1.368783498
  .8250000000  1.504354353
  .8300000000  1.650257592
  .8350000000  1.806333363
  .8400000000  1.972193818
  .8450000000  2.147275849
  .8500000000  2.330676490
  .8550000000  2.520612219
  .8600000000  2.715360893
  .8650000000  2.912445896
  .8700000000  3.110299190
  .8750000000  3.305871290
  .8800000000  3.499083992
  .8850000000  3.690711132
  .8900000000  3.884919473
  .8950000000  4.093428371
&
@ s15 color  3
@ s15 linestyle  2
@target s15
@type xy
  .4877774114 -10.000
  .4877774114  10.000
  .5885611469  10.000
  .5885611469 -10.000
&
@ s16 color  4
@ s16 linestyle  2
@ legend string 16 "(9)-(10)"
@target s16
@type xy
  .1000000000  4.371910318
  .1050000000  4.124858963
  .1100000000  3.914903281
  .1150000000  3.720312546
  .1200000000  3.529011144
  .1250000000  3.336614431
  .1300000000  3.141185162
  .1350000000  2.944019065
  .1400000000  2.746827931
  .1450000000  2.552055032
  .1500000000  2.361584437
  .1550000000  2.177499949
  .1600000000  2.001188248
  .1650000000  1.834224751
  .1700000000  1.676934620
  .1750000000  1.529721485
  .1800000000  1.392762065
  .1850000000  1.266032207
  .1900000000  1.149337015
  .1950000000  1.042342577
  .2000000000  .9446073893
  .2050000000  .8556120200
  .2100000000  .7747860430
  .2150000000  .7015316080
  .2200000000  .6352433399
  .2250000000  .5753245052
  .2300000000  .5211995680
  .2350000000  .4723234027
  .2400000000  .4281875161
  .2450000000  .3883236908
  .2500000000  .3527646889
  .2550000000  .3210511904
  .2600000000  .2923773073
  .2650000000  .2664220171
  .2700000000  .2429842269
  .2750000000  .2225154151
  .2800000000  .2039011853
  .2850000000  .1869530498
  .2900000000  .1719475960
  .2950000000  .1585837929
  .3000000000  .1463345932
  .3050000000  .1354197022
  .3100000000  .1257610359
  .3150000000  .1168406889
  .3200000000  .1089938865
  .3250000000  .1019357032
  .3300000000  .0953698502
  .3350000000  .0897986384
  .3400000000  .0845726226
  .3450000000  .0799373018
  .3500000000  .0757863446
  .3550000000  .0719447255
  .3600000000  .0686551704
  .3650000000  .0655198054
  .3700000000  .0628878207
  .3750000000  .0603853684
  .3800000000  .0582475811
  .3850000000  .0562589270
  .3900000000  .0545436589
  .3950000000  .0529751792
  .4000000000  .0516238403
  .4050000000  .0504026592
  .4100000000  .0493683435
  .4150000000  .0484871338
  .4200000000  .0477163890
  .4250000000  .0470718883
  .4300000000  .0465448354
  .4350000000  .0461274035
  .4400000000  .0458126969
  .4450000000  .0455947104
  .4500000000  .0454682881
  .4550000000  .0454290825
  .4600000000  .0454735153
  .4650000000  .0455987417
  .4700000000  .0458026176
  .4750000000  .0460836728
  .4800000000  .0464410889
  .4850000000  .0468746837
  .4900000000  .0473849030
  .4950000000  .0479728192
  .5000000000  .0486401381
  .5050000000  .0493892142
  .5100000000  .0502230741
  .5150000000  .0511454482
  .5200000000  .0521608115
  .5250000000  .0532744317
  .5300000000  .0544924261
  .5350000000  .0558218249
  .5400000000  .0572706416
  .5450000000  .0588479489
  .5500000000  .0605686118
  .5550000000  .0625561948
  .5600000000  .0645662368
  .5650000000  .0668713238
  .5700000000  .0692766437
  .5750000000  .0719525573
  .5800000000  .0748092521
  .5850000000  .0779260036
  .5900000000  .0813018222
  .5950000000  .0849464826
  .6000000000  .0889220247
  .6050000000  .0932026896
  .6100000000  .0978727945
  .6150000000  .1029229901
  .6200000000  .1083982947
  .6250000000  .1143818341
  .6300000000  .1207904748
  .6350000000  .1279067205
  .6400000000  .1353961497
  .6450000000  .1438855752
  .6500000000  .1527406803
  .6550000000  .1627743225
  .6600000000  .1734415273
  .6650000000  .1851043351
  .6700000000  .1979591869
  .6750000000  .2115477084
  .6800000000  .2269680507
  .6850000000  .2434323147
  .6900000000  .2612335227
  .6950000000  .2811162394
  .7000000000  .3023778973
  .7050000000  .3255206883
  .7100000000  .3511701627
  .7150000000  .3787109642
  .7200000000  .4083863837
  .7250000000  .4414279781
  .7300000000  .4769684385
  .7350000000  .5152201726
  .7400000000  .5566425414
  .7450000000  .6019859926
  .7500000000  .6506708571
  .7550000000  .7029067868
  .7600000000  .7588929350
  .7650000000  .8188387647
  .7700000000  .8832933998
  .7750000000  .9517179871
  .7800000000  1.024111993
  .7850000000  1.100397141
  .7900000000  1.180403329
  .7950000000  1.263858302
  .8000000000  1.350383986
  .8050000000  1.439503053
  .8100000000  1.530659934
  .8150000000  1.623261085
  .8200000000  1.716739754
  .8250000000  1.810650846
  .8300000000  1.904801604
  .8350000000  1.999277368
  .8400000000  2.095380205
  .8450000000  2.195455208
  .8500000000  2.303192436
  .8550000000  2.427111425
  .8600000000  2.576048513
  .8650000000  2.766052880
  .8700000000  3.022055281
  .8750000000  3.372537975
  .8800000000  3.859718989
  .8850000000  4.549462597
  .8900000000  5.502983778
  .8950000000  6.813875416
&
@ s17 color  4
@ s17 linestyle  2
@target s17
@type xy
  .4132226436 -10.000
  .4132226436  10.000
  .5499477409  10.000
  .5499477409 -10.000
&
@ s18 color  5
@ s18 linestyle  2
@ legend string 18 "(10)-(9)"
@target s18
@type xy
  .1000000000  8.597206628
  .1050000000  6.813875416
  .1100000000  5.502983778
  .1150000000  4.549462597
  .1200000000  3.859718989
  .1250000000  3.372537975
  .1300000000  3.022055281
  .1350000000  2.766052880
  .1400000000  2.576048513
  .1450000000  2.427111425
  .1500000000  2.303192436
  .1550000000  2.195455208
  .1600000000  2.095380205
  .1650000000  1.999277368
  .1700000000  1.904801604
  .1750000000  1.810650846
  .1800000000  1.716739754
  .1850000000  1.623261085
  .1900000000  1.530659934
  .1950000000  1.439503053
  .2000000000  1.350383986
  .2050000000  1.263858302
  .2100000000  1.180403329
  .2150000000  1.100397141
  .2200000000  1.024111993
  .2250000000  .9517179871
  .2300000000  .8832933998
  .2350000000  .8188387647
  .2400000000  .7588929350
  .2450000000  .7029067868
  .2500000000  .6506708571
  .2550000000  .6019859926
  .2600000000  .5566425414
  .2650000000  .5152201726
  .2700000000  .4769684385
  .2750000000  .4414279781
  .2800000000  .4083863837
  .2850000000  .3787109642
  .2900000000  .3511701627
  .2950000000  .3255206883
  .3000000000  .3023778973
  .3050000000  .2811162394
  .3100000000  .2612335227
  .3150000000  .2434323147
  .3200000000  .2269680507
  .3250000000  .2115477084
  .3300000000  .1979591869
  .3350000000  .1851043351
  .3400000000  .1734415273
  .3450000000  .1627743225
  .3500000000  .1527406803
  .3550000000  .1438855752
  .3600000000  .1353961497
  .3650000000  .1279067205
  .3700000000  .1207904748
  .3750000000  .1143818341
  .3800000000  .1083982947
  .3850000000  .1029229901
  .3900000000  .0978727945
  .3950000000  .0932026896
  .4000000000  .0889220247
  .4050000000  .0849464826
  .4100000000  .0813018222
  .4150000000  .0779260036
  .4200000000  .0748092521
  .4250000000  .0719525573
  .4300000000  .0692766437
  .4350000000  .0668713238
  .4400000000  .0645662368
  .4450000000  .0625561948
  .4500000000  .0605686118
  .4550000000  .0588479489
  .4600000000  .0572706416
  .4650000000  .0558218249
  .4700000000  .0544924261
  .4750000000  .0532744317
  .4800000000  .0521608115
  .4850000000  .0511454482
  .4900000000  .0502230741
  .4950000000  .0493892142
  .5000000000  .0486401381
  .5050000000  .0479728192
  .5100000000  .0473849030
  .5150000000  .0468746837
  .5200000000  .0464410889
  .5250000000  .0460836728
  .5300000000  .0458026176
  .5350000000  .0455987417
  .5400000000  .0454735153
  .5450000000  .0454290825
  .5500000000  .0454682881
  .5550000000  .0455947104
  .5600000000  .0458126969
  .5650000000  .0461274035
  .5700000000  .0465448354
  .5750000000  .0470718883
  .5800000000  .0477163890
  .5850000000  .0484871338
  .5900000000  .0493683435
  .5950000000  .0504026592
  .6000000000  .0516238403
  .6050000000  .0529751792
  .6100000000  .0545436589
  .6150000000  .0562589270
  .6200000000  .0582475811
  .6250000000  .0603853684
  .6300000000  .0628878207
  .6350000000  .0655198054
  .6400000000  .0686551704
  .6450000000  .0719447255
  .6500000000  .0757863446
  .6550000000  .0799373018
  .6600000000  .0845726226
  .6650000000  .0897986384
  .6700000000  .0953698502
  .6750000000  .1019357032
  .6800000000  .1089938865
  .6850000000  .1168406889
  .6900000000  .1257610359
  .6950000000  .1354197022
  .7000000000  .1463345932
  .7050000000  .1585837929
  .7100000000  .1719475960
  .7150000000  .1869530498
  .7200000000  .2039011853
  .7250000000  .2225154151
  .7300000000  .2429842269
  .7350000000  .2664220171
  .7400000000  .2923773073
  .7450000000  .3210511904
  .7500000000  .3527646889
  .7550000000  .3883236908
  .7600000000  .4281875161
  .7650000000  .4723234027
  .7700000000  .5211995680
  .7750000000  .5753245052
  .7800000000  .6352433399
  .7850000000  .7015316080
  .7900000000  .7747860430
  .7950000000  .8556120200
  .8000000000  .9446073893
  .8050000000  1.042342577
  .8100000000  1.149337015
  .8150000000  1.266032207
  .8200000000  1.392762065
  .8250000000  1.529721485
  .8300000000  1.676934620
  .8350000000  1.834224751
  .8400000000  2.001188248
  .8450000000  2.177499949
  .8500000000  2.361584437
  .8550000000  2.552055032
  .8600000000  2.746827931
  .8650000000  2.944019065
  .8700000000  3.141185162
  .8750000000  3.336614431
  .8800000000  3.529011144
  .8850000000  3.720312546
  .8900000000  3.914903281
  .8950000000  4.124858963
&
@ s19 color  5
@ s19 linestyle  2
@target s19
@type xy
  .4500522590 -10.000
  .4500522590  10.000
  .5867773563  10.000
  .5867773563 -10.000
&
