  Type    Harmonic   (l)             Total
     1
                 0     0  1166.24899456576
                 1     1  .000003527609998
                 2     1  .175100163081698
                 3     1 -.000006838286105
                 4     2 -.000106855360543
                 5     2  .000022882888991
                 6     2  .062480608081222
                 7     2  .000018620119610
                 8     2 -.000064243321134
                 9     3 -.025151226091503
                10     3 -.000011058514166
                11     3 -.000008780850826
                12     3  .005603857557128
                13     3 -.000024317431869
                14     3  .000010893960452
                15     3  .000000007361169
                16     4  .000073009320610
                17     4  .040907749605614
                18     4  .000006816569921
                19     4  .000054181441329
                20     4 -.062655554126722
                21     4  .000017081601191
                22     4  .000031388395517
                23     4  .000000029975592
                24     4 -.000027521527172
                25     5  .000005407787504
                26     5  .000003579063955
                27     5 -.038881053737276
                28     5 -.000004357150464
                29     5 -.000010597976682
                30     5 -.026081589425023
                31     5 -.000010154028132
                32     5  .000013542798931
                33     5 -.000000044823917
                34     5 -.000003705554567
                35     5  .000002514320888
                36     6  .000000002096699
                37     6  .000009729302253
                38     6 -.000005494672889
                39     6  .030397922444269
                40     6  .000003865255838
                41     6  .000001597814119
                42     6  .048646383065791
                43     6  .000003918069622
                44     6 -.000007906262908
                45     6  .000000005140938
                46     6  .000007176892475
                47     6 -.000001098530264
                48     6 -.059936672247242
                49     7  .000004731153409
                50     7  .000000002370372
                51     7  .000004931066228
                52     7 -.000000995010823
                53     7 -.018685822851722
                54     7 -.000002497272735
                55     7 -.000006601527693
                56     7 -.009347731467351
                57     7 -.000001177017498
                58     7 -.000000191649527
                59     7 -.000000018723263
                60     7  .000000733819009
                61     7  .000000631685161
                62     7 -.002846856152426
                63     7 -.000000169418688
                64     8 -.000004127967808
                65     8 -.000001593459679
                66     8 -.000000007337265
                67     8 -.000005230243155
                68     8  .000001486883351
                69     8  .008408447077768
                70     8  .000001880786705
                71     8  .000002152838708
                72     8 -.006888277659872
                73     8  .000000393125991
                74     8  .000002521526776
                75     8  .000000018078174
                76     8 -.000004844194501
                77     8  .000000058451407
                78     8  .016381418918995
                79     8 -.000000111863475
                80     8 -.000008330280670
     2
                 0     0  1166.21380237001
                 1     1 -.000003908875635
                 2     1 -.004862613229727
                 3     1  .000000662983212
                 4     2 -.000095417070660
                 5     2 -.000050002924052
                 6     2  .003796245197760
                 7     2  .000039682158269
                 8     2 -.000153174085704
                 9     3  .001329891193411
                10     3  .000000127074483
                11     3  .000000991059261
                12     3  .001039148977922
                13     3  .000001917545115
                14     3  .000000234544541
                15     3 -.000000047137470
                16     4  .000066680019670
                17     4  .072778981895084
                18     4  .000015102483205
                19     4  .000023308610926
                20     4 -.043597394864484
                21     4  .000036543388481
                22     4  .000041804823175
                23     4  .000000109609522
                24     4 -.000104349979468
                25     5 -.000007472089726
                26     5  .000000010081570
                27     5  .000684415153562
                28     5 -.000000280779654
                29     5  .000001563552859
                30     5  .000172324395895
                31     5  .000000436652635
                32     5 -.000009702157147
                33     5 -.000000044398153
                34     5  .000006879326508
                35     5 -.000000167932421
                36     6  .000000004605789
                37     6  .000019970931816
                38     6 -.000005595603231
                39     6  .055000970386860
                40     6  .000007759778272
                41     6 -.000012882348077
                42     6  .064934577841893
                43     6  .000008197445653
                44     6 -.000012589943586
                45     6  .000000009462381
                46     6 -.000000197138758
                47     6 -.000002246918216
                48     6 -.057744060568459
                49     7 -.000004273820282
                50     7  .000000001935422
                51     7  .000000445308337
                52     7  .000000238162470
                53     7  .000470541741705
                54     7 -.000000127403231
                55     7 -.000001086783628
                56     7  .000706881451319
                57     7 -.000000154421623
                58     7 -.000003578042180
                59     7 -.000000051677429
                60     7  .000001823783529
                61     7 -.000000276126243
                62     7 -.000069733279188
                63     7 -.000000032195967
                64     8 -.000002367069523
                65     8 -.000002454441731
                66     8 -.000000015460142
                67     8 -.000009298271482
                68     8  .000000943378370
                69     8  .015550394165918
                70     8  .000001390877556
                71     8  .000012339060306
                72     8 -.005002619645047
                73     8  .000000567733536
                74     8  .000007271773882
                75     8  .000000049504348
                76     8 -.000012272087299
                77     8 -.000000094556668
                78     8  .018742757613025
                79     8 -.000000183718240
                80     8 -.000024547861011
     3
                 0     0  1166.21814984663
                 1     1  .000009702259638
                 2     1 -.010684353093506
                 3     1 -.000000178988277
                 4     2 -.000097194183861
                 5     2  .000004249778901
                 6     2  .005732278968261
                 7     2  .000037520683000
                 8     2 -.000142666858297
                 9     3  .001837615699206
                10     3  .000000650701218
                11     3  .000002690964102
                12     3 -.000651231651111
                13     3 -.000000372854331
                14     3  .000022584193420
                15     3  .000000001974478
                16     4  .000067638068886
                17     4  .068410450591447
                18     4  .000013425793563
                19     4  .000051236831123
                20     4 -.045808411365656
                21     4  .000034703289887
                22     4  .000062405887241
                23     4  .000000045224652
                24     4 -.000074116831899
                25     5  .000002697437688
                26     5 -.000000242249016
                27     5  .002866026376847
                28     5  .000000235277840
                29     5  .000008542568188
                30     5  .002104480151093
                31     5 -.000000172150414
                32     5 -.000002665918137
                33     5 -.000000049510449
                34     5  .000009995318728
                35     5  .000000109455952
                36     6  .000000007925293
                37     6  .000006098995408
                38     6 -.000005146257781
                39     6  .052848348263955
                40     6  .000008283894144
                41     6  .000008989919718
                42     6  .063313576230228
                43     6  .000008175493263
                44     6 -.000002163932126
                45     6 -.000000039220687
                46     6 -.000000613510632
                47     6 -.000001955195047
                48     6 -.058379654727414
                49     7  .000004241532074
                50     7  .000000001561174
                51     7 -.000002262090576
                52     7 -.000000051847066
                53     7  .001185380937107
                54     7  .000000031819155
                55     7  .000001959234062
                56     7  .000244258125110
                57     7 -.000000043206213
                58     7 -.000007850813220
                59     7 -.000000012852852
                60     7  .000000955966070
                61     7  .000000062491928
                62     7  .000342158007557
                63     7 -.000000016176731
                64     8 -.000002174600914
                65     8 -.000002685134861
                66     8 -.000000007090724
                67     8 -.000008398036077
                68     8  .000000678124772
                69     8  .014870659705146
                70     8  .000001364822607
                71     8  .000007571688761
                72     8 -.005205987897748
                73     8  .000000651708321
                74     8  .000008123071603
                75     8  .000000025565394
                76     8 -.000009484689709
                77     8 -.000000013744876
                78     8  .018494285738830
                79     8 -.000000192619108
                80     8 -.000022234564942
     4
                 0     0  1166.22037563485
                 1     1 -.000008722247559
                 2     1  .001744661109297
                 3     1 -.000000146350960
                 4     2 -.000097795365937
                 5     2  .000014239439747
                 6     2  .009123292995297
                 7     2  .000037134893711
                 8     2 -.000216918691238
                 9     3 -.000198062347039
                10     3 -.000000383824066
                11     3 -.000010340419239
                12     3 -.000079669198729
                13     3  .000000336997679
                14     3 -.000001568031432
                15     3 -.000000019999660
                16     4  .000067891392839
                17     4  .066572563795960
                18     4  .000014002729344
                19     4  .000048528516307
                20     4 -.047222074572768
                21     4  .000034777251385
                22     4  .000091303497306
                23     4 -.000000026377889
                24     4 -.000151671688522
                25     5  .000002641743556
                26     5  .000000143782413
                27     5 -.000437205199464
                28     5 -.000000144101259
                29     5 -.000007736109653
                30     5 -.000226962415960
                31     5 -.000000047597021
                32     5 -.000008859899027
                33     5  .000000021627804
                34     5  .000002550604402
                35     5 -.000000028947757
                36     6  .000000009330329
                37     6  .000005970762136
                38     6 -.000005309900768
                39     6  .051445856560554
                40     6  .000008413474362
                41     6  .000007788388253
                42     6  .062694368122957
                43     6  .000008209964365
                44     6 -.000006806769635
                45     6 -.000000022184188
                46     6  .000011868779255
                47     6 -.000002049941073
                48     6 -.058559440298840
                49     7  .000001567784096
                50     7  .000000000338513
                51     7 -.000001612144840
                52     7  .000000025004392
                53     7 -.000173779281267
                54     7 -.000000013390981
                55     7 -.000003052931503
                56     7 -.000045526858486
                57     7 -.000000111013821
                58     7 -.000001238710186
                59     7  .000000002596045
                60     7  .000000781471690
                61     7 -.000000033116343
                62     7 -.000046042826979
                63     7 -.000000018124826
                64     8 -.000002246676643
                65     8 -.000001876379809
                66     8 -.000000004170406
                67     8 -.000005619268402
                68     8  .000000624825984
                69     8  .014550556074961
                70     8  .000001340369772
                71     8  .000005815673963
                72     8 -.005183481403774
                73     8  .000000710573815
                74     8  .000011231324677
                75     8 -.000000006753969
                76     8 -.000013974489271
                77     8  .000000026081446
                78     8  .018296009136984
                79     8 -.000000189261041
                80     8 -.000033967840098
     5
                 0     0  1166.21901002898
                 1     1 -.000000753313194
                 2     1  .002467210501497
                 3     1 -.000000046152952
                 4     2 -.000096555241190
                 5     2 -.000019956697468
                 6     2  .007913125421958
                 7     2  .000037072064207
                 8     2 -.000233254635882
                 9     3 -.000467368534421
                10     3 -.000000665690174
                11     3 -.000025815899243
                12     3  .000189790637756
                13     3  .000000092235712
                14     3 -.000013081974228
                15     3 -.000000004735655
                16     4  .000067752277795
                17     4  .067525999729597
                18     4  .000014569873597
                19     4  .000050147151499
                20     4 -.046707366675351
                21     4  .000034349484561
                22     4  .000123883948900
                23     4  .000000054589846
                24     4 -.000183786409594
                25     5 -.000005452821165
                26     5  .000000242261397
                27     5 -.000611201271903
                28     5 -.000000061622627
                29     5 -.000006491468198
                30     5 -.000425190856142
                31     5  .000000030966500
                32     5 -.000013614161378
                33     5  .000000031114743
                34     5 -.000001472848180
                35     5 -.000000022727291
                36     6  .000000008547959
                37     6  .000011115125381
                38     6 -.000005377768664
                39     6  .052083175050092
                40     6  .000008578289324
                41     6  .000001723832411
                42     6  .063065257830607
                43     6  .000008305396506
                44     6  .000001990517533
                45     6  .000000006603528
                46     6  .000020071453100
                47     6 -.000001785950948
                48     6 -.058472989392294
                49     7 -.000000692821620
                50     7 -.000000000166519
                51     7  .000002049212900
                52     7  .000000045842812
                53     7 -.000292692798635
                54     7  .000000073330284
                55     7  .000002180599124
                56     7 -.000094821833694
                57     7  .000000032087159
                58     7  .000003195181289
                59     7  .000000001309181
                60     7 -.000008709018363
                61     7 -.000000096553806
                62     7 -.000064052373727
                63     7 -.000000017091184
                64     8 -.000002182750228
                65     8 -.000003129822720
                66     8 -.000000007983031
                67     8 -.000009011528110
                68     8  .000000621885070
                69     8  .014714059964381
                70     8  .000001284315022
                71     8  .000009243933433
                72     8 -.005174086931967
                73     8  .000000722374548
                74     8  .000015610447941
                75     8  .000000030207720
                76     8 -.000016667540213
                77     8  .000000070741120
                78     8  .018382035694465
                79     8 -.000000220920709
                80     8 -.000036408555437
     6
                 0     0  1166.21657988766
                 1     1  .000012668632064
                 2     1  .003970928443725
                 3     1  .000000845797799
                 4     2 -.000096353437805
                 5     2  .000024349616847
                 6     2  .006062983548648
                 7     2  .000035981645946
                 8     2 -.000221890281302
                 9     3 -.000880037027865
                10     3 -.000000081111951
                11     3 -.000005018632487
                12     3  .000039387963310
                13     3  .000000020253530
                14     3 -.000024045770974
                15     3  .000000047728785
                16     4  .000067018875794
                17     4  .069339405888059
                18     4  .000014026583823
                19     4  .000051888201675
                20     4 -.045512721727525
                21     4  .000033992020535
                22     4  .000084834851722
                23     4  .000000068597000
                24     4 -.000159785887389
                25     5 -.000002344902883
                26     5 -.000000010465169
                27     5 -.001253208639937
                28     5  .000000339558078
                29     5  .000003438918524
                30     5 -.000862136992415
                31     5  .000000227015308
                32     5 -.000014398746572
                33     5  .000000006200361
                34     5 -.000006469697778
                35     5  .000000222444036
                36     6  .000000007567424
                37     6  .000004690622662
                38     6 -.000004796411117
                39     6  .053111028846136
                40     6  .000008547080185
                41     6  .000013834058757
                42     6  .063569387344553
                43     6  .000008134626571
                44     6 -.000002381081483
                45     6 -.000000021147024
                46     6  .000003584477083
                47     6 -.000001997108036
                48     6 -.058363206364545
                49     7  .000001026426281
                50     7 -.000000000850613
                51     7  .000004569669463
                52     7 -.000000563514314
                53     7 -.000474413204323
                54     7 -.000000177859437
                55     7  .000001623647146
                56     7 -.000138865887552
                57     7 -.000000067648634
                58     7  .000005680925821
                59     7  .000000029658660
                60     7 -.000007476682952
                61     7  .000000171208729
                62     7 -.000129941757412
                63     7 -.000000003793602
                64     8 -.000002160637380
                65     8 -.000001250146432
                66     8 -.000000011242501
                67     8 -.000005724895848
                68     8  .000000918863364
                69     8  .014926622986931
                70     8  .000001360534407
                71     8  .000006711406059
                72     8 -.005214819896493
                73     8  .000000896331394
                74     8  .000013717119742
                75     8  .000000041194038
                76     8 -.000014363930903
                77     8  .000000041129126
                78     8  .018557860345311
                79     8 -.000000187085073
                80     8 -.000036923206286
     7
                 0     0  1166.22126508861
                 1     1  .000005336892799
                 2     1 -.017487162747491
                 3     1 -.000000654809506
                 4     2 -.000098238702900
                 5     2  .000000615856229
                 6     2  .010085476757006
                 7     2  .000039125098334
                 8     2 -.000193128923342
                 9     3  .002835513317546
                10     3  .000000662110113
                11     3 -.000025355224512
                12     3 -.000331599460371
                13     3 -.000001519817543
                14     3 -.000003571553725
                15     3  .000000011819438
                16     4  .000067751420832
                17     4  .066870698296580
                18     4  .000014326384257
                19     4  .000064321275659
                20     4 -.047107285513294
                21     4  .000036768262655
                22     4  .000079264379808
                23     4  .000000067568836
                24     4 -.000127048077980
                25     5 -.000000261252332
                26     5 -.000000157738753
                27     5  .004186322579461
                28     5 -.000000573933618
                29     5 -.000003847032827
                30     5  .002819676616034
                31     5 -.000000905606810
                32     5  .000011190168923
                33     5  .000000033837156
                34     5 -.000009602282578
                35     5  .000000129250846
                36     6  .000000007220518
                37     6  .000014975246760
                38     6 -.000006101144189
                39     6  .050991584955934
                40     6  .000008443549986
                41     6  .000000605082140
                42     6  .062408440803875
                43     6  .000008532839457
                44     6 -.000010120883306
                45     6  .000000000157390
                46     6  .000010976548496
                47     6 -.000002088290566
                48     6 -.058655807642087
                49     7  .000002591776809
                50     7 -.000000002128587
                51     7 -.000002319229132
                52     7  .000000771990753
                53     7  .002095149570330
                54     7 -.000000120149518
                55     7  .000005234725491
                56     7  .000737686724715
                57     7 -.000000115709899
                58     7  .000008510339302
                59     7  .000000019024043
                60     7 -.000004850821849
                61     7 -.000000209797916
                62     7  .000469311016141
                63     7 -.000000024800042
                64     8 -.000002126769373
                65     8 -.000002669578313
                66     8 -.000000012460972
                67     8 -.000009932893225
                68     8  .000000280506790
                69     8  .014372112810396
                70     8  .000001294252015
                71     8  .000006899226930
                72     8 -.005199082197468
                73     8  .000000567512700
                74     8  .000009809117243
                75     8  .000000039283437
                76     8 -.000008927972367
                77     8  .000000186392177
                78     8  .018240900007191
                79     8 -.000000248332606
                80     8 -.000032911912966
     8
                 0     0  1166.23959946206
                 1     1 -.000029237218732
                 2     1 -.006777324594965
                 3     1 -.000054118875617
                 4     2 -.000080414588719
                 5     2  .000077411370285
                 6     2  .015436064536985
                 7     2  .000137743173831
                 8     2 -.000070382464678
                 9     3 -.002423604523890
                10     3 -.000033351284673
                11     3 -.000041854082759
                12     3 -.005088706484978
                13     3 -.000111433352910
                14     3 -.000059640042596
                15     3 -.000000022059346
                16     4  .000069575967811
                17     4  .067425019907902
                18     4  .000048849942812
                19     4  .000108809874865
                20     4 -.041831741569082
                21     4  .000132429230868
                22     4  .000021780229976
                23     4  .000000092618936
                24     4 -.000061463291670
                25     5  .000000751231064
                26     5  .000005123985828
                27     5 -.004503578609524
                28     5 -.000030761228259
                29     5 -.000037659059627
                30     5 -.006827722868053
                31     5 -.000066768494493
                32     5 -.000027188038193
                33     5 -.000000026034353
                34     5 -.000019226329600
                35     5  .000002342553588
                36     6  .000000002736266
                37     6  .000011759684169
                38     6 -.000009435645050
                39     6  .050323767935149
                40     6  .000030299444371
                41     6  .000030753413234
                42     6  .062696911501074
                43     6  .000043842056620
                44     6  .000012509779046
                45     6  .000000044969692
                46     6 -.000001749116576
                47     6 -.000005110026215
                48     6 -.059424118955730
                49     7 -.000000689104957
                50     7  .000000001191574
                51     7 -.000000607656467
                52     7  .000001947968856
                53     7  .000749668130938
                54     7 -.000013583829631
                55     7 -.000015972340607
                56     7  .001563566580863
                57     7 -.000013312460703
                58     7 -.000007094088786
                59     7 -.000000035534413
                60     7 -.000003402890419
                61     7  .000003480925443
                62     7 -.000256548744285
                63     7 -.000000226529977
                64     8 -.000002685858782
                65     8 -.000000736088809
                66     8 -.000000010997832
                67     8 -.000001951382694
                68     8  .000000125568336
                69     8  .012590732413507
                70     8  .000008724802487
                71     8  .000010726089092
                72     8 -.006737707106441
                73     8  .000003272137486
                74     8  .000009838133621
                75     8  .000000067862658
                76     8 -.000006559114464
                77     8 -.000002506001329
                78     8  .018147147810302
                79     8  .000000388483934
                80     8 -.000006373457633
     9
                 0     0  236.299199502407
                 1     1  .000021412829718
                 2     1 -.016877286334515
                 3     1 -.000039392747563
                 4     2 -.000869015177131
                 5     2  .000008626424506
                 6     2 -.025679500357563
                 7     2  .000128437585836
                 8     2 -.000597213354912
                 9     3  .001854303431091
                10     3  .000008306643730
                11     3  .000027416262932
                12     3 -.006996703044961
                13     3 -.000066183707515
                14     3  .000001218253837
                15     3  .000000042770187
                16     4  .000431830348410
                17     4  .029814169452144
                18     4  .000175260656576
                19     4  .000000664943045
                20     4 -.001567218731146
                21     4  .000073207199252
                22     4  .000162823260461
                23     4 -.000000289035268
                24     4 -.000284166726882
                25     5  .000010850807011
                26     5 -.000003348050302
                27     5  .005174613512739
                28     5 -.000013975421521
                29     5  .000008726955285
                30     5  .005091615275993
                31     5 -.000025798549628
                32     5  .000005029989708
                33     5  .000000080497991
                34     5  .000001613389344
                35     5  .000002904975201
                36     6 -.000000031845449
                37     6 -.000003431690381
                38     6 -.000050113179251
                39     6  .022505354920909
                40     6 -.000005223121371
                41     6  .000001135449798
                42     6  .020403266034226
                43     6  .000012889070324
                44     6 -.000012553197395
                45     6 -.000000058383864
                46     6  .000042703604336
                47     6 -.000006875407228
                48     6 -.012939523063688
                49     7  .000001932326155
                50     7 -.000000006136317
                51     7 -.000003938077776
                52     7  .000001909296343
                53     7  .002044912491785
                54     7 -.000002167836361
                55     7  .000002297576609
                56     7  .000540005893642
                57     7 -.000003158264492
                58     7 -.000007010337054
                59     7  .000000034374413
                60     7  .000003966173659
                61     7  .000001235104747
                62     7  .000458194389942
                63     7 -.000000511350489
                64     8 -.000014789055552
                65     8 -.000000360716511
                66     8 -.000000002495461
                67     8 -.000001623153861
                68     8  .000007536282617
                69     8  .003855504926044
                70     8  .000006145389359
                71     8 -.000000911563985
                72     8 -.000776004178491
                73     8  .000001383620629
                74     8  .000003769268459
                75     8  .000000008202124
                76     8 -.000007843092083
                77     8  .000000473525607
                78     8  .003558320945921
                79     8  .000000488277686
                80     8 -.000006110656416
    10
                 0     0  533.555725837108
                 1     1  .000038805011864
                 2     1 -.083746018249775
                 3     1  .000068120691095
                 4     2 -.000586374130593
                 5     2  .000051714157293
                 6     2  .011947377290731
                 7     2  .000122735902933
                 8     2 -.000058219012268
                 9     3  .015643930176523
                10     3  .000055836035963
                11     3  .000076831429510
                12     3 -.004861092344389
                13     3  .000137697711364
                14     3  .000033275309662
                15     3  .000000084366693
                16     4  .000305711366276
                17     4  .026954514188926
                18     4  .000076183510641
                19     4  .000037008965103
                20     4 -.019283415270052
                21     4  .000100719628151
                22     4  .000038337471364
                23     4  .000000010135159
                24     4  .000016495063640
                25     5 -.000005640057170
                26     5 -.000016024776514
                27     5  .024098129576128
                28     5  .000026194588439
                29     5  .000042795602179
                30     5  .018907881789523
                31     5  .000060987422382
                32     5  .000036791209097
                33     5  .000000253238043
                34     5 -.000005236834327
                35     5 -.000008387945435
                36     6 -.000000078928211
                37     6  .000001067288583
                38     6 -.000030706020177
                39     6  .016172333046227
                40     6  .000017375109973
                41     6  .000018752724132
                42     6  .022005224488272
                43     6  .000027824402510
                44     6  .000013910307515
                45     6  .000000030028130
                46     6 -.000013965925140
                47     6 -.000004008850596
                48     6 -.024128379667407
                49     7 -.000000617779382
                50     7 -.000000018501620
                51     7  .000002740186018
                52     7 -.000001181443029
                53     7  .008149342965166
                54     7  .000010699077158
                55     7  .000008174167956
                56     7  .003635046516848
                57     7  .000009203652127
                58     7  .000005694777375
                59     7  .000000054588314
                60     7  .000000127265903
                61     7 -.000002698818190
                62     7  .001141217325991
                63     7  .000000730108652
                64     8 -.000003150706692
                65     8  .000000348535246
                66     8  .000000001273384
                67     8  .000000108072970
                68     8  .000002522334521
                69     8  .002896321233517
                70     8  .000004507662452
                71     8  .000004307788017
                72     8 -.002797356876153
                73     8  .000001601773043
                74     8  .000001137691133
                75     8  .000000052223265
                76     8  .000002486270782
                77     8 -.000001302059543
                78     8  .005731866187083
                79     8  .000000449401740
                80     8 -.000002242317046
