 energy and charge average matrices
  type  L       (e_i|H|e_j)                    (e_i|e_j)       
     0  0 -.005479063 -.001506721        .188495840  .019823872
          -.001506721 -6.40114389        .019823872  1.00198112
     0  1 -.038241492  .074737770        .094067838  .019141607
           .074737770 -9.78235649        .019141607  3.01407371
     0  2  .354027419  .130005287        2.89651395  .098438381
           .130005287 -.118820883        .098438381  .051808294
     0  3 -.027365096  .028971426        .021946808 -.007871633
           .028971426 -.029091032       -.007871633  .010822432
     0  4 -.005884313  .006512234        .005854423 -.001923712
           .006512234 -.006820843       -.001923712  .002497007
     0  5 -.000923079  .001139878        .001586264 -.000419959
           .001139878 -.001302514       -.000419959  .000464107
     0  6 -.000070776  .000114745        .000314442 -.000049633
           .000114745 -.000172154       -.000049633  .000063031
     0  7 -.000008986  .000021322        .000081944 -.000011462
           .000021322 -.000041010       -.000011462  .000014827
     0  8 -.000005014  .000007887        .000020200 -.000003803
           .000007887 -.000014076       -.000003803  .000005140
     1  0 -.024853241 -.003620526        .183733816  .020491310
          -.003620526 -6.44105894        .020491310  1.00229229
     1  1 -.043348082  .076804268        .117474910  .025601847
           .076804268 -9.90742987        .025601847  3.01820679
     1  2  .198058357  .136911543        2.89201572  .107738394
           .136911543 -.138204308        .107738394  .061653161
     1  3 -.035035557  .038208046        .032955186 -.010160549
           .038208046 -.038378631       -.010160549  .014305784
     1  4 -.008655034  .009418262        .007979616 -.002702873
           .009418262 -.009825826       -.002702873  .003596452
     1  5 -.001585232  .001879847        .002310077 -.000698376
           .001879847 -.002092750       -.000698376  .000741300
     1  6 -.000145543  .000196688        .000416252 -.000081380
           .000196688 -.000273128       -.000081380  .000098245
     1  7 -.000017552  .000032489        .000109460 -.000017136
           .000032489 -.000058498       -.000017136  .000020709
     1  8 -.000007548  .000010848        .000026333 -.000004982
           .000010848 -.000018634       -.000004982  .000006741
     2  0 -.022928445 -.003399422        .184269172  .020492754
          -.003399422 -6.43669005        .020492754  1.00228306
     2  1 -.042750558  .077501196        .116870648  .025094155
           .077501196 -9.89461493        .025094155  3.01818408
     2  2  .207382667  .141648137        2.89184630  .107198041
           .141648137 -.141378414        .107198041  .062250313
     2  3 -.037535577  .040014926        .031154128 -.010464194
           .040014926 -.039928146       -.010464194  .014716487
     2  4 -.009372931  .010017170        .007785512 -.002838415
           .010017170 -.010359081       -.002838415  .003721711
     2  5 -.001748798  .002003018        .002225206 -.000715222
           .002003018 -.002191484       -.000715222  .000760522
     2  6 -.000156848  .000203784        .000405944 -.000079612
           .000203784 -.000272587       -.000079612  .000096100
     2  7 -.000019210  .000031268        .000100649 -.000015799
           .000031268 -.000054415       -.000015799  .000019114
     2  8 -.000007235  .000009869        .000024103 -.000004443
           .000009869 -.000016792       -.000004443  .000006027
     3  0 -.022479261 -.003334224        .183503669  .020428083
          -.003334224 -6.43419728        .020428083  1.00227382
     3  1 -.042915121  .077673577        .115789974  .024728395
           .077673577 -9.88744400        .024728395  3.01810909
     3  2  .216510498  .140373195        2.89204666  .106039079
           .140373195 -.139723275        .106039079  .061304885
     3  3 -.037279419  .039675180        .030629264 -.010378937
           .039675180 -.039577405       -.010378937  .014522058
     3  4 -.009325157  .009961193        .007682852 -.002815188
           .009961193 -.010286964       -.002815188  .003677275
     3  5 -.001742745  .001994864        .002187287 -.000707680
           .001994864 -.002177681       -.000707680  .000751938
     3  6 -.000156535  .000202009        .000394403 -.000078272
           .000202009 -.000268780       -.000078272  .000094332
     3  7 -.000018519  .000030385        .000098062 -.000015266
           .000030385 -.000052742       -.000015266  .000018485
     3  8 -.000006889  .000009462        .000023403 -.000004242
           .000009462 -.000016126       -.000004242  .000005772
     4  0 -.022799282 -.003373748        .183712823  .020452613
          -.003373748 -6.43537273        .020452613  1.00227819
     4  1 -.042972016  .077592643        .116134852  .024856305
           .077592643 -9.89079309        .024856305  3.01813721
     4  2  .210966386  .140894361        2.88842803  .106132410
           .140894361 -.140559106        .106132410  .061676850
     4  3 -.037408911  .039854981        .030933577 -.010416409
           .039854981 -.039765793       -.010416409  .014602889
     4  4 -.009365748  .010005065        .007736647 -.002827878
           .010005065 -.010338477       -.002827878  .003697596
     4  5 -.001750177  .002003860        .002205773 -.000712109
           .002003860 -.002189647       -.000712109  .000756818
     4  6 -.000157106  .000203305        .000399329 -.000078996
           .000203305 -.000271119       -.000078996  .000095255
     4  7 -.000018843  .000030848        .000099260 -.000015516
           .000030848 -.000053596       -.000015516  .000018787
     4  8 -.000007071  .000009663        .000023681 -.000004337
           .000009663 -.000016450       -.000004337  .000005893
     5  0 -.023295602 -.003433934        .184041215  .020482739
          -.003433934 -6.43792086        .020482739  1.00228269
     5  1 -.043002546  .077426854        .116731463  .025103734
           .077426854 -9.89811906        .025103734  3.01819325
     5  2  .203269063  .141626138        2.88869021  .106515228
           .141626138 -.141754439        .106515228  .062208695
     5  3 -.037501986  .040043168        .031490451 -.010469140
           .040043168 -.039981483       -.010469140  .014692882
     5  4 -.009394326  .010048568        .007841858 -.002841615
           .010048568 -.010395609       -.002841615  .003723150
     5  5 -.001749790  .002011875        .002248493 -.000718104
           .002011875 -.002203259       -.000718104  .000763320
     5  6 -.000158413  .000204995        .000405225 -.000080004
           .000204995 -.000274635       -.000080004  .000096721
     5  7 -.000019255  .000031629        .000101599 -.000015921
           .000031629 -.000055063       -.000015921  .000019325
     5  8 -.000007352  .000010029        .000024289 -.000004497
           .000010029 -.000017029       -.000004497  .000006108
     6  0 -.021581786 -.003259522        .185112065  .020484518
          -.003259522 -6.43435964        .020484518  1.00226919
     6  1 -.042744514  .077650229        .115273269  .024545486
           .077650229 -9.88868693        .024545486  3.01797918
     6  2  .226975931  .139646174        2.92073080  .107418648
           .139646174 -.138354905        .107418648  .060784422
     6  3 -.036602832  .039030962        .030657641 -.010291059
           .039030962 -.038970170       -.010291059  .014304755
     6  4 -.009065859  .009729471        .007670182 -.002766623
           .009729471 -.010063008       -.002766623  .003604648
     6  5 -.001688131  .001942782        .002170652 -.000697163
           .001942782 -.002128733       -.000697163  .000737599
     6  6 -.000149853  .000197418        .000396954 -.000077493
           .000197418 -.000264470       -.000077493  .000093204
     6  7 -.000017987  .000030017        .000097759 -.000015146
           .000030017 -.000052431       -.000015146  .000018414
     6  8 -.000006812  .000009491        .000023499 -.000004220
           .000009491 -.000016156       -.000004220  .000005791
     7  0 -.015821165 -.002549857        .191750205  .020970160
          -.002549857 -6.41409565        .020970160  1.00230500
     7  1 -.039526459  .080225776        .116505002  .024469692
           .080225776 -9.82758511        .024469692  3.01811048
     7  2  .277889052  .113219644        2.84746137  .119280048
           .113219644 -.107201058        .119280048  .051424210
     7  3 -.027082601  .029568403        .024933451 -.007540226
           .029568403 -.029399910       -.007540226  .011092220
     7  4 -.006409357  .007155290        .006360902 -.002000330
           .007155290 -.007420727       -.002000330  .002747741
     7  5 -.001264974  .001478480        .001705000 -.000536587
           .001478480 -.001643673       -.000536587  .000574441
     7  6 -.000106213  .000145160        .000311539 -.000058770
           .000145160 -.000206853       -.000058770  .000072846
     7  7 -.000010231  .000021744        .000081091 -.000011920
           .000021744 -.000042557       -.000011920  .000014965
     7  8 -.000004806  .000007106        .000018822 -.000003310
           .000007106 -.000013418       -.000003310  .000004749
     8  0  .001496790 -.000212183        .074306460  .015926113
          -.000212183 -5.88339507        .015926113  1.00179294
     8  1  .006200203  .004003248        .043149633  .021617473
           .004003248 -10.1452814        .021617473  2.99147162
     8  2  .350466024  .028697090        1.35214604  .039021301
           .028697090 -.019014035        .039021301  .010497223
     8  3 -.003128986  .003772181        .004295365 -.000960148
           .003772181 -.003763625       -.000960148  .001538166
     8  4 -.000482436  .000637599        .000875620 -.000184020
           .000637599 -.000681506       -.000184020  .000271476
     8  5 -.000050981  .000082582        .000175780 -.000035758
           .000082582 -.000102076       -.000035758  .000038745
     8  6 -.000003156  .000007486        .000027675 -.000003760
           .000007486 -.000012277       -.000003760  .000004485
     8  7  .000000034  .000000902        .000005644 -.000000570
           .000000902 -.000002087       -.000000570  .000000724
     8  8 -.000000049  .000000221        .000001065 -.000000118
           .000000221 -.000000501       -.000000118  .000000169
     9  0  .010883570  .001213021        .097863379  .017259118
           .001213021 -5.77832018        .017259118  1.00153673
     9  1  .000877778  .011874559        .034569617  .014782921
           .011874559 -9.75341886        .014782921  2.98691299
     9  2  .696594089  .017054241        3.50987060  .082865157
           .017054241 -.004157059        .082865157  .006784552
     9  3 -.000257563  .001090351        .004107273 -.000093833
           .001090351 -.001081900       -.000093833  .000808298
     9  4  .000016662  .000205979        .001027629 -.000073591
           .000205979 -.000263064       -.000073591  .000164673
     9  5  .000020134  .000034121        .000254095 -.000024826
           .000034121 -.000062291       -.000024826  .000028424
     9  6  .000006697  .000003725        .000050602 -.000003604
           .000003725 -.000012801       -.000003604  .000004815
     9  7  .000001900  .000000458        .000011337 -.000000639
           .000000458 -.000003074       -.000000639  .000001035
     9  8  .000000421  .000000082        .000002340 -.000000073
           .000000082 -.000000765       -.000000073  .000000250
