 ( 4i3 )
  1  8 10  2 npan, lm, ntype, spins
 ( 2i3 )
  3  2    ntls, nsets
 ( 3e22.14 )
 -0.64487898101545E+01 -0.64487339325117E+01 -0.64486780548689E+01
 ( 3e22.14 )
 -0.30567351142797E-01 -0.35420498264536E+00  0.19726323709596E+00
  0.10047216558604E+01  0.10285793701081E+01  0.89827009115697E+00
  0.51977110310624E+00  0.43401553790550E+00  0.53504424879839E+00
 -0.30517072453057E-01 -0.35701881363410E+00  0.19747054861530E+00
  0.10048488982219E+01  0.10277690728627E+01  0.89679636365543E+00
  0.51890919112477E+00  0.43355162282480E+00  0.53419183801621E+00
 -0.61850758002860E+01 -0.31585795534531E+01 -0.20673243945437E+01
 -0.17696238764871E+01 -0.21731104474479E+01 -0.28708522766444E+01
 -0.28810934901734E+01 -0.30472746467836E+01 -0.30235517554243E+01
 -0.61861315699797E+01 -0.31602272730832E+01 -0.20695521870478E+01
 -0.17725157440064E+01 -0.21731597361474E+01 -0.28714182363584E+01
 -0.28805502587798E+01 -0.30485497201130E+01 -0.30215361983027E+01
 -0.13663738077057E+00 -0.31512654019821E+00  0.15026254233442E+00
  0.97293787561980E+00  0.10183821222649E+01  0.10074692351738E+01
  0.60730891515016E+00  0.46027207037174E+00  0.52885499039038E+00
 -0.13679732449790E+00 -0.31597899217207E+00  0.15047452493434E+00
  0.97229305589047E+00  0.10179114582296E+01  0.10049212394065E+01
  0.60630231888956E+00  0.45966008038815E+00  0.52815596653637E+00
 -0.62176199549798E+01 -0.31816197338140E+01 -0.20028156313249E+01
 -0.18694349229387E+01 -0.20726211165190E+01 -0.29344303406899E+01
 -0.29483573622089E+01 -0.31569235994638E+01 -0.30172324155982E+01
 -0.62179723058773E+01 -0.31820978188679E+01 -0.20032628276472E+01
 -0.18735768943349E+01 -0.20745993825424E+01 -0.29350458962984E+01
 -0.29483157642675E+01 -0.31572776414830E+01 -0.30166149030209E+01
 -0.12579803908775E+00 -0.31162871370940E+00  0.15630638509842E+00
  0.99421627438593E+00  0.10606174775461E+01  0.10678948713227E+01
  0.62346938966417E+00  0.45043937967430E+00  0.50358511214777E+00
 -0.12590584021167E+00 -0.31215438784991E+00  0.15641056660934E+00
  0.99395482306356E+00  0.10601423279136E+01  0.10665606923729E+01
  0.62302113406080E+00  0.45022226369323E+00  0.50338165273792E+00
 -0.62131722859868E+01 -0.31780153024938E+01 -0.20280466377683E+01
 -0.17803550665949E+01 -0.20569129442705E+01 -0.29564895189887E+01
 -0.29653055038053E+01 -0.31580173905329E+01 -0.30224119443437E+01
 -0.62133308192130E+01 -0.31782545398827E+01 -0.20284894259079E+01
 -0.17824141870925E+01 -0.20566833726664E+01 -0.29559560848377E+01
 -0.29650416602683E+01 -0.31584287670236E+01 -0.30226186543344E+01
 -0.12384137911199E+00 -0.31633526358519E+00  0.15857420871139E+00
  0.10015103641150E+01  0.10710452692652E+01  0.10822557314411E+01
  0.63274354379022E+00  0.45101353673844E+00  0.49969745506833E+00
 -0.12389410316769E+00 -0.31595264152016E+00  0.15878738412900E+00
  0.10010764107225E+01  0.10706109999294E+01  0.10808343547142E+01
  0.63181661820280E+00  0.45058689632834E+00  0.49929375968729E+00
 -0.62112435313376E+01 -0.31763439997052E+01 -0.20377666956165E+01
 -0.17907779044788E+01 -0.20689087764583E+01 -0.29682371809712E+01
 -0.29760684279751E+01 -0.31597204065101E+01 -0.30245665428376E+01
 -0.62116799669524E+01 -0.31768494008168E+01 -0.20387407663438E+01
 -0.17919744850513E+01 -0.20697625476926E+01 -0.29686111775418E+01
 -0.29756114835740E+01 -0.31591830315221E+01 -0.30231414728827E+01
 -0.12545185836235E+00 -0.31577018740704E+00  0.15727683489169E+00
  0.99889199602798E+00  0.10679572448079E+01  0.10780214158085E+01
  0.63037269720579E+00  0.45188785134020E+00  0.50236478842037E+00
 -0.12553482236816E+00 -0.31525796312407E+00  0.15757705342127E+00
  0.99856392937435E+00  0.10675738030984E+01  0.10758370036521E+01
  0.62917576085857E+00  0.45120748183864E+00  0.50171104415893E+00
 -0.62122048264084E+01 -0.31772157013228E+01 -0.20368929564025E+01
 -0.17922164192113E+01 -0.20693149032600E+01 -0.29670400552735E+01
 -0.29744887815683E+01 -0.31613354001022E+01 -0.30251067130591E+01
 -0.62128827621931E+01 -0.31780176844102E+01 -0.20381419871529E+01
 -0.17938676064908E+01 -0.20711698130747E+01 -0.29676242310592E+01
 -0.29741156555481E+01 -0.31601976150797E+01 -0.30223607954571E+01
 -0.12793808144876E+00 -0.31423498422721E+00  0.15518793526578E+00
  0.99514825595149E+00  0.10618571039623E+01  0.10670760553175E+01
  0.62559321738822E+00  0.45325712516897E+00  0.50747579790540E+00
 -0.12735087284096E+00 -0.31076917310478E+00  0.15511911116435E+00
  0.99465621965190E+00  0.10616802639517E+01  0.10681810100548E+01
  0.62527281967948E+00  0.45351540742121E+00  0.50783606622697E+00
 -0.62144859919964E+01 -0.31791778338875E+01 -0.20357435075436E+01
 -0.18050192589399E+01 -0.20727945688022E+01 -0.29641272916995E+01
 -0.29694052262275E+01 -0.31579587470582E+01 -0.30219272414080E+01
 -0.62146857762362E+01 -0.31793657967606E+01 -0.20354877392458E+01
 -0.17986862224341E+01 -0.20701095275147E+01 -0.29635278000584E+01
 -0.29698336392600E+01 -0.31583465230281E+01 -0.30222724183422E+01
 -0.11799337962614E+00 -0.31654029356810E+00  0.15989699516093E+00
  0.10014122324422E+01  0.10685539444268E+01  0.10733400461961E+01
  0.62630906310721E+00  0.45050223674136E+00  0.50340171286947E+00
 -0.12308692290647E+00 -0.31749481815094E+00  0.15922597561101E+00
  0.99882757257356E+00  0.10639308254855E+01  0.10669184035774E+01
  0.62850118991810E+00  0.45206758339970E+00  0.50498102758047E+00
 -0.62110136493588E+01 -0.31772528214667E+01 -0.20357875771146E+01
 -0.18216506127356E+01 -0.20925462308203E+01 -0.29778972179431E+01
 -0.29718377840346E+01 -0.31527850925583E+01 -0.30087732398241E+01
 -0.62097895660884E+01 -0.31746244655362E+01 -0.20355372155053E+01
 -0.18186681115918E+01 -0.20776749057312E+01 -0.29614825632438E+01
 -0.29671045694771E+01 -0.31545449107191E+01 -0.30237644036007E+01
 -0.83814869254967E-01 -0.28378393638291E+00  0.16234864232530E+00
  0.95626162115016E+00  0.10051942907845E+01  0.10499406203344E+01
  0.59713546489046E+00  0.43461938938375E+00  0.48348979421580E+00
 -0.93757040490139E-01 -0.31382274489443E+00  0.16818897823007E+00
  0.91882943593502E+00  0.96467173074173E+00  0.96095319105247E+00
  0.54710978917718E+00  0.40067878963502E+00  0.44910054790319E+00
 -0.61863654254693E+01 -0.31557611905424E+01 -0.18541417655225E+01
 -0.17350143906133E+01 -0.20140966419533E+01 -0.29559938911015E+01
 -0.30025717366462E+01 -0.31803337970014E+01 -0.30898014519238E+01
 -0.61933600804230E+01 -0.31633557246215E+01 -0.18724051118895E+01
 -0.18024206994949E+01 -0.20641680060604E+01 -0.29650314322163E+01
 -0.29947959104827E+01 -0.31677821883179E+01 -0.30527035645204E+01
  0.19248638994177E-01  0.14434343029800E+00  0.28496334849926E+00
  0.84219865057147E+00  0.82587346912275E+00  0.72015579951754E+00
  0.45891819508138E+00  0.35262558751499E+00  0.38592237009866E+00
 -0.46546188214068E-02  0.11984497702420E+00  0.19817846405391E+00
  0.79027515509870E+00  0.77968499131812E+00  0.64424298732488E+00
  0.42261941758028E+00  0.32866155955176E+00  0.36441615043275E+00
 -0.57043510558965E+01 -0.33411572386595E+01 -0.16738173437561E+01
 -0.17198306105220E+01 -0.20596776848406E+01 -0.27974726984336E+01
 -0.29650988488542E+01 -0.31628557710243E+01 -0.32251013489273E+01
 -0.59453687030154E+01 -0.35780488293628E+01 -0.18549459878157E+01
 -0.17257124827339E+01 -0.21131751175726E+01 -0.28012717251044E+01
 -0.29573084607277E+01 -0.31651778639833E+01 -0.31510402292010E+01
  0.11001883384622E+00  0.32985845930435E-01  0.19876593076344E+00
  0.39604576989151E+00  0.41268380983438E+00  0.38920282860137E+00
  0.30666336055998E+00  0.26956753312943E+00  0.25855020685061E+00
  0.98489633935501E-01  0.15394218523015E-01  0.19883819556410E+00
  0.34585971244443E+00  0.34725377863176E+00  0.33092662939538E+00
  0.27575244627724E+00  0.24508963295350E+00  0.23942114013308E+00
 -0.55916912920811E+01 -0.32259756169524E+01 -0.57606118724008E+00
 -0.93056360669527E+00 -0.14284712013095E+01 -0.23658192385965E+01
 -0.29012921867546E+01 -0.32288124361134E+01 -0.31743714448783E+01
 -0.56204419902091E+01 -0.32479769103860E+01 -0.63555814088722E+00
 -0.95362439757791E+00 -0.14371345879640E+01 -0.23408900879021E+01
 -0.28776056387317E+01 -0.32523028039716E+01 -0.32485674299020E+01
