#-------------------------------------------------------------------------------
 start rspt
 Initialized constants. Machine eps = 2.2204460493e-16 
 fft column major dimensions:
       normal fft: 20 20 216, size = 86400
        super fft: 40 40 432, size = 691200
 mbases (matrix dimension mod spin) = 305
 mbasis set
 matrix dimension is 610
 initfft: start
 initfft: fft_ncmdim: 20 20 216 ... fft_scmdim: 40 40 432
 initfft: nrmdim: 216 20 20 ... srmdim: 432 40 40
 fftw_fft_init: wisdom read from rspt_fft_wisdom.0
 initfft: 
 (Tail,Energy) parameter set
     p     t     e
     1     1     1
     2     2     1
     3     3     1
     4     1     2
     5     2     2
 spin axis =  .000000000  .000000000  1.00000000 absolute
 spin axis euler angles: alpha =  .000000000 beta =  .000000000 gamma =  .000000000
 eset 0
  L  T  S  n  f                 E
  0  1 -1  6 20  1.85490092136245
  1  1 -1  6 21  3.05594080964344
  2  1 -1  5  0  .197263237095960
  3  1 -1  5  0  1.00472165586040
  4  1 -1  5  0  1.02857937010810
  5  1 -1  6  0  .898270091156970
  6  1 -1  7  0  .519771103106240
  7  1 -1  8  0  .434015537905500
  8  1 -1  9  0  .535044248798390
  0  2 -1  6 20  1.80620690955733
  1  2 -1  6 21  3.00053103277330
  2  2 -1  5  0  .150262542334420
  3  2 -1  5  0  .972937875619800
  4  2 -1  5  0  1.01838212226490
  5  2 -1  6  0  1.00746923517380
  6  2 -1  7  0  .607308915150160
  7  2 -1  8  0  .460272070371740
  8  2 -1  9  0  .528854990390380
  0  3 -1  6 20  1.81212149892993
  1  3 -1  6 21  3.00721109848306
  2  3 -1  5  0  .156306385098420
  3  3 -1  5  0  .994216274385930
  4  3 -1  5  0  1.06061747754610
  5  3 -1  6  0  1.06789487132270
  6  3 -1  7  0  .623469389664170
  7  3 -1  8  0  .450439379674300
  8  3 -1  9  0  .503585112147770
  0  4 -1  6 20  1.81471469725856
  1  4 -1  6 21  3.01005581584220
  2  4 -1  5  0  .158574208711390
  3  4 -1  5  0  1.00151036411500
  4  4 -1  5  0  1.07104526926520
  5  4 -1  6  0  1.08225573144110
  6  4 -1  7  0  .632743543790220
  7  4 -1  8  0  .451013536738440
  8  4 -1  9  0  .499697455068330
  0  5 -1  6 20  1.81340979900873
  1  5 -1  6 21  3.00857096868314
  2  5 -1  5  0  .157276834891690
  3  5 -1  5  0  .998891996027980
  4  5 -1  5  0  1.06795724480790
  5  5 -1  6  0  1.07802141580850
  6  5 -1  7  0  .630372697205790
  7  5 -1  8  0  .451887851340200
  8  5 -1  9  0  .502364788420370
  0  6 -1  6 20  1.81103746210023
  1  6 -1  6 21  3.00607847169772
  2  6 -1  5  0  .155187935265780
  3  6 -1  5  0  .995148255951490
  4  6 -1  5  0  1.06185710396230
  5  6 -1  6  0  1.06707605531750
  6  6 -1  7  0  .625593217388220
  7  6 -1  8  0  .453257125168970
  8  6 -1  9  0  .507475797905400
  0  7 -1  6 20  1.81439102771104
  1  7 -1  6 21  3.01012545448405
  2  7 -1  5  0  .159896995160930
  3  7 -1  5  0  1.00141223244220
  4  7 -1  5  0  1.06855394442680
  5  7 -1  6  0  1.07334004619610
  6  7 -1  7  0  .626309063107210
  7  7 -1  8  0  .450502236741360
  8  7 -1  9  0  .503401712869470
  0  8 -1  6 20  1.83331519319723
  1  8 -1  6 21  3.02815009747139
  2  8 -1  5  0  .162348642325300
  3  8 -1  5  0  .956261621150160
  4  8 -1  5  0  1.00519429078450
  5  8 -1  6  0  1.04994062033440
  6  8 -1  7  0  .597135464890460
  7  8 -1  8  0  .434619389383750
  8  8 -1  9  0  .483489794215800
  0  9 -1  4 20  3.02246373109560
  1  9 -1  4 21  3.84790538597183
  2  9 -1  3  0  .284963348499260
  3  9 -1  4  0  .842198650571470
  4  9 -1  5  0  .825873469122750
  5  9 -1  6  0  .720155799517540
  6  9 -1  7  0  .458918195081380
  7  9 -1  8  0  .352625587514990
  8  9 -1  9  0  .385922370098660
  0 10 -1  5 20  2.67700493786569
  1 10 -1  5 21  3.66571516602842
  2 10 -1  4  0  .198765930763440
  3 10 -1  4  0  .396045769891510
  4 10 -1  5  0  .412683809834380
  5 10 -1  6  0  .389202828601370
  6 10 -1  7  0  .306663360559980
  7 10 -1  8  0  .269567533129430
  8 10 -1  9  0  .258550206850610
  0  1  1  6 20  1.85363600476040
  1  1  1  6 21  3.05493667740361
  2  1  1  5  0  .197470548615300
  3  1  1  5  0  1.00484889822190
  4  1  1  5  0  1.02776907286270
  5  1  1  6  0  .896796363655430
  6  1  1  7  0  .518909191124770
  7  1  1  8  0  .433551622824800
  8  1  1  9  0  .534191838016210
  0  2  1  6 20  1.80589069250827
  1  2  1  6 21  3.00031504535446
  2  2  1  5  0  .150474524934340
  3  2  1  5  0  .972293055890470
  4  2  1  5  0  1.01791145822960
  5  2  1  6  0  1.00492123940650
  6  2  1  7  0  .606302318889560
  7  2  1  8  0  .459660080388150
  8  2  1  9  0  .528155966536370
  0  3  1  6 20  1.81199516612449
  1  3  1  6 21  3.00713042453634
  2  3  1  5  0  .156410566609340
  3  3  1  5  0  .993954823063560
  4  3  1  5  0  1.06014232791360
  5  3  1  6  0  1.06656069237290
  6  3  1  7  0  .623021134060800
  7  3  1  8  0  .450222263693230
  8  3  1  9  0  .503381652737920
  0  4  1  6 20  1.81420014273711
  1  4  1  6 21  3.00965088595039
  2  4  1  5  0  .158787384129000
  3  4  1  5  0  1.00107641072250
  4  4  1  5  0  1.07061099992940
  5  4  1  6  0  1.08083435471420
  6  4  1  7  0  .631816618202800
  7  4  1  8  0  .450586896328340
  8  4  1  9  0  .499293759687290
  0  5  1  6 20  1.81258232139576
  1  5  1  6 21  3.00791618857293
  2  5  1  5  0  .157577053421270
  3  5  1  5  0  .998563929374350
  4  5  1  5  0  1.06757380309840
  5  5  1  6  0  1.07583700365210
  6  5  1  7  0  .629175760858570
  7  5  1  8  0  .451207481838640
  8  5  1  9  0  .501711044158930
  0  6  1  6 20  1.81036332776297
  1  6  1  6 21  3.00544454496863
  2  6  1  5  0  .155119111164350
  3  6  1  5  0  .994656219651900
  4  6  1  5  0  1.06168026395170
  5  6  1  6  0  1.06818101005480
  6  6  1  7  0  .625272819679480
  7  6  1  8  0  .453515407421210
  8  6  1  9  0  .507836066226970
  0  7  1  6 20  1.81728724462299
  1  7  1  6 21  3.01258983846268
  2  7  1  5  0  .159225975611010
  3  7  1  5  0  .998827572573560
  4  7  1  5  0  1.06393082548550
  5  7  1  6  0  1.06691840357740
  6  7  1  7  0  .628501189918100
  7  7  1  8  0  .452067583399700
  8  7  1  9  0  .504981027580470
  0  8  1  6 20  1.83144613416636
  1  8  1  6 21  3.02792478045612
  2  8  1  5  0  .168188978230070
  3  8  1  5  0  .918829435935020
  4  8  1  5  0  .964671730741730
  5  8  1  6  0  .960953191052470
  6  8  1  7  0  .547109789177180
  7  8  1  8  0  .400678789635020
  8  8  1  9  0  .449100547903190
  0  9  1  4 20  2.86956964572042
  1  9  1  4 21  3.70542676164215
  2  9  1  3  0  .198178464053910
  3  9  1  4  0  .790275155098700
  4  9  1  5  0  .779684991318120
  5  9  1  6  0  .644242987324880
  6  9  1  7  0  .422619417580280
  7  9  1  8  0  .328661559551760
  8  9  1  9  0  .364416150432750
  0 10  1  5 20  2.66327754574956
  1 10  1  5 21  3.65437139569992
  2 10  1  4  0  .198838195564100
  3 10  1  4  0  .345859712444430
  4 10  1  5  0  .347253778631760
  5 10  1  6  0  .330926629395380
  6 10  1  7  0  .275752446277240
  7 10  1  8  0  .245089632953500
  8 10  1  9  0  .239421140133080
 eset 1
  L  T  S  n  f                 E
  0  1 -1  5 -1 -6.40657633890164
  1  1 -1  5 -1 -3.23210416045935
  2  1 -1  5  0 -2.06732439454370
  3  1 -1  5  0 -1.76962387648710
  4  1 -1  5  0 -2.17311044744790
  5  1 -1  6  0 -2.87085227664440
  6  1 -1  7  0 -2.88109349017340
  7  1 -1  8  0 -3.04727464678360
  8  1 -1  9  0 -3.02355175542430
  0  2 -1  5 -1 -6.44590006117350
  1  2 -1  5 -1 -3.27232497546470
  2  2 -1  5  0 -2.00281563132490
  3  2 -1  5  0 -1.86943492293870
  4  2 -1  5  0 -2.07262111651900
  5  2 -1  6  0 -2.93443034068990
  6  2 -1  7  0 -2.94835736220890
  7  2 -1  8  0 -3.15692359946380
  8  2 -1  9  0 -3.01723241559820
  0  3 -1  5 -1 -6.44154914121053
  1  3 -1  5 -1 -3.26780187190441
  2  3 -1  5  0 -2.02804663776830
  3  3 -1  5  0 -1.78035506659490
  4  3 -1  5  0 -2.05691294427050
  5  3 -1  6  0 -2.95648951898870
  6  3 -1  7  0 -2.96530550380530
  7  3 -1  8  0 -3.15801739053290
  8  3 -1  9  0 -3.02241194434370
  0  4 -1  5 -1 -6.43906626476456
  1  4 -1  5 -1 -3.26532048099323
  2  4 -1  5  0 -2.03776669561650
  3  4 -1  5  0 -1.79077790447880
  4  4 -1  5  0 -2.06890877645830
  5  4 -1  6  0 -2.96823718097120
  6  4 -1  7  0 -2.97606842797510
  7  4 -1  8  0 -3.15972040651010
  8  4 -1  9  0 -3.02456654283760
  0  5 -1  5 -1 -6.44024469476819
  1  5 -1  5 -1 -3.26647088983390
  2  5 -1  5  0 -2.03689295640250
  3  5 -1  5  0 -1.79221641921130
  4  5 -1  5  0 -2.06931490326000
  5  5 -1  6  0 -2.96704005527350
  6  5 -1  7  0 -2.97448878156830
  7  5 -1  8  0 -3.16133540010220
  8  5 -1  9  0 -3.02510671305910
  0  6 -1  5 -1 -6.44279140586251
  1  6 -1  5 -1 -3.26898705263703
  2  6 -1  5  0 -2.03574350754360
  3  6 -1  5  0 -1.80501925893990
  4  6 -1  5  0 -2.07279456880220
  5  6 -1  6  0 -2.96412729169950
  6  6 -1  7  0 -2.96940522622750
  7  6 -1  8  0 -3.15795874705820
  8  6 -1  9  0 -3.02192724140800
  0  7 -1  5 -1 -6.43925321305209
  1  7 -1  5 -1 -3.26579773806490
  2  7 -1  5  0 -2.03578757711460
  3  7 -1  5  0 -1.82165061273560
  4  7 -1  5  0 -2.09254623082030
  5  7 -1  6  0 -2.97789721794310
  6  7 -1  7  0 -2.97183778403460
  7  7 -1  8  0 -3.15278509255830
  8  7 -1  9  0 -3.00877323982410
  0  8 -1  5 -1 -6.41905291853883
  1  8 -1  5 -1 -3.24513706785893
  2  8 -1  5  0 -1.85414176552250
  3  8 -1  5  0 -1.73501439061330
  4  8 -1  5  0 -2.01409664195330
  5  8 -1  6  0 -2.95599389110150
  6  8 -1  7  0 -3.00257173664620
  7  8 -1  8  0 -3.18033379700140
  8  8 -1  9  0 -3.08980145192380
  0  9 -1  3 -1 -5.89795993134713
  1  9 -1  3 -1 -3.40876411593993
  2  9 -1  3  0 -1.67381734375610
  3  9 -1  4  0 -1.71983061052200
  4  9 -1  5  0 -2.05967768484060
  5  9 -1  6  0 -2.79747269843360
  6  9 -1  7  0 -2.96509884885420
  7  9 -1  8  0 -3.16285577102430
  8  9 -1  9  0 -3.22510134892730
  0 10 -1  4 -1 -5.79217025469667
  1 10 -1  4 -1 -3.27499743459040
  2 10 -1  4  0 -.576061187240080
  3 10 -1  4  0 -.930563606695270
  4 10 -1  5  0 -1.42847120130950
  5 10 -1  6  0 -2.36581923859650
  6 10 -1  7  0 -2.90129218675460
  7 10 -1  8  0 -3.22881243611340
  8 10 -1  9  0 -3.17437144487830
  0  1  1  5 -1 -6.40760188305955
  1  1  1  5 -1 -3.23338749985444
  2  1  1  5  0 -2.06955218704780
  3  1  1  5  0 -1.77251574400640
  4  1  1  5  0 -2.17315973614740
  5  1  1  6  0 -2.87141823635840
  6  1  1  7  0 -2.88055025877980
  7  1  1  8  0 -3.04854972011300
  8  1  1  9  0 -3.02153619830270
  0  2  1  5 -1 -6.44619584836862
  1  2  1  5 -1 -3.27269127885406
  2  2  1  5  0 -2.00326282764720
  3  2  1  5  0 -1.87357689433490
  4  2  1  5  0 -2.07459938254240
  5  2  1  6  0 -2.93504589629840
  6  2  1  7  0 -2.94831576426750
  7  2  1  8  0 -3.15727764148300
  8  2  1  9  0 -3.01661490302090
  0  3  1  5 -1 -6.44167302158017
  1  3  1  5 -1 -3.26795529321558
  2  3  1  5  0 -2.02848942590790
  3  3  1  5  0 -1.78241418709250
  4  3  1  5  0 -2.05668337266640
  5  3  1  6  0 -2.95595608483770
  6  3  1  7  0 -2.96504166026830
  7  3  1  8  0 -3.15842876702360
  8  3  1  9  0 -3.02261865433440
  0  4  1  5 -1 -6.43950164848379
  1  4  1  5 -1 -3.26585955931071
  2  4  1  5  0 -2.03874076634380
  3  4  1  5  0 -1.79197448505130
  4  4  1  5  0 -2.06976254769260
  5  4  1  6  0 -2.96861117754180
  6  4  1  7  0 -2.97561148357400
  7  4  1  8  0 -3.15918303152210
  8  4  1  9  0 -3.02314147288270
  0  5  1  5 -1 -6.44093506550404
  1  5  1  5 -1 -3.26732739796211
  2  5  1  5  0 -2.03814198715290
  3  5  1  5  0 -1.79386760649080
  4  5  1  5  0 -2.07116981307470
  5  5  1  6  0 -2.96762423105920
  6  5  1  7  0 -2.97411565554810
  7  5  1  8  0 -3.16019761507970
  8  5  1  9  0 -3.02236079545710
  0  6  1  5 -1 -6.44325511764565
  1  6  1  5 -1 -3.26956492029448
  2  6  1  5  0 -2.03548773924580
  3  6  1  5  0 -1.79868622243410
  4  6  1  5  0 -2.07010952751470
  5  6  1  6  0 -2.96352780005840
  6  6  1  7  0 -2.96983363926000
  7  6  1  8  0 -3.15834652302810
  8  6  1  9  0 -3.02227241834220
  0  7  1  5 -1 -6.43708242202038
  1  7  1  5 -1 -3.26308507781718
  2  7  1  5  0 -2.03553721550530
  3  7  1  5  0 -1.81866811159180
  4  7  1  5  0 -2.07767490573120
  5  7  1  6  0 -2.96148256324380
  6  7  1  7  0 -2.96710456947710
  7  7  1  8  0 -3.15454491071910
  8  7  1  9  0 -3.02376440360070
  0  8  1  5 -1 -6.42199217435524
  1  8  1  5 -1 -3.24872144876807
  2  8  1  5  0 -1.87240511188950
  3  8  1  5  0 -1.80242069949490
  4  8  1  5  0 -2.06416800606040
  5  8  1  6  0 -2.96503143221630
  6  8  1  7  0 -2.99479591048270
  7  8  1  8  0 -3.16778218831790
  8  8  1  9  0 -3.05270356452040
  0  9  1  3 -1 -6.14125963685181
  1  9  1  3 -1 -3.64650916007991
  2  9  1  3  0 -1.85494598781570
  3  9  1  4  0 -1.72571248273390
  4  9  1  5  0 -2.11317511757260
  5  9  1  6  0 -2.80127172510440
  6  9  1  7  0 -2.95730846072770
  7  9  1  8  0 -3.16517786398330
  8  9  1  9  0 -3.15104022920100
  0 10  1  4 -1 -5.81298133763209
  1 10  1  4 -1 -3.29624819280704
  2 10  1  4  0 -.635558140887220
  3 10  1  4  0 -.953624397577910
  4 10  1  5  0 -1.43713458796400
  5 10  1  6  0 -2.34089008790210
  6 10  1  7  0 -2.87760563873170
  7 10  1  8  0 -3.25230280397160
  8 10  1  9  0 -3.24856742990200
basisFT:    M0    M1    M2     vectors (column major order)
basisFT:     5     5    54       13189
basisFT: radii           1           2
basisFT:     2  2.04760083  2.42751365
basisFT: L+N+1           6           6
basisFT:  maxL
basisFT:     2
initBasisFT: basis Fourier Transform parameters
      radii and powers:
        2.04760083     6
        2.42751365     6
          Lm    M0    M1    M2
           2     5     5    54
 initfft: wisdom written to rspt_fft_wisdom.0
 end rspt
#-------------------------------------------------------------------------------
