"Start runs srun -n 60 rspt  1.00e-10 500 on nid001871,  Sun Dec 14 15:06:23 2025"
  6.03721820e-03 -298194.223896086  2.98194224e+05
  1.39678440e-01 -298343.979338587  1.49755443e+02
  1.54746100e-02 -298367.575850568  2.35965120e+01
  2.19988280e-01 -298330.143323282  3.74325273e+01
  1.51239600e-01 -298343.958665315  1.38153420e+01
  1.50818020e-02 -298367.373574775  2.34149095e+01
  2.56666430e-02 -298362.904159189  4.46941559e+00
  1.61888350e-02 -298367.151765202  4.24760601e+00
  5.38318650e-03 -298368.754409028  1.60264383e+00
  7.62148540e-03 -298369.121653530  3.67244502e-01
  1.25885240e-03 -298370.717965818  1.59631229e+00
  9.30282450e-02 -298353.179403858  1.75385620e+01
  4.61062030e-03 -298370.063423750  1.68840199e+01
  3.72535960e-01 -298302.427610900  6.76358128e+01
  9.08199810e-04 -298370.566759727  6.81391488e+01
  2.59735040e-03 -298369.322337114  1.24442261e+00
  4.22352080e-04 -298371.001983412  1.67964630e+00
  2.51923960e-04 -298371.040363582  3.83801700e-02
  2.00959860e-04 -298371.054840834  1.44772520e-02
  1.74131120e-04 -298371.062424919  7.58408499e-03
  1.56095270e-04 -298371.074210731  1.17858120e-02
  1.89279660e-03 -298370.757422929  3.16787802e-01
  1.82080230e-04 -298371.071445542  3.14022613e-01
  3.14954380e-03 -298370.504641927  5.66803615e-01
  1.23392530e-04 -298371.083200003  5.78558076e-01
  1.22369320e-04 -298371.081779140  1.42086303e-03
  1.12556900e-04 -298371.087102901  5.32376103e-03
  9.30338460e-05 -298371.092659035  5.55613398e-03
  1.10567380e-04 -298371.086584170  6.07486500e-03
  8.89280370e-05 -298371.092444146  5.85997599e-03
  5.68636670e-06 -298371.111723294  1.92791480e-02
  5.08276720e-04 -298371.014945984  9.67773100e-02
  2.53908970e-05 -298371.108184974  9.32389900e-02
  1.71869540e-03 -298370.796919365  3.11265609e-01
  1.48319630e-05 -298371.110249871  3.13330506e-01
  2.22354060e-06 -298371.112206190  1.95631903e-03
  8.65624730e-06 -298371.110625592  1.58059801e-03
  6.57139120e-06 -298371.111692350  1.06675801e-03
  1.29426140e-05 -298371.107366642  4.32570803e-03
  1.50677220e-05 -298371.106423136  9.43505962e-04
  2.22854880e-06 -298371.112265861  5.84272499e-03
  2.63411590e-04 -298371.064786756  4.74791050e-02
  5.15584760e-06 -298371.111812067  4.70253110e-02
  2.97765160e-04 -298371.054567123  5.72449440e-02
  2.70239690e-07 -298371.112841981  5.82748580e-02
  3.38831530e-07 -298371.112896550  5.45689836e-05
  2.02821600e-08 -298371.113005434  1.08884007e-04
  4.46283250e-08 -298371.113050062  4.46279882e-05
  1.62943670e-08 -298371.113086056  3.59940459e-05
  1.59853400e-08 -298371.113143970  5.79140033e-05
  1.42013740e-08 -298371.113210621  6.66509732e-05
  2.73779300e-07 -298371.113183534  2.70869932e-05
  6.66903800e-08 -298371.113240413  5.68790128e-05
  1.75729910e-06 -298371.112956130  2.84283014e-04
  4.34194190e-07 -298371.113200612  2.44482013e-04
  4.68700870e-07 -298371.113196112  4.50003427e-06
  4.61618320e-07 -298371.113233032  3.69200134e-05
  3.87511760e-07 -298371.113266054  3.30220209e-05
  2.61781300e-08 -298371.113532114  2.66060000e-04
  2.29667480e-08 -298371.113505968  2.61460082e-05
  8.81856850e-10 -298371.113531795  2.58269720e-05
  2.78876570e-08 -298371.113531776  1.89756975e-08
  1.06221850e-09 -298371.113537878  6.10196730e-06
  2.35678890e-08 -298371.113538148  2.70025339e-07
  6.28865130e-10 -298371.113544056  5.90801938e-06
  9.43344940e-10 -298371.113548561  4.50498192e-06
  4.87071310e-10 -298371.113550682  2.12102896e-06
  4.28393630e-10 -298371.113555880  5.19794412e-06
  2.38898860e-10 -298371.113584375  2.84950365e-05
  2.30235470e-10 -298371.113618011  3.36359954e-05
  1.67810770e-10 -298371.113614723  3.28797614e-06
  1.04695400e-08 -298371.113613441  1.28202373e-06
  5.08874740e-10 -298371.113615980  2.53901817e-06
  2.73618530e-08 -298371.113612360  3.62005085e-06
  8.13146400e-11 -298371.113617575  5.21505717e-06
"Start runs srun -n 60 rspt 1.00e-08 1 on nid001157,  Sun Dec 14 16:50:38 2025"
  8.13146400e-11 -298371.113617575  2.98371114e+05
