"Start runs srun -n 60 rspt  1.00e-10 500 on nid001871, Sun Dec 14 15:06:23 2025"
     0, -298194.223896086
     1, -298343.979338587
     2, -298367.575850568
     3, -298330.143323282
     4, -298343.958665315
     5, -298367.373574775
     6, -298362.904159189
     7, -298367.151765202
     8, -298368.754409028
     9, -298369.121653530
    10, -298370.717965818
    11, -298353.179403858
    12, -298370.063423750
    13, -298302.427610900
    14, -298370.566759727
    15, -298369.322337114
    16, -298371.001983412
    17, -298371.040363582
    18, -298371.054840834
    19, -298371.062424919
    20, -298371.074210731
    21, -298370.757422929
    22, -298371.071445542
    23, -298370.504641927
    24, -298371.083200003
    25, -298371.081779140
    26, -298371.087102901
    27, -298371.092659035
    28, -298371.086584170
    29, -298371.092444146
    30, -298371.111723294
    31, -298371.014945984
    32, -298371.108184974
    33, -298370.796919365
    34, -298371.110249871
    35, -298371.112206190
    36, -298371.110625592
    37, -298371.111692350
    38, -298371.107366642
    39, -298371.106423136
    40, -298371.112265861
    41, -298371.064786756
    42, -298371.111812067
    43, -298371.054567123
    44, -298371.112841981
    45, -298371.112896550
    46, -298371.113005434
    47, -298371.113050062
    48, -298371.113086056
    49, -298371.113143970
    50, -298371.113210621
    51, -298371.113183534
    52, -298371.113240413
    53, -298371.112956130
    54, -298371.113200612
    55, -298371.113196112
    56, -298371.113233032
    57, -298371.113266054
    58, -298371.113532114
    59, -298371.113505968
    60, -298371.113531795
    61, -298371.113531776
    62, -298371.113537878
    63, -298371.113538148
    64, -298371.113544056
    65, -298371.113548561
    66, -298371.113550682
    67, -298371.113555880
    68, -298371.113584375
    69, -298371.113618011
    70, -298371.113614723
    71, -298371.113613441
    72, -298371.113615980
    73, -298371.113612360
    74, -298371.113617575
"Start runs srun -n 60 rspt 1.00e-08 1 on nid001157, Sun Dec 14 16:50:38 2025"
    74, -298371.113617575
