# ACE/gr parameter file
#
@    version 50122
@    world xmin 0.25
@    world xmax 0.75
@    title font 5
@    xaxis  tick major 0.1
@    xaxis  tick minor 0.02
@    xaxis  label "(r-r\s1\N)/d"
@    xaxis  label font 5
@    xaxis  label char size 1.2
@    xaxis  ticklabel font 4
@    xaxis  ticklabel char size 1
@    yaxis  tick major .1
@    yaxis  tick minor .02
@    yaxis  label font 4
@    yaxis  label char size 1.2
@    yaxis  ticklabel font 5
@    yaxis  ticklabel char size 1
@    title "potential between neighbors"
@    yaxis  label "V(r) (Ry)"
@    world ymin -10.
@    world ymax   .0
@    yaxis  tick major 2
@    yaxis  tick minor 1
@ s0 color  1
@ s0 linestyle  1
@ legend string 0 "(1)-(2)"
@target s0
@type xy
  .1000000000 -301.5730110
  .1050000000 -287.2134004
  .1100000000 -274.1588317
  .1150000000 -262.2332526
  .1200000000 -251.2972996
  .1250000000 -241.2595127
  .1300000000 -231.9712268
  .1350000000 -223.3872659
  .1400000000 -215.4000950
  .1450000000 -207.9827499
  .1500000000 -201.0417646
  .1550000000 -194.5582326
  .1600000000 -188.4844347
  .1650000000 -182.7713288
  .1700000000 -177.3899280
  .1750000000 -172.3172470
  .1800000000 -167.5361392
  .1850000000 -163.0111281
  .1900000000 -158.7228880
  .1950000000 -154.6537842
  .2000000000 -150.7877014
  .2050000000 -147.1098931
  .2100000000 -143.6068482
  .2150000000 -140.2661733
  .2200000000 -137.0764879
  .2250000000 -134.0273307
  .2300000000 -131.1121750
  .2350000000 -128.3270420
  .2400000000 -125.6566401
  .2450000000 -123.0932930
  .2500000000 -120.6299178
  .2550000000 -118.2599748
  .2600000000 -115.9870846
  .2650000000 -113.8028712
  .2700000000 -111.6954513
  .2750000000 -109.6599666
  .2800000000 -107.7032766
  .2850000000 -105.8173145
  .2900000000 -103.9906218
  .2950000000 -102.2248042
  .3000000000 -100.5262978
  .3050000000 -98.87664396
  .3100000000 -97.27887689
  .3150000000 -95.73953763
  .3200000000 -94.24046097
  .3250000000 -92.79130321
  .3300000000 -91.38750107
  .3350000000 -90.01686535
  .3400000000 -88.69964572
  .3450000000 -87.41157534
  .3500000000 -86.16384620
  .3550000000 -84.95114002
  .3600000000 -83.76825554
  .3650000000 -82.62438691
  .3700000000 -81.50209847
  .3750000000 -80.42114446
  .3800000000 -79.35783346
  .3850000000 -78.33213752
  .3900000000 -77.32378521
  .3950000000 -76.34889582
  .4000000000 -75.39087660
  .4050000000 -74.46367363
  .4100000000 -73.55177448
  .4150000000 -72.66937909
  .4200000000 -71.79975990
  .4250000000 -70.95951159
  .4300000000 -70.12909097
  .4350000000 -69.32810627
  .4400000000 -68.53669213
  .4450000000 -67.76968444
  .4500000000 -67.01505032
  .4550000000 -66.27920913
  .4600000000 -65.55928710
  .4650000000 -64.85204506
  .4700000000 -64.16491174
  .4750000000 -63.48504980
  .4800000000  .0000568836
  .4850000000  .0001416063
  .4900000000  .0002320971
  .4950000000  .0003214693
  .5000000000  .0004035299
  .5050000000  .0004735464
  .5100000000  .0005286845
  .5150000000  .0005680862
  .5200000000  .0005926228
  .5250000000 -63.48439985
  .5300000000 -64.16418709
  .5350000000 -64.85124491
  .5400000000 -65.55842421
  .5450000000 -66.27828812
  .5500000000 -67.01407720
  .5550000000 -67.76866747
  .5600000000 -68.53563328
  .5650000000 -69.32701508
  .5700000000 -70.12796726
  .5750000000 -70.95836431
  .5800000000 -71.79858878
  .5850000000 -72.66818970
  .5900000000 -73.55056729
  .5950000000 -74.46245172
  .6000000000 -75.38964049
  .6050000000 -76.34764699
  .6100000000 -77.32252391
  .6150000000 -78.33086424
  .6200000000 -79.35654818
  .6250000000 -80.41984712
  .6300000000 -81.50078892
  .6350000000 -82.62306493
  .6400000000 -83.76692097
  .6450000000 -84.94979277
  .6500000000 -86.16248630
  .6550000000 -87.41020290
  .6600000000 -88.69826126
  .6650000000 -90.01546902
  .6700000000 -91.38609429
  .6750000000 -92.78988659
  .6800000000 -94.23903584
  .6850000000 -95.73810587
  .6900000000 -97.27743965
  .6950000000 -98.87520394
  .7000000000 -100.5248572
  .7050000000 -102.2233650
  .7100000000 -103.9891873
  .7150000000 -105.8158877
  .7200000000 -107.7018600
  .7250000000 -109.6585636
  .7300000000 -111.6940656
  .7350000000 -113.8015057
  .7400000000 -115.9857425
  .7450000000 -118.2586596
  .7500000000 -120.6286331
  .7550000000 -123.0920417
  .7600000000 -125.6554254
  .7650000000 -128.3258669
  .7700000000 -131.1110424
  .7750000000 -134.0262437
  .7800000000 -137.0754495
  .7850000000 -140.2651864
  .7900000000 -143.6059158
  .7950000000 -147.1090183
  .8000000000 -150.7868875
  .8050000000 -154.6530349
  .8100000000 -158.7222072
  .8150000000 -163.0105200
  .8200000000 -167.5356081
  .8250000000 -172.3167965
  .8300000000 -177.3895609
  .8350000000 -182.7710454
  .8400000000 -188.4842319
  .8450000000 -194.5581041
  .8500000000 -201.0416992
  .8550000000 -207.9827333
  .8600000000 -215.4001142
  .8650000000 -223.3873071
  .8700000000 -231.9712799
  .8750000000 -241.2595684
  .8800000000 -251.2973505
  .8850000000 -262.2332912
  .8900000000 -274.1588516
  .8950000000 -287.2133964
&
@ s1 color  1
@ s1 linestyle  1
@target s1
@type xy
  .4753377083 -10.000
  .4753377083  10.000
  .5246622916  10.000
  .5246622916 -10.000
&
@ s2 color  2
@ s2 linestyle  1
@ legend string 2 "(2)-(1)"
@target s2
@type xy
  .1000000000 -301.5729794
  .1050000000 -287.2133964
  .1100000000 -274.1588516
  .1150000000 -262.2332912
  .1200000000 -251.2973505
  .1250000000 -241.2595684
  .1300000000 -231.9712799
  .1350000000 -223.3873071
  .1400000000 -215.4001142
  .1450000000 -207.9827333
  .1500000000 -201.0416992
  .1550000000 -194.5581041
  .1600000000 -188.4842319
  .1650000000 -182.7710454
  .1700000000 -177.3895609
  .1750000000 -172.3167965
  .1800000000 -167.5356081
  .1850000000 -163.0105200
  .1900000000 -158.7222072
  .1950000000 -154.6530349
  .2000000000 -150.7868875
  .2050000000 -147.1090183
  .2100000000 -143.6059158
  .2150000000 -140.2651864
  .2200000000 -137.0754495
  .2250000000 -134.0262437
  .2300000000 -131.1110424
  .2350000000 -128.3258669
  .2400000000 -125.6554254
  .2450000000 -123.0920417
  .2500000000 -120.6286331
  .2550000000 -118.2586596
  .2600000000 -115.9857425
  .2650000000 -113.8015057
  .2700000000 -111.6940656
  .2750000000 -109.6585636
  .2800000000 -107.7018600
  .2850000000 -105.8158877
  .2900000000 -103.9891873
  .2950000000 -102.2233650
  .3000000000 -100.5248572
  .3050000000 -98.87520394
  .3100000000 -97.27743965
  .3150000000 -95.73810587
  .3200000000 -94.23903584
  .3250000000 -92.78988659
  .3300000000 -91.38609429
  .3350000000 -90.01546902
  .3400000000 -88.69826126
  .3450000000 -87.41020290
  .3500000000 -86.16248630
  .3550000000 -84.94979277
  .3600000000 -83.76692097
  .3650000000 -82.62306493
  .3700000000 -81.50078892
  .3750000000 -80.41984712
  .3800000000 -79.35654818
  .3850000000 -78.33086424
  .3900000000 -77.32252391
  .3950000000 -76.34764699
  .4000000000 -75.38964049
  .4050000000 -74.46245172
  .4100000000 -73.55056729
  .4150000000 -72.66818970
  .4200000000 -71.79858878
  .4250000000 -70.95836431
  .4300000000 -70.12796726
  .4350000000 -69.32701508
  .4400000000 -68.53563328
  .4450000000 -67.76866747
  .4500000000 -67.01407720
  .4550000000 -66.27828812
  .4600000000 -65.55842421
  .4650000000 -64.85124491
  .4700000000 -64.16418709
  .4750000000 -63.48439985
  .4800000000  .0005926228
  .4850000000  .0005680862
  .4900000000  .0005286845
  .4950000000  .0004735464
  .5000000000  .0004035299
  .5050000000  .0003214693
  .5100000000  .0002320971
  .5150000000  .0001416063
  .5200000000  .0000568836
  .5250000000 -63.48504980
  .5300000000 -64.16491174
  .5350000000 -64.85204506
  .5400000000 -65.55928710
  .5450000000 -66.27920913
  .5500000000 -67.01505032
  .5550000000 -67.76968444
  .5600000000 -68.53669213
  .5650000000 -69.32810627
  .5700000000 -70.12909097
  .5750000000 -70.95951159
  .5800000000 -71.79975990
  .5850000000 -72.66937909
  .5900000000 -73.55177448
  .5950000000 -74.46367363
  .6000000000 -75.39087660
  .6050000000 -76.34889582
  .6100000000 -77.32378521
  .6150000000 -78.33213752
  .6200000000 -79.35783346
  .6250000000 -80.42114446
  .6300000000 -81.50209847
  .6350000000 -82.62438691
  .6400000000 -83.76825554
  .6450000000 -84.95114002
  .6500000000 -86.16384620
  .6550000000 -87.41157534
  .6600000000 -88.69964572
  .6650000000 -90.01686535
  .6700000000 -91.38750107
  .6750000000 -92.79130321
  .6800000000 -94.24046097
  .6850000000 -95.73953763
  .6900000000 -97.27887689
  .6950000000 -98.87664396
  .7000000000 -100.5262978
  .7050000000 -102.2248042
  .7100000000 -103.9906218
  .7150000000 -105.8173145
  .7200000000 -107.7032766
  .7250000000 -109.6599666
  .7300000000 -111.6954513
  .7350000000 -113.8028712
  .7400000000 -115.9870846
  .7450000000 -118.2599748
  .7500000000 -120.6299178
  .7550000000 -123.0932930
  .7600000000 -125.6566401
  .7650000000 -128.3270420
  .7700000000 -131.1121750
  .7750000000 -134.0273307
  .7800000000 -137.0764879
  .7850000000 -140.2661733
  .7900000000 -143.6068482
  .7950000000 -147.1098931
  .8000000000 -150.7877014
  .8050000000 -154.6537842
  .8100000000 -158.7228880
  .8150000000 -163.0111281
  .8200000000 -167.5361392
  .8250000000 -172.3172470
  .8300000000 -177.3899280
  .8350000000 -182.7713288
  .8400000000 -188.4844347
  .8450000000 -194.5582326
  .8500000000 -201.0417646
  .8550000000 -207.9827499
  .8600000000 -215.4000950
  .8650000000 -223.3872659
  .8700000000 -231.9712268
  .8750000000 -241.2595127
  .8800000000 -251.2972996
  .8850000000 -262.2332526
  .8900000000 -274.1588317
  .8950000000 -287.2134004
&
@ s3 color  2
@ s3 linestyle  1
@target s3
@type xy
  .4753377083 -10.000
  .4753377083  10.000
  .5246622916  10.000
  .5246622916 -10.000
&
@ s4 color  3
@ s4 linestyle  1
@ legend string 4 "(3)-(3)"
@target s4
@type xy
  .1000000000 -299.2225467
  .1050000000 -284.9775994
  .1100000000 -272.0320984
  .1150000000 -260.2102621
  .1200000000 -249.3633638
  .1250000000 -239.3827130
  .1300000000 -230.1859553
  .1350000000 -221.6460554
  .1400000000 -213.7437752
  .1450000000 -206.3672775
  .1500000000 -199.4880334
  .1550000000 -193.0593451
  .1600000000 -187.0224601
  .1650000000 -181.3453475
  .1700000000 -176.0191109
  .1750000000 -170.9940807
  .1800000000 -166.2455363
  .1850000000 -161.7522880
  .1900000000 -157.4950304
  .1950000000 -153.4561480
  .2000000000 -149.6195441
  .2050000000 -145.9704902
  .2100000000 -142.4954928
  .2150000000 -139.1821758
  .2200000000 -136.0191755
  .2250000000 -132.9960473
  .2300000000 -130.1031823
  .2350000000 -127.3317324
  .2400000000 -124.6754772
  .2450000000 -122.1362910
  .2500000000 -119.6964834
  .2550000000 -117.3495292
  .2600000000 -115.0894003
  .2650000000 -112.9148369
  .2700000000 -110.8292960
  .2750000000 -108.8151532
  .2800000000 -106.8679253
  .2850000000 -104.9933218
  .2900000000 -103.1869409
  .2950000000 -101.4357081
  .3000000000 -99.74244160
  .3050000000 -98.11211795
  .3100000000 -96.52725495
  .3150000000 -94.99388545
  .3200000000 -93.51320320
  .3250000000 -92.06998733
  .3300000000 -90.67820872
  .3350000000 -89.32507522
  .3400000000 -88.00788073
  .3450000000 -86.73688314
  .3500000000 -85.49276337
  .3550000000 -84.29312776
  .3600000000 -83.12038639
  .3650000000 -81.98264685
  .3700000000 -80.87513855
  .3750000000 -79.79527948
  .3800000000 -78.74742406
  .3850000000 -77.72176138
  .3900000000 -76.72848634
  .3950000000 -75.75363337
  .4000000000 -74.81032328
  .4050000000 -73.88316081
  .4100000000 -72.98561252
  .4150000000 -72.10326260
  .4200000000 -71.24764549
  .4250000000 -70.40744828
  .4300000000 -69.59026894
  .4350000000 -68.78976231
  .4400000000 -68.00783287
  .4450000000 -67.24473422
  .4500000000 -66.49514412
  .4550000000 -65.76733422
  .4600000000 -65.04747869
  .4650000000 -64.35293341
  .4700000000 -63.66586983
  .4750000000  .0001298006
  .4800000000  .0001353056
  .4850000000  .0001390824
  .4900000000  .0001410443
  .4950000000  .0001411571
  .5000000000  .0001394356
  .5050000000  .0001359365
  .5100000000  .0001307526
  .5150000000  .0001240062
  .5200000000  .0001158429
  .5250000000  .0001064266
  .5300000000 -63.66586916
  .5350000000 -64.35293274
  .5400000000 -65.04747802
  .5450000000 -65.76733354
  .5500000000 -66.49514342
  .5550000000 -67.24473352
  .5600000000 -68.00783216
  .5650000000 -68.78976160
  .5700000000 -69.59026822
  .5750000000 -70.40744756
  .5800000000 -71.24764477
  .5850000000 -72.10326188
  .5900000000 -72.98561181
  .5950000000 -73.88316012
  .6000000000 -74.81032260
  .6050000000 -75.75363270
  .6100000000 -76.72848569
  .6150000000 -77.72176075
  .6200000000 -78.74742345
  .6250000000 -79.79527890
  .6300000000 -80.87513800
  .6350000000 -81.98264632
  .6400000000 -83.12038589
  .6450000000 -84.29312728
  .6500000000 -85.49276292
  .6550000000 -86.73688271
  .6600000000 -88.00788033
  .6650000000 -89.32507485
  .6700000000 -90.67820838
  .6750000000 -92.06998702
  .6800000000 -93.51320293
  .6850000000 -94.99388521
  .6900000000 -96.52725474
  .6950000000 -98.11211777
  .7000000000 -99.74244145
  .7050000000 -101.4357080
  .7100000000 -103.1869408
  .7150000000 -104.9933218
  .7200000000 -106.8679253
  .7250000000 -108.8151532
  .7300000000 -110.8292960
  .7350000000 -112.9148370
  .7400000000 -115.0894005
  .7450000000 -117.3495293
  .7500000000 -119.6964836
  .7550000000 -122.1362913
  .7600000000 -124.6754774
  .7650000000 -127.3317327
  .7700000000 -130.1031826
  .7750000000 -132.9960477
  .7800000000 -136.0191759
  .7850000000 -139.1821762
  .7900000000 -142.4954932
  .7950000000 -145.9704906
  .8000000000 -149.6195445
  .8050000000 -153.4561484
  .8100000000 -157.4950308
  .8150000000 -161.7522884
  .8200000000 -166.2455368
  .8250000000 -170.9940811
  .8300000000 -176.0191113
  .8350000000 -181.3453478
  .8400000000 -187.0224604
  .8450000000 -193.0593453
  .8500000000 -199.4880336
  .8550000000 -206.3672776
  .8600000000 -213.7437753
  .8650000000 -221.6460554
  .8700000000 -230.1859553
  .8750000000 -239.3827130
  .8800000000 -249.3633638
  .8850000000 -260.2102621
  .8900000000 -272.0320984
  .8950000000 -284.9775994
&
@ s5 color  3
@ s5 linestyle  1
@target s5
@type xy
  .4716605719 -10.000
  .4716605719  10.000
  .5283394280  10.000
  .5283394280 -10.000
&
@ s6 color  4
@ s6 linestyle  1
@ legend string 6 "(4)-(4)"
@target s6
@type xy
  .1000000000 -299.2225475
  .1050000000 -284.9775983
  .1100000000 -272.0320957
  .1150000000 -260.2102582
  .1200000000 -249.3633590
  .1250000000 -239.3827077
  .1300000000 -230.1859498
  .1350000000 -221.6460501
  .1400000000 -213.7437707
  .1450000000 -206.3672746
  .1500000000 -199.4880331
  .1550000000 -193.0593483
  .1600000000 -187.0224676
  .1650000000 -181.3453595
  .1700000000 -176.0191277
  .1750000000 -170.9941022
  .1800000000 -166.2455621
  .1850000000 -161.7523178
  .1900000000 -157.4950638
  .1950000000 -153.4561848
  .2000000000 -149.6195840
  .2050000000 -145.9705330
  .2100000000 -142.4955382
  .2150000000 -139.1822237
  .2200000000 -136.0192257
  .2250000000 -132.9960996
  .2300000000 -130.1032365
  .2350000000 -127.3317883
  .2400000000 -124.6755346
  .2450000000 -122.1363498
  .2500000000 -119.6965434
  .2550000000 -117.3495900
  .2600000000 -115.0894620
  .2650000000 -112.9148991
  .2700000000 -110.8293585
  .2750000000 -108.8152159
  .2800000000 -106.8679881
  .2850000000 -104.9933845
  .2900000000 -103.1870033
  .2950000000 -101.4357701
  .3000000000 -99.74250315
  .3050000000 -98.11217894
  .3100000000 -96.52731534
  .3150000000 -94.99394521
  .3200000000 -93.51326232
  .3250000000 -92.07004583
  .3300000000 -90.67826665
  .3350000000 -89.32513267
  .3400000000 -88.00793775
  .3450000000 -86.73693990
  .3500000000 -85.49281994
  .3550000000 -84.29318435
  .3600000000 -83.12044312
  .3650000000 -81.98270391
  .3700000000 -80.87519611
  .3750000000 -79.79533768
  .3800000000 -78.74748312
  .3850000000 -77.72182140
  .3900000000 -76.72854754
  .3950000000 -75.75369579
  .4000000000 -74.81038708
  .4050000000 -73.88322601
  .4100000000 -72.98567917
  .4150000000 -72.10333070
  .4200000000 -71.24771498
  .4250000000 -70.40751913
  .4300000000 -69.59034098
  .4350000000 -68.78983546
  .4400000000 -68.00790696
  .4450000000 -67.24480909
  .4500000000 -66.49521967
  .4550000000 -65.76741023
  .4600000000 -65.04755516
  .4650000000 -64.35301023
  .4700000000 -63.66594700
  .4750000000  .0000880014
  .4800000000  .0000962660
  .4850000000  .0001032654
  .4900000000  .0001088127
  .4950000000  .0001127571
  .5000000000  .0001149918
  .5050000000  .0001154589
  .5100000000  .0001141539
  .5150000000  .0001111257
  .5200000000  .0001064754
  .5250000000  .0001003520
  .5300000000 -63.66594686
  .5350000000 -64.35301015
  .5400000000 -65.04755514
  .5450000000 -65.76741025
  .5500000000 -66.49521972
  .5550000000 -67.24480916
  .5600000000 -68.00790705
  .5650000000 -68.78983556
  .5700000000 -69.59034108
  .5750000000 -70.40751924
  .5800000000 -71.24771509
  .5850000000 -72.10333081
  .5900000000 -72.98567928
  .5950000000 -73.88322612
  .6000000000 -74.81038718
  .6050000000 -75.75369589
  .6100000000 -76.72854764
  .6150000000 -77.72182150
  .6200000000 -78.74748322
  .6250000000 -79.79533778
  .6300000000 -80.87519621
  .6350000000 -81.98270400
  .6400000000 -83.12044322
  .6450000000 -84.29318445
  .6500000000 -85.49282004
  .6550000000 -86.73694000
  .6600000000 -88.00793786
  .6650000000 -89.32513278
  .6700000000 -90.67826677
  .6750000000 -92.07004594
  .6800000000 -93.51326244
  .6850000000 -94.99394532
  .6900000000 -96.52731545
  .6950000000 -98.11217905
  .7000000000 -99.74250326
  .7050000000 -101.4357702
  .7100000000 -103.1870034
  .7150000000 -104.9933846
  .7200000000 -106.8679882
  .7250000000 -108.8152160
  .7300000000 -110.8293586
  .7350000000 -112.9148991
  .7400000000 -115.0894620
  .7450000000 -117.3495901
  .7500000000 -119.6965434
  .7550000000 -122.1363498
  .7600000000 -124.6755346
  .7650000000 -127.3317883
  .7700000000 -130.1032364
  .7750000000 -132.9960996
  .7800000000 -136.0192257
  .7850000000 -139.1822237
  .7900000000 -142.4955382
  .7950000000 -145.9705329
  .8000000000 -149.6195840
  .8050000000 -153.4561847
  .8100000000 -157.4950637
  .8150000000 -161.7523177
  .8200000000 -166.2455620
  .8250000000 -170.9941021
  .8300000000 -176.0191277
  .8350000000 -181.3453594
  .8400000000 -187.0224675
  .8450000000 -193.0593482
  .8500000000 -199.4880330
  .8550000000 -206.3672745
  .8600000000 -213.7437706
  .8650000000 -221.6460500
  .8700000000 -230.1859498
  .8750000000 -239.3827077
  .8800000000 -249.3633590
  .8850000000 -260.2102582
  .8900000000 -272.0320957
  .8950000000 -284.9775983
&
@ s7 color  4
@ s7 linestyle  1
@target s7
@type xy
  .4716605719 -10.000
  .4716605719  10.000
  .5283394280  10.000
  .5283394280 -10.000
&
@ s8 color  5
@ s8 linestyle  1
@ legend string 8 "(5)-(5)"
@target s8
@type xy
  .1000000000 -299.2225503
  .1050000000 -284.9775913
  .1100000000 -272.0320816
  .1150000000 -260.2102402
  .1200000000 -249.3633408
  .1250000000 -239.3826929
  .1300000000 -230.1859426
  .1350000000 -221.6460543
  .1400000000 -213.7437917
  .1450000000 -206.3673172
  .1500000000 -199.4881023
  .1550000000 -193.0594481
  .1600000000 -187.0225998
  .1650000000 -181.3455245
  .1700000000 -176.0193241
  .1750000000 -170.9943276
  .1800000000 -166.2458139
  .1850000000 -161.7525930
  .1900000000 -157.4953597
  .1950000000 -153.4564989
  .2000000000 -149.6199141
  .2050000000 -145.9708770
  .2100000000 -142.4958945
  .2150000000 -139.1825906
  .2200000000 -136.0196017
  .2250000000 -132.9964833
  .2300000000 -130.1036265
  .2350000000 -127.3321835
  .2400000000 -124.6759337
  .2450000000 -122.1367514
  .2500000000 -119.6969463
  .2550000000 -117.3499933
  .2600000000 -115.0898644
  .2650000000 -112.9152997
  .2700000000 -110.8297561
  .2750000000 -108.8156097
  .2800000000 -106.8683772
  .2850000000 -104.9937680
  .2900000000 -103.1873805
  .2950000000 -101.4361405
  .3000000000 -99.74286612
  .3050000000 -98.11253389
  .3100000000 -96.52766205
  .3150000000 -94.99428332
  .3200000000 -93.51359155
  .3250000000 -92.07036610
  .3300000000 -90.67857774
  .3350000000 -89.32543452
  .3400000000 -88.00823036
  .3450000000 -86.73722312
  .3500000000 -85.49309382
  .3550000000 -84.29344872
  .3600000000 -83.12069796
  .3650000000 -81.98294906
  .3700000000 -80.87543137
  .3750000000 -79.79556289
  .3800000000 -78.74769786
  .3850000000 -77.72202552
  .3900000000 -76.72874036
  .3950000000 -75.75387721
  .4000000000 -74.81055621
  .4050000000 -73.88338278
  .4100000000 -72.98582262
  .4150000000 -72.10346075
  .4200000000 -71.24783082
  .4250000000 -70.40762063
  .4300000000 -69.59042767
  .4350000000 -68.78990718
  .4400000000 -68.00796366
  .4450000000 -67.24485070
  .4500000000 -66.49524644
  .4550000000 -65.76742255
  .4600000000 -65.04755318
  .4650000000 -64.35299535
  .4700000000 -63.66591936
  .4750000000 -.0002264491
  .4800000000 -.0002134521
  .4850000000 -.0002027579
  .4900000000 -.0001946751
  .4950000000 -.0001894198
  .5000000000 -.0001871034
  .5050000000 -.0001877260
  .5100000000 -.0001911738
  .5150000000 -.0001972235
  .5200000000 -.0002055514
  .5250000000 -.0002157477
  .5300000000 -63.66591906
  .5350000000 -64.35299507
  .5400000000 -65.04755292
  .5450000000 -65.76742230
  .5500000000 -66.49524620
  .5550000000 -67.24485046
  .5600000000 -68.00796342
  .5650000000 -68.78990695
  .5700000000 -69.59042744
  .5750000000 -70.40762040
  .5800000000 -71.24783060
  .5850000000 -72.10346053
  .5900000000 -72.98582241
  .5950000000 -73.88338257
  .6000000000 -74.81055602
  .6050000000 -75.75387702
  .6100000000 -76.72874019
  .6150000000 -77.72202536
  .6200000000 -78.74769771
  .6250000000 -79.79556275
  .6300000000 -80.87543124
  .6350000000 -81.98294894
  .6400000000 -83.12069785
  .6450000000 -84.29344863
  .6500000000 -85.49309374
  .6550000000 -86.73722304
  .6600000000 -88.00823029
  .6650000000 -89.32543446
  .6700000000 -90.67857769
  .6750000000 -92.07036606
  .6800000000 -93.51359152
  .6850000000 -94.99428330
  .6900000000 -96.52766203
  .6950000000 -98.11253389
  .7000000000 -99.74286612
  .7050000000 -101.4361405
  .7100000000 -103.1873805
  .7150000000 -104.9937681
  .7200000000 -106.8683773
  .7250000000 -108.8156097
  .7300000000 -110.8297562
  .7350000000 -112.9152998
  .7400000000 -115.0898645
  .7450000000 -117.3499933
  .7500000000 -119.6969464
  .7550000000 -122.1367515
  .7600000000 -124.6759338
  .7650000000 -127.3321836
  .7700000000 -130.1036266
  .7750000000 -132.9964834
  .7800000000 -136.0196018
  .7850000000 -139.1825907
  .7900000000 -142.4958946
  .7950000000 -145.9708771
  .8000000000 -149.6199142
  .8050000000 -153.4564990
  .8100000000 -157.4953598
  .8150000000 -161.7525931
  .8200000000 -166.2458140
  .8250000000 -170.9943277
  .8300000000 -176.0193242
  .8350000000 -181.3455246
  .8400000000 -187.0225999
  .8450000000 -193.0594481
  .8500000000 -199.4881024
  .8550000000 -206.3673172
  .8600000000 -213.7437918
  .8650000000 -221.6460543
  .8700000000 -230.1859426
  .8750000000 -239.3826929
  .8800000000 -249.3633408
  .8850000000 -260.2102402
  .8900000000 -272.0320816
  .8950000000 -284.9775913
&
@ s9 color  5
@ s9 linestyle  1
@target s9
@type xy
  .4716605719 -10.000
  .4716605719  10.000
  .5283394280  10.000
  .5283394280 -10.000
&
@ s10 color  1
@ s10 linestyle  2
@ legend string 10 "(6)-(6)"
@target s10
@type xy
  .1000000000 -299.2225493
  .1050000000 -284.9775934
  .1100000000 -272.0320864
  .1150000000 -260.2102470
  .1200000000 -249.3633487
  .1250000000 -239.3827012
  .1300000000 -230.1859502
  .1350000000 -221.6460602
  .1400000000 -213.7437944
  .1450000000 -206.3673153
  .1500000000 -199.4880942
  .1550000000 -193.0594323
  .1600000000 -187.0225754
  .1650000000 -181.3454910
  .1700000000 -176.0192814
  .1750000000 -170.9942761
  .1800000000 -166.2457542
  .1850000000 -161.7525258
  .1900000000 -157.4952859
  .1950000000 -153.4564192
  .2000000000 -149.6198293
  .2050000000 -145.9707878
  .2100000000 -142.4958016
  .2150000000 -139.1824946
  .2200000000 -136.0195034
  .2250000000 -132.9963832
  .2300000000 -130.1035254
  .2350000000 -127.3320818
  .2400000000 -124.6758321
  .2450000000 -122.1366506
  .2500000000 -119.6968468
  .2550000000 -117.3498956
  .2600000000 -115.0897691
  .2650000000 -112.9152072
  .2700000000 -110.8296670
  .2750000000 -108.8155243
  .2800000000 -106.8682959
  .2850000000 -104.9936911
  .2900000000 -103.1873082
  .2950000000 -101.4360730
  .3000000000 -99.74280365
  .3050000000 -98.11247656
  .3100000000 -96.52760987
  .3150000000 -94.99423634
  .3200000000 -93.51354975
  .3250000000 -92.07032945
  .3300000000 -90.67854620
  .3350000000 -89.32540804
  .3400000000 -88.00820888
  .3450000000 -86.73720664
  .3500000000 -85.49308231
  .3550000000 -84.29344226
  .3600000000 -83.12069658
  .3650000000 -81.98295289
  .3700000000 -80.87544062
  .3750000000 -79.79557772
  .3800000000 -78.74771866
  .3850000000 -77.72205244
  .3900000000 -76.72877399
  .3950000000 -75.75391766
  .4000000000 -74.81060420
  .4050000000 -73.88343838
  .4100000000 -72.98588651
  .4150000000 -72.10353299
  .4200000000 -71.24791188
  .4250000000 -70.40771057
  .4300000000 -69.59052661
  .4350000000 -68.79001512
  .4400000000 -68.00808038
  .4450000000 -67.24497598
  .4500000000 -66.49537994
  .4550000000 -65.76756348
  .4600000000 -65.04770145
  .4650000000 -64.35314913
  .4700000000 -63.66607859
  .4750000000 -.0001612037
  .4800000000 -.0001465484
  .4850000000 -.0001347876
  .4900000000 -.0001262928
  .4950000000 -.0001213298
  .5000000000 -.0001200486
  .5050000000 -.0001224774
  .5100000000 -.0001285229
  .5150000000 -.0001379748
  .5200000000 -.0001505155
  .5250000000 -.0001657340
  .5300000000 -63.66607924
  .5350000000 -64.35314986
  .5400000000 -65.04770225
  .5450000000 -65.76756432
  .5500000000 -66.49538083
  .5550000000 -67.24497691
  .5600000000 -68.00808133
  .5650000000 -68.79001608
  .5700000000 -69.59052758
  .5750000000 -70.40771154
  .5800000000 -71.24791285
  .5850000000 -72.10353395
  .5900000000 -72.98588745
  .5950000000 -73.88343930
  .6000000000 -74.81060509
  .6050000000 -75.75391853
  .6100000000 -76.72877482
  .6150000000 -77.72205324
  .6200000000 -78.74771941
  .6250000000 -79.79557844
  .6300000000 -80.87544130
  .6350000000 -81.98295353
  .6400000000 -83.12069717
  .6450000000 -84.29344280
  .6500000000 -85.49308281
  .6550000000 -86.73720709
  .6600000000 -88.00820928
  .6650000000 -89.32540840
  .6700000000 -90.67854650
  .6750000000 -92.07032970
  .6800000000 -93.51354995
  .6850000000 -94.99423648
  .6900000000 -96.52760996
  .6950000000 -98.11247660
  .7000000000 -99.74280363
  .7050000000 -101.4360730
  .7100000000 -103.1873080
  .7150000000 -104.9936909
  .7200000000 -106.8682956
  .7250000000 -108.8155240
  .7300000000 -110.8296667
  .7350000000 -112.9152068
  .7400000000 -115.0897686
  .7450000000 -117.3498951
  .7500000000 -119.6968462
  .7550000000 -122.1366500
  .7600000000 -124.6758315
  .7650000000 -127.3320811
  .7700000000 -130.1035246
  .7750000000 -132.9963824
  .7800000000 -136.0195025
  .7850000000 -139.1824938
  .7900000000 -142.4958007
  .7950000000 -145.9707869
  .8000000000 -149.6198284
  .8050000000 -153.4564183
  .8100000000 -157.4952850
  .8150000000 -161.7525249
  .8200000000 -166.2457533
  .8250000000 -170.9942753
  .8300000000 -176.0192807
  .8350000000 -181.3454903
  .8400000000 -187.0225749
  .8450000000 -193.0594319
  .8500000000 -199.4880939
  .8550000000 -206.3673151
  .8600000000 -213.7437943
  .8650000000 -221.6460601
  .8700000000 -230.1859501
  .8750000000 -239.3827012
  .8800000000 -249.3633488
  .8850000000 -260.2102471
  .8900000000 -272.0320864
  .8950000000 -284.9775935
&
@ s11 color  1
@ s11 linestyle  2
@target s11
@type xy
  .4716605719 -10.000
  .4716605719  10.000
  .5283394280  10.000
  .5283394280 -10.000
&
@ s12 color  2
@ s12 linestyle  2
@ legend string 12 "(7)-(7)"
@target s12
@type xy
  .1000000000 -299.2225529
  .1050000000 -284.9776313
  .1100000000 -272.0321472
  .1150000000 -260.2103178
  .1200000000 -249.3634163
  .1250000000 -239.3827526
  .1300000000 -230.1859719
  .1350000000 -221.6460397
  .1400000000 -213.7437141
  .1450000000 -206.3671594
  .1500000000 -199.4878461
  .1550000000 -193.0590798
  .1600000000 -187.0221138
  .1650000000 -181.3449216
  .1700000000 -176.0186119
  .1750000000 -170.9935170
  .1800000000 -166.2449171
  .1850000000 -161.7516224
  .1900000000 -157.4943267
  .1950000000 -153.4554136
  .2000000000 -149.6187854
  .2050000000 -145.9697125
  .2100000000 -142.4947010
  .2150000000 -139.1813740
  .2200000000 -136.0183676
  .2250000000 -132.9952367
  .2300000000 -130.1023721
  .2350000000 -127.3309256
  .2400000000 -124.6746768
  .2450000000 -122.1355002
  .2500000000 -119.6957048
  .2550000000 -117.3487650
  .2600000000 -115.0886527
  .2650000000 -112.9141079
  .2700000000 -110.8285882
  .2750000000 -108.8144681
  .2800000000 -106.8672641
  .2850000000 -104.9926860
  .2900000000 -103.1863317
  .2950000000 -101.4351260
  .3000000000 -99.74188724
  .3050000000 -98.11159180
  .3100000000 -96.52675691
  .3150000000 -94.99341548
  .3200000000 -93.51276095
  .3250000000 -92.06957234
  .3300000000 -90.67782032
  .3350000000 -89.32471264
  .3400000000 -88.00754327
  .3450000000 -86.73656963
  .3500000000 -85.49247319
  .3550000000 -84.29285961
  .3600000000 -83.12013961
  .3650000000 -81.98242044
  .3700000000 -80.87493177
  .3750000000 -79.79509167
  .3800000000 -78.74725464
  .3850000000 -77.72160995
  .3900000000 -76.72835274
  .3950000000 -75.75351737
  .4000000000 -74.81022529
  .4050000000 -73.88308075
  .4100000000 -72.98555136
  .4150000000 -72.10322041
  .4200000000 -71.24762365
  .4250000000 -70.40744709
  .4300000000 -69.59028977
  .4350000000 -68.78980581
  .4400000000 -68.00789999
  .4450000000 -67.24482599
  .4500000000 -66.49526072
  .4550000000 -65.76747662
  .4600000000 -65.04764660
  .4650000000 -64.35312614
  .4700000000 -63.66608712
  .4750000000  .0002570403
  .4800000000  .0002427616
  .4850000000  .0002312889
  .4900000000  .0002230475
  .4950000000  .0002183356
  .5000000000  .0002173084
  .5050000000  .0002199714
  .5100000000  .0002261807
  .5150000000  .0002356532
  .5200000000  .0002479843
  .5250000000  .0002626713
  .5300000000 -63.66608564
  .5350000000 -64.35312462
  .5400000000 -65.04764503
  .5450000000 -65.76747503
  .5500000000 -66.49525913
  .5550000000 -67.24482439
  .5600000000 -68.00789838
  .5650000000 -68.78980420
  .5700000000 -69.59028816
  .5750000000 -70.40744549
  .5800000000 -71.24762206
  .5850000000 -72.10321882
  .5900000000 -72.98554979
  .5950000000 -73.88307919
  .6000000000 -74.81022375
  .6050000000 -75.75351585
  .6100000000 -76.72835124
  .6150000000 -77.72160849
  .6200000000 -78.74725321
  .6250000000 -79.79509028
  .6300000000 -80.87493043
  .6350000000 -81.98241914
  .6400000000 -83.12013836
  .6450000000 -84.29285842
  .6500000000 -85.49247205
  .6550000000 -86.73656855
  .6600000000 -88.00754225
  .6650000000 -89.32471169
  .6700000000 -90.67781942
  .6750000000 -92.06957151
  .6800000000 -93.51276019
  .6850000000 -94.99341479
  .6900000000 -96.52675629
  .6950000000 -98.11159125
  .7000000000 -99.74188678
  .7050000000 -101.4351256
  .7100000000 -103.1863314
  .7150000000 -104.9926858
  .7200000000 -106.8672640
  .7250000000 -108.8144680
  .7300000000 -110.8285882
  .7350000000 -112.9141080
  .7400000000 -115.0886528
  .7450000000 -117.3487652
  .7500000000 -119.6957051
  .7550000000 -122.1355007
  .7600000000 -124.6746773
  .7650000000 -127.3309262
  .7700000000 -130.1023727
  .7750000000 -132.9952374
  .7800000000 -136.0183683
  .7850000000 -139.1813749
  .7900000000 -142.4947018
  .7950000000 -145.9697134
  .8000000000 -149.6187863
  .8050000000 -153.4554146
  .8100000000 -157.4943277
  .8150000000 -161.7516234
  .8200000000 -166.2449181
  .8250000000 -170.9935179
  .8300000000 -176.0186127
  .8350000000 -181.3449224
  .8400000000 -187.0221145
  .8450000000 -193.0590804
  .8500000000 -199.4878466
  .8550000000 -206.3671597
  .8600000000 -213.7437144
  .8650000000 -221.6460398
  .8700000000 -230.1859720
  .8750000000 -239.3827526
  .8800000000 -249.3634163
  .8850000000 -260.2103178
  .8900000000 -272.0321471
  .8950000000 -284.9776313
&
@ s13 color  2
@ s13 linestyle  2
@target s13
@type xy
  .4716605719 -10.000
  .4716605719  10.000
  .5283394280  10.000
  .5283394280 -10.000
&
@ s14 color  3
@ s14 linestyle  2
@ legend string 14 "(8)-(9)"
@target s14
@type xy
  .1000000000 -309.4659984
  .1050000000 -294.7302151
  .1100000000 -281.3331351
  .1150000000 -269.0942228
  .1200000000 -257.8759232
  .1250000000 -247.5734502
  .1300000000 -238.0399836
  .1350000000 -229.2339127
  .1400000000 -221.0352602
  .1450000000 -213.4257265
  .1500000000 -206.3047432
  .1550000000 -199.6487475
  .1600000000 -193.4172594
  .1650000000 -187.5556998
  .1700000000 -182.0343351
  .1750000000 -176.8262246
  .1800000000 -171.9202660
  .1850000000 -167.2772724
  .1900000000 -162.8771018
  .1950000000 -158.7016710
  .2000000000 -154.7344553
  .2050000000 -150.9603340
  .2100000000 -147.3654532
  .2150000000 -143.9371048
  .2200000000 -140.6636191
  .2250000000 -137.5342690
  .2300000000 -134.5451582
  .2350000000 -131.6865388
  .2400000000 -128.9456027
  .2450000000 -126.3144789
  .2500000000 -123.7859047
  .2550000000 -121.3531744
  .2600000000 -119.0224640
  .2650000000 -116.7801884
  .2700000000 -114.6166986
  .2750000000 -112.5270133
  .2800000000 -110.5204512
  .2850000000 -108.5841066
  .2900000000 -106.7085833
  .2950000000 -104.8977043
  .3000000000 -103.1536547
  .3050000000 -101.4597481
  .3100000000 -99.82116621
  .3150000000 -98.24041702
  .3200000000 -96.70100358
  .3250000000 -95.21479586
  .3300000000 -93.77312181
  .3350000000 -92.36718718
  .3400000000 -91.01458129
  .3450000000 -89.69167045
  .3500000000 -88.41199700
  .3550000000 -87.16640155
  .3600000000 -85.95321133
  .3650000000 -84.77823080
  .3700000000 -83.62716130
  .3750000000 -82.51671261
  .3800000000 -81.42439820
  .3850000000 -80.37231868
  .3900000000 -79.33636716
  .3950000000 -78.33634618
  .4000000000 -77.35200672
  .4050000000 -76.40083755
  .4100000000 -75.46378471
  .4150000000 -74.55851009
  .4200000000 -73.66480385
  .4250000000 -72.80269369
  .4300000000 -71.95066692
  .4350000000 -71.12727493
  .4400000000 -70.31519510
  .4450000000 -69.52664676
  .4500000000 -68.75223883
  .4550000000 -67.99566150
  .4600000000 -67.25681740
  .4650000000 -66.52958960
  .4700000000 -65.82436691
  .4750000000 -65.12660704
  .4800000000 -64.45071795
  .4850000000 -63.78432656
  .4900000000  .0233732383
  .4950000000  .0239368921
  .5000000000  .0244171850
  .5050000000  .0248090646
  .5100000000  .0251000754
  .5150000000  .0252660745
  .5200000000  .0252675272
  .5250000000  .0250471251
  .5300000000  .0245294236
  .5350000000  .0236230410
  .5400000000  .0222257024
  .5450000000  .0202320753
  .5500000000  .0175439571
  .5550000000  .0140819965
  .5600000000  .0097978052
  .5650000000  .0046850916
  .5700000000 -.0012116194
  .5750000000 -.0077920255
  .5800000000 -.0148999037
  .5850000000 -.0223284157
  .5900000000 -25.50948691
  .5950000000 -25.83145617
  .6000000000 -26.15933653
  .6050000000 -26.49692895
  .6100000000 -26.84086075
  .6150000000 -27.19465240
  .6200000000 -27.55562984
  .6250000000 -27.92634975
  .6300000000 -28.30563361
  .6350000000 -28.69436896
  .6400000000 -29.09375434
  .6450000000 -29.50200749
  .6500000000 -29.92391675
  .6550000000 -30.35438305
  .6600000000 -30.80096077
  .6650000000 -31.25849191
  .6700000000 -31.73029559
  .6750000000 -32.21827050
  .6800000000 -32.71868609
  .6850000000 -33.23933184
  .6900000000 -33.77541584
  .6950000000 -34.32728313
  .7000000000 -34.90245242
  .7050000000 -35.49483455
  .7100000000 -36.10573901
  .7150000000 -36.74301336
  .7200000000 -37.40095946
  .7250000000 -38.08091328
  .7300000000 -38.78792874
  .7350000000 -39.52256903
  .7400000000 -40.28375348
  .7450000000 -41.07326373
  .7500000000 -41.89488668
  .7550000000 -42.75212087
  .7600000000 -43.64378266
  .7650000000 -44.57230376
  .7700000000 -45.54032506
  .7750000000 -46.55071714
  .7800000000 -47.60660189
  .7850000000 -48.71255639
  .7900000000 -49.87176968
  .7950000000 -51.08696984
  .8000000000 -52.36245142
  .8050000000 -53.70289608
  .8100000000 -55.11341241
  .8150000000 -56.59958130
  .8200000000 -58.16997461
  .8250000000 -59.83112038
  .8300000000 -61.58953892
  .8350000000 -63.45347927
  .8400000000 -65.43203043
  .8450000000 -67.53731367
  .8500000000 -69.78981219
  .8550000000 -72.19308165
  .8600000000 -74.76682989
  .8650000000 -77.53746282
  .8700000000 -80.51442479
  .8750000000 -83.73912713
  .8800000000 -87.22981601
  .8850000000 -91.02150947
  .8900000000 -95.17174076
  .8950000000 -99.71563447
&
@ s15 color  3
@ s15 linestyle  2
@target s15
@type xy
  .4877774114 -10.000
  .4877774114  10.000
  .5885611469  10.000
  .5885611469 -10.000
&
@ s16 color  4
@ s16 linestyle  2
@ legend string 16 "(9)-(10)"
@target s16
@type xy
  .1000000000 -105.1535482
  .1050000000 -100.1379049
  .1100000000 -95.57348692
  .1150000000 -91.41299591
  .1200000000 -87.60267910
  .1250000000 -84.09365480
  .1300000000 -80.86030462
  .1350000000 -77.86633725
  .1400000000 -75.08766747
  .1450000000 -72.49819079
  .1500000000 -70.08748867
  .1550000000 -67.82775342
  .1600000000 -65.70831256
  .1650000000 -63.72309514
  .1700000000 -61.85267522
  .1750000000 -60.08796182
  .1800000000 -58.42070389
  .1850000000 -56.84339755
  .1900000000 -55.34920568
  .1950000000 -53.93188814
  .2000000000 -52.58574086
  .2050000000 -51.30554254
  .2100000000 -50.08650806
  .2150000000 -48.92424745
  .2200000000 -47.81472977
  .2250000000 -46.75425122
  .2300000000 -45.73940672
  .2350000000 -44.76706438
  .2400000000 -43.83434239
  .2450000000 -42.93858760
  .2500000000 -42.07996069
  .2550000000 -41.25615817
  .2600000000 -40.46266862
  .2650000000 -39.69754921
  .2700000000 -38.95954508
  .2750000000 -38.25213654
  .2800000000 -37.56814479
  .2850000000 -36.90613540
  .2900000000 -36.26848018
  .2950000000 -35.65348266
  .3000000000 -35.05675756
  .3050000000 -34.48044293
  .3100000000 -33.92461706
  .3150000000 -33.38401923
  .3200000000 -32.86263506
  .3250000000 -32.35787072
  .3300000000 -31.86574411
  .3350000000 -31.39378310
  .3400000000 -30.93293712
  .3450000000 -30.48689327
  .3500000000 -30.05434846
  .3550000000 -29.63218539
  .3600000000 -29.22480742
  .3650000000 -28.82500106
  .3700000000 -28.43903009
  .3750000000 -28.05996956
  .3800000000 -27.69201623
  .3850000000 -27.33114129
  .3900000000 -26.97955988
  .3950000000 -26.63494316
  .4000000000 -26.29858917
  .4050000000 -25.96889542
  .4100000000 -25.64700982
  .4150000000 -.0504833539
  .4200000000 -.0427761542
  .4250000000 -.0345830281
  .4300000000 -.0262005800
  .4350000000 -.0179169091
  .4400000000 -.0099932532
  .4450000000 -.0026493271
  .4500000000  .0039466622
  .4550000000  .0096828630
  .4600000000  .0145035628
  .4650000000  .0184044736
  .4700000000  .0214244708
  .4750000000  .0236350001
  .4800000000  .0251284735
  .4850000000  .0260069315
  .4900000000  .0263720710
  .4950000000  .0263174561
  .5000000000  .0259233864
  .5050000000  .0252545352
  .5100000000  .0243601372
  .5150000000  .0232762330
  .5200000000  .0220292940
  .5250000000  .0206404738
  .5300000000  .0191297507
  .5350000000  .0175193379
  .5400000000  .0158359147
  .5450000000  .0141114473
  .5500000000 -41.24520673
  .5550000000 -41.71321216
  .5600000000 -42.18650590
  .5650000000 -42.67455309
  .5700000000 -43.17076979
  .5750000000 -43.68054814
  .5800000000 -44.20113055
  .5850000000 -44.73462822
  .5900000000 -45.28113848
  .5950000000 -45.84054340
  .6000000000 -46.41466990
  .6050000000 -47.00238450
  .6100000000 -47.60594349
  .6150000000 -48.22459993
  .6200000000 -48.85955030
  .6250000000 -49.51203294
  .6300000000 -50.18049239
  .6350000000 -50.86996351
  .6400000000 -51.57422751
  .6450000000 -52.30415757
  .6500000000 -53.04861606
  .6550000000 -53.82092376
  .6600000000 -54.61186530
  .6650000000 -55.42717891
  .6700000000 -56.26905501
  .6750000000 -57.13129213
  .6800000000 -58.02824737
  .6850000000 -58.94926458
  .6900000000 -59.89833395
  .6950000000 -60.88391042
  .7000000000 -61.89772545
  .7050000000 -62.94569393
  .7100000000 -64.03440098
  .7150000000 -65.15733651
  .7200000000 -66.31743988
  .7250000000 -67.52758514
  .7300000000 -68.77923445
  .7350000000 -70.07516164
  .7400000000 -71.42071673
  .7450000000 -72.82471193
  .7500000000 -74.28252742
  .7550000000 -75.79789331
  .7600000000 -77.37484762
  .7650000000 -79.01820213
  .7700000000 -80.73890401
  .7750000000 -82.53483181
  .7800000000 -84.41146246
  .7850000000 -86.37474431
  .7900000000 -88.43114346
  .7950000000 -90.58769543
  .8000000000 -92.85206306
  .8050000000 -95.23260146
  .8100000000 -97.73843094
  .8150000000 -100.3795191
  .8200000000 -103.1667737
  .8250000000 -106.1121462
  .8300000000 -109.2287503
  .8350000000 -112.5405747
  .8400000000 -116.0611283
  .8450000000 -119.8043366
  .8500000000 -123.7898932
  .8550000000 -128.0637041
  .8600000000 -132.6349762
  .8650000000 -137.5414597
  .8700000000 -142.8316705
  .8750000000 -148.5403333
  .8800000000 -154.7242783
  .8850000000 -161.4580162
  .8900000000 -168.7965452
  .8950000000 -176.8313443
&
@ s17 color  4
@ s17 linestyle  2
@target s17
@type xy
  .4132226436 -10.000
  .4132226436  10.000
  .5499477409  10.000
  .5499477409 -10.000
&
@ s18 color  5
@ s18 linestyle  2
@ legend string 18 "(10)-(9)"
@target s18
@type xy
  .1000000000 -185.6711021
  .1050000000 -176.8313443
  .1100000000 -168.7965452
  .1150000000 -161.4580162
  .1200000000 -154.7242783
  .1250000000 -148.5403333
  .1300000000 -142.8316705
  .1350000000 -137.5414597
  .1400000000 -132.6349762
  .1450000000 -128.0637041
  .1500000000 -123.7898932
  .1550000000 -119.8043366
  .1600000000 -116.0611283
  .1650000000 -112.5405747
  .1700000000 -109.2287503
  .1750000000 -106.1121462
  .1800000000 -103.1667737
  .1850000000 -100.3795191
  .1900000000 -97.73843094
  .1950000000 -95.23260146
  .2000000000 -92.85206306
  .2050000000 -90.58769543
  .2100000000 -88.43114346
  .2150000000 -86.37474431
  .2200000000 -84.41146246
  .2250000000 -82.53483181
  .2300000000 -80.73890401
  .2350000000 -79.01820213
  .2400000000 -77.37484762
  .2450000000 -75.79789331
  .2500000000 -74.28252742
  .2550000000 -72.82471193
  .2600000000 -71.42071673
  .2650000000 -70.07516164
  .2700000000 -68.77923445
  .2750000000 -67.52758514
  .2800000000 -66.31743988
  .2850000000 -65.15733651
  .2900000000 -64.03440098
  .2950000000 -62.94569393
  .3000000000 -61.89772545
  .3050000000 -60.88391042
  .3100000000 -59.89833395
  .3150000000 -58.94926458
  .3200000000 -58.02824737
  .3250000000 -57.13129213
  .3300000000 -56.26905501
  .3350000000 -55.42717891
  .3400000000 -54.61186530
  .3450000000 -53.82092376
  .3500000000 -53.04861606
  .3550000000 -52.30415757
  .3600000000 -51.57422751
  .3650000000 -50.86996351
  .3700000000 -50.18049239
  .3750000000 -49.51203294
  .3800000000 -48.85955030
  .3850000000 -48.22459993
  .3900000000 -47.60594349
  .3950000000 -47.00238450
  .4000000000 -46.41466990
  .4050000000 -45.84054340
  .4100000000 -45.28113848
  .4150000000 -44.73462822
  .4200000000 -44.20113055
  .4250000000 -43.68054814
  .4300000000 -43.17076979
  .4350000000 -42.67455309
  .4400000000 -42.18650590
  .4450000000 -41.71321216
  .4500000000 -41.24520673
  .4550000000  .0141114473
  .4600000000  .0158359147
  .4650000000  .0175193379
  .4700000000  .0191297507
  .4750000000  .0206404738
  .4800000000  .0220292940
  .4850000000  .0232762330
  .4900000000  .0243601372
  .4950000000  .0252545352
  .5000000000  .0259233864
  .5050000000  .0263174561
  .5100000000  .0263720710
  .5150000000  .0260069315
  .5200000000  .0251284735
  .5250000000  .0236350001
  .5300000000  .0214244708
  .5350000000  .0184044736
  .5400000000  .0145035628
  .5450000000  .0096828630
  .5500000000  .0039466622
  .5550000000 -.0026493271
  .5600000000 -.0099932532
  .5650000000 -.0179169091
  .5700000000 -.0262005800
  .5750000000 -.0345830281
  .5800000000 -.0427761542
  .5850000000 -.0504833539
  .5900000000 -25.64700982
  .5950000000 -25.96889542
  .6000000000 -26.29858917
  .6050000000 -26.63494316
  .6100000000 -26.97955988
  .6150000000 -27.33114129
  .6200000000 -27.69201623
  .6250000000 -28.05996956
  .6300000000 -28.43903009
  .6350000000 -28.82500106
  .6400000000 -29.22480742
  .6450000000 -29.63218539
  .6500000000 -30.05434846
  .6550000000 -30.48689327
  .6600000000 -30.93293712
  .6650000000 -31.39378310
  .6700000000 -31.86574411
  .6750000000 -32.35787072
  .6800000000 -32.86263506
  .6850000000 -33.38401923
  .6900000000 -33.92461706
  .6950000000 -34.48044293
  .7000000000 -35.05675756
  .7050000000 -35.65348266
  .7100000000 -36.26848018
  .7150000000 -36.90613540
  .7200000000 -37.56814479
  .7250000000 -38.25213654
  .7300000000 -38.95954508
  .7350000000 -39.69754921
  .7400000000 -40.46266862
  .7450000000 -41.25615817
  .7500000000 -42.07996069
  .7550000000 -42.93858760
  .7600000000 -43.83434239
  .7650000000 -44.76706438
  .7700000000 -45.73940672
  .7750000000 -46.75425122
  .7800000000 -47.81472977
  .7850000000 -48.92424745
  .7900000000 -50.08650806
  .7950000000 -51.30554254
  .8000000000 -52.58574086
  .8050000000 -53.93188814
  .8100000000 -55.34920568
  .8150000000 -56.84339755
  .8200000000 -58.42070389
  .8250000000 -60.08796182
  .8300000000 -61.85267522
  .8350000000 -63.72309514
  .8400000000 -65.70831256
  .8450000000 -67.82775342
  .8500000000 -70.08748867
  .8550000000 -72.49819079
  .8600000000 -75.08766747
  .8650000000 -77.86633725
  .8700000000 -80.86030462
  .8750000000 -84.09365480
  .8800000000 -87.60267910
  .8850000000 -91.41299591
  .8900000000 -95.57348692
  .8950000000 -100.1379049
&
@ s19 color  5
@ s19 linestyle  2
@target s19
@type xy
  .4500522590 -10.000
  .4500522590  10.000
  .5867773563  10.000
  .5867773563 -10.000
&
