# ACE/gr parameter file
#
@    version 50122
@    world xmin 0.25
@    world xmax 0.75
@    title font 5
@    xaxis  tick major 0.1
@    xaxis  tick minor 0.02
@    xaxis  label "(r-r\s1\N)/d"
@    xaxis  label font 5
@    xaxis  label char size 1.2
@    xaxis  ticklabel font 4
@    xaxis  ticklabel char size 1
@    yaxis  tick major .1
@    yaxis  tick minor .02
@    yaxis  label font 4
@    yaxis  label char size 1.2
@    yaxis  ticklabel font 5
@    yaxis  ticklabel char size 1
@    title "potential between neighbors"
@    yaxis  label "V(r) (Ry)"
@    world ymin -10.
@    world ymax   .0
@    yaxis  tick major 2
@    yaxis  tick minor 1
@ s0 color  1
@ s0 linestyle  1
@ legend string 0 "(1)-(2)"
@target s0
@type xy
  .1000000000 -55.10253651
  .1050000000 -49.46756132
  .1100000000 -44.58581951
  .1150000000 -40.32856532
  .1200000000 -36.59757397
  .1250000000 -33.32996538
  .1300000000 -30.42725234
  .1350000000 -27.86247114
  .1400000000 -25.56949097
  .1450000000 -23.53397298
  .1500000000 -21.70113637
  .1550000000 -20.06060864
  .1600000000 -18.58461685
  .1650000000 -17.24546375
  .1700000000 -16.02715573
  .1750000000 -14.91722260
  .1800000000 -13.90644851
  .1850000000 -12.97826832
  .1900000000 -12.12423870
  .1950000000 -11.33702621
  .2000000000 -10.61020504
  .2050000000 -9.938100134
  .2100000000 -9.315667406
  .2150000000 -8.738401208
  .2200000000 -8.202261319
  .2250000000 -7.703614194
  .2300000000 -7.240292057
  .2350000000 -6.810993468
  .2400000000 -6.410439045
  .2450000000 -6.036146829
  .2500000000 -5.685872701
  .2550000000 -5.357587888
  .2600000000 -5.052599393
  .2650000000 -4.768170182
  .2700000000 -4.500571570
  .2750000000 -4.248424499
  .2800000000 -4.013950783
  .2850000000 -3.794639107
  .2900000000 -3.587115242
  .2950000000 -3.391987385
  .3000000000 -3.211123033
  .3050000000 -3.039211697
  .3100000000 -2.877249118
  .3150000000 -2.727052294
  .3200000000 -2.583632608
  .3250000000 -2.449724822
  .3300000000 -2.324079323
  .3350000000 -2.203548989
  .3400000000 -2.093501420
  .3450000000 -1.987623805
  .3500000000 -1.888905247
  .3550000000 -1.796006699
  .3600000000 -1.707688358
  .3650000000 -1.626330366
  .3700000000 -1.547601353
  .3750000000 -1.476553220
  .3800000000 -1.407286257
  .3850000000 -1.344921451
  .3900000000 -1.284409566
  .3950000000 -1.229928635
  .4000000000 -1.177325477
  .4050000000 -1.130271605
  .4100000000 -1.084830238
  .4150000000 -1.044803313
  .4200000000 -1.005849488
  .4250000000 -.9724862334
  .4300000000 -.9395132008
  .4350000000 -.9123527060
  .4400000000 -.8856166004
  .4450000000 -.8634725489
  .4500000000 -.8426310799
  .4550000000 -.8249440622
  .4600000000 -.8096536227
  .4650000000 -.7959056507
  .4700000000 -.7858326206
  .4750000000 -.7758661856
  .4800000000 -.7722339007
  .4850000000 -.7679318022
  .4900000000 -.7652892632
  .4950000000 -.7641994062
  .5000000000 -.7645825927
  .5050000000 -.7663900672
  .5100000000 -.7696067198
  .5150000000 -.7742526839
  .5200000000 -.7803835332
  .5250000000 -.7863713585
  .5300000000 -.7968745634
  .5350000000 -.8074901042
  .5400000000 -.8214187845
  .5450000000 -.8367483666
  .5500000000 -.8543607804
  .5550000000 -.8749752564
  .5600000000 -.8968832452
  .5650000000 -.9233541402
  .5700000000 -.9502495737
  .5750000000 -.9831076856
  .5800000000 -1.016354660
  .5850000000 -1.055438554
  .5900000000 -1.095625804
  .5950000000 -1.141495039
  .6000000000 -1.189038625
  .6050000000 -1.242384316
  .6100000000 -1.297677326
  .6150000000 -1.359221954
  .6200000000 -1.422674894
  .6250000000 -1.493208483
  .6300000000 -1.565560089
  .6350000000 -1.645712894
  .6400000000 -1.728523285
  .6450000000 -1.818348180
  .6500000000 -1.912771490
  .6550000000 -2.013032489
  .6600000000 -2.120445029
  .6650000000 -2.232036600
  .6700000000 -2.354066635
  .6750000000 -2.481206180
  .6800000000 -2.616575993
  .6850000000 -2.761413832
  .6900000000 -2.913011206
  .6950000000 -3.076314034
  .7000000000 -3.249525255
  .7050000000 -3.431659771
  .7100000000 -3.627987569
  .7150000000 -3.836661458
  .7200000000 -4.057080912
  .7250000000 -4.292598120
  .7300000000 -4.545711860
  .7350000000 -4.814220971
  .7400000000 -5.099498922
  .7450000000 -5.405255189
  .7500000000 -5.734217710
  .7550000000 -6.085094916
  .7600000000 -6.459910963
  .7650000000 -6.860905875
  .7700000000 -7.290558294
  .7750000000 -7.754135548
  .7800000000 -8.252947553
  .7850000000 -8.789167121
  .7900000000 -9.366429545
  .7950000000 -9.988778534
  .8000000000 -10.66072519
  .8050000000 -11.38732118
  .8100000000 -12.17425119
  .8150000000 -13.02795225
  .8200000000 -13.95576933
  .8250000000 -14.96615540
  .8300000000 -16.07567921
  .8350000000 -17.29355187
  .8400000000 -18.63222982
  .8450000000 -20.10768952
  .8500000000 -21.74761220
  .8550000000 -23.57977417
  .8600000000 -25.61457524
  .8650000000 -27.90683425
  .8700000000 -30.47092321
  .8750000000 -33.37300948
  .8800000000 -36.64006379
  .8850000000 -40.37059524
  .8900000000 -44.62748095
  .8950000000 -49.50894629
&
@ s1 color  1
@ s1 linestyle  1
@target s1
@type xy
  .4753377083 -10.000
  .4753377083  10.000
  .5246622916  10.000
  .5246622916 -10.000
&
@ s2 color  2
@ s2 linestyle  1
@ legend string 2 "(2)-(1)"
@target s2
@type xy
  .1000000000 -55.14373367
  .1050000000 -49.50894629
  .1100000000 -44.62748095
  .1150000000 -40.37059524
  .1200000000 -36.64006379
  .1250000000 -33.37300948
  .1300000000 -30.47092321
  .1350000000 -27.90683425
  .1400000000 -25.61457524
  .1450000000 -23.57977417
  .1500000000 -21.74761220
  .1550000000 -20.10768952
  .1600000000 -18.63222982
  .1650000000 -17.29355187
  .1700000000 -16.07567921
  .1750000000 -14.96615540
  .1800000000 -13.95576933
  .1850000000 -13.02795225
  .1900000000 -12.17425119
  .1950000000 -11.38732118
  .2000000000 -10.66072519
  .2050000000 -9.988778534
  .2100000000 -9.366429545
  .2150000000 -8.789167121
  .2200000000 -8.252947553
  .2250000000 -7.754135548
  .2300000000 -7.290558294
  .2350000000 -6.860905875
  .2400000000 -6.459910963
  .2450000000 -6.085094916
  .2500000000 -5.734217710
  .2550000000 -5.405255189
  .2600000000 -5.099498922
  .2650000000 -4.814220971
  .2700000000 -4.545711860
  .2750000000 -4.292598120
  .2800000000 -4.057080912
  .2850000000 -3.836661458
  .2900000000 -3.627987569
  .2950000000 -3.431659771
  .3000000000 -3.249525255
  .3050000000 -3.076314034
  .3100000000 -2.913011206
  .3150000000 -2.761413832
  .3200000000 -2.616575993
  .3250000000 -2.481206180
  .3300000000 -2.354066635
  .3350000000 -2.232036600
  .3400000000 -2.120445029
  .3450000000 -2.013032489
  .3500000000 -1.912771490
  .3550000000 -1.818348180
  .3600000000 -1.728523285
  .3650000000 -1.645712894
  .3700000000 -1.565560089
  .3750000000 -1.493208483
  .3800000000 -1.422674894
  .3850000000 -1.359221954
  .3900000000 -1.297677326
  .3950000000 -1.242384316
  .4000000000 -1.189038625
  .4050000000 -1.141495039
  .4100000000 -1.095625804
  .4150000000 -1.055438554
  .4200000000 -1.016354660
  .4250000000 -.9831076856
  .4300000000 -.9502495737
  .4350000000 -.9233541402
  .4400000000 -.8968832452
  .4450000000 -.8749752564
  .4500000000 -.8543607804
  .4550000000 -.8367483666
  .4600000000 -.8214187845
  .4650000000 -.8074901042
  .4700000000 -.7968745634
  .4750000000 -.7863713585
  .4800000000 -.7803835332
  .4850000000 -.7742526839
  .4900000000 -.7696067198
  .4950000000 -.7663900672
  .5000000000 -.7645825927
  .5050000000 -.7641994062
  .5100000000 -.7652892632
  .5150000000 -.7679318022
  .5200000000 -.7722339007
  .5250000000 -.7758661856
  .5300000000 -.7858326206
  .5350000000 -.7959056507
  .5400000000 -.8096536227
  .5450000000 -.8249440622
  .5500000000 -.8426310799
  .5550000000 -.8634725489
  .5600000000 -.8856166004
  .5650000000 -.9123527060
  .5700000000 -.9395132008
  .5750000000 -.9724862334
  .5800000000 -1.005849488
  .5850000000 -1.044803313
  .5900000000 -1.084830238
  .5950000000 -1.130271605
  .6000000000 -1.177325477
  .6050000000 -1.229928635
  .6100000000 -1.284409566
  .6150000000 -1.344921451
  .6200000000 -1.407286257
  .6250000000 -1.476553220
  .6300000000 -1.547601353
  .6350000000 -1.626330366
  .6400000000 -1.707688358
  .6450000000 -1.796006699
  .6500000000 -1.888905247
  .6550000000 -1.987623805
  .6600000000 -2.093501420
  .6650000000 -2.203548989
  .6700000000 -2.324079323
  .6750000000 -2.449724822
  .6800000000 -2.583632608
  .6850000000 -2.727052294
  .6900000000 -2.877249118
  .6950000000 -3.039211697
  .7000000000 -3.211123033
  .7050000000 -3.391987385
  .7100000000 -3.587115242
  .7150000000 -3.794639107
  .7200000000 -4.013950783
  .7250000000 -4.248424499
  .7300000000 -4.500571570
  .7350000000 -4.768170182
  .7400000000 -5.052599393
  .7450000000 -5.357587888
  .7500000000 -5.685872701
  .7550000000 -6.036146829
  .7600000000 -6.410439045
  .7650000000 -6.810993468
  .7700000000 -7.240292057
  .7750000000 -7.703614194
  .7800000000 -8.202261319
  .7850000000 -8.738401208
  .7900000000 -9.315667406
  .7950000000 -9.938100134
  .8000000000 -10.61020504
  .8050000000 -11.33702621
  .8100000000 -12.12423870
  .8150000000 -12.97826832
  .8200000000 -13.90644851
  .8250000000 -14.91722260
  .8300000000 -16.02715573
  .8350000000 -17.24546375
  .8400000000 -18.58461685
  .8450000000 -20.06060864
  .8500000000 -21.70113637
  .8550000000 -23.53397298
  .8600000000 -25.56949097
  .8650000000 -27.86247114
  .8700000000 -30.42725234
  .8750000000 -33.32996538
  .8800000000 -36.59757397
  .8850000000 -40.32856532
  .8900000000 -44.58581951
  .8950000000 -49.46756132
&
@ s3 color  2
@ s3 linestyle  1
@target s3
@type xy
  .4753377083 -10.000
  .4753377083  10.000
  .5246622916  10.000
  .5246622916 -10.000
&
@ s4 color  3
@ s4 linestyle  1
@ legend string 4 "(3)-(3)"
@target s4
@type xy
  .1000000000 -54.19170858
  .1050000000 -48.64704794
  .1100000000 -43.84800910
  .1150000000 -39.66628860
  .1200000000 -35.99760124
  .1250000000 -32.76899178
  .1300000000 -29.92651720
  .1350000000 -27.39020588
  .1400000000 -25.15021192
  .1450000000 -23.13976929
  .1500000000 -21.34340299
  .1550000000 -19.73407741
  .1600000000 -18.27825390
  .1650000000 -16.95798159
  .1700000000 -15.76684741
  .1750000000 -14.67923326
  .1800000000 -13.68312421
  .1850000000 -12.76881780
  .1900000000 -11.92794781
  .1950000000 -11.15323956
  .2000000000 -10.43831192
  .2050000000 -9.777524778
  .2100000000 -9.165862314
  .2150000000 -8.598842574
  .2200000000 -8.072445776
  .2250000000 -7.583056466
  .2300000000 -7.127416076
  .2350000000 -6.702583483
  .2400000000 -6.306564882
  .2450000000 -5.940081646
  .2500000000 -5.597191866
  .2550000000 -5.275881947
  .2600000000 -4.974333433
  .2650000000 -4.692269505
  .2700000000 -4.430789214
  .2750000000 -4.184398625
  .2800000000 -3.951870609
  .2850000000 -3.735022838
  .2900000000 -3.532502588
  .2950000000 -3.340539635
  .3000000000 -3.160069243
  .3050000000 -2.992480090
  .3100000000 -2.832900623
  .3150000000 -2.683109566
  .3200000000 -2.543405838
  .3250000000 -2.409764196
  .3300000000 -2.285961127
  .3350000000 -2.168630943
  .3400000000 -2.057175532
  .3450000000 -1.954257564
  .3500000000 -1.855011229
  .3550000000 -1.763972392
  .3600000000 -1.676755526
  .3650000000 -1.595484860
  .3700000000 -1.519040650
  .3750000000 -1.446846776
  .3800000000 -1.380110693
  .3850000000 -1.316407411
  .3900000000 -1.258469575
  .3950000000 -1.202758705
  .4000000000 -1.152821408
  .4050000000 -1.104669820
  .4100000000 -1.062004595
  .4150000000 -1.021015815
  .4200000000 -.9849282117
  .4250000000 -.9507120080
  .4300000000 -.9205233194
  .4350000000 -.8926705342
  .4400000000 -.8677168306
  .4450000000 -.8457810315
  .4500000000 -.8254328320
  .4550000000 -.8089465066
  .4600000000 -.7926403633
  .4650000000 -.7811392584
  .4700000000 -.7697752301
  .4750000000 -.7592264699
  .4800000000 -.7533626464
  .4850000000 -.7489991147
  .4900000000 -.7459924413
  .4950000000 -.7442353738
  .5000000000 -.7436615126
  .5050000000 -.7442482355
  .5100000000 -.7460177024
  .5150000000 -.7490358818
  .5200000000 -.7534096540
  .5250000000 -.7592821642
  .5300000000 -.7697594061
  .5350000000 -.7811203901
  .5400000000 -.7926184330
  .5450000000 -.8089265018
  .5500000000 -.8254147738
  .5550000000 -.8457658961
  .5600000000 -.8677050034
  .5650000000 -.8926617850
  .5700000000 -.9205174311
  .5750000000 -.9507086388
  .5800000000 -.9849267060
  .5850000000 -1.021015959
  .5900000000 -1.062005685
  .5950000000 -1.104671742
  .6000000000 -1.152823644
  .6050000000 -1.202761192
  .6100000000 -1.258472021
  .6150000000 -1.316409779
  .6200000000 -1.380112862
  .6250000000 -1.446848731
  .6300000000 -1.519042364
  .6350000000 -1.595486340
  .6400000000 -1.676756780
  .6450000000 -1.763973445
  .6500000000 -1.855012093
  .6550000000 -1.954258277
  .6600000000 -2.057176103
  .6650000000 -2.168631404
  .6700000000 -2.285961492
  .6750000000 -2.409764479
  .6800000000 -2.543406059
  .6850000000 -2.683109732
  .6900000000 -2.832900747
  .6950000000 -2.992480180
  .7000000000 -3.160069306
  .7050000000 -3.340539679
  .7100000000 -3.532502619
  .7150000000 -3.735022860
  .7200000000 -3.951870627
  .7250000000 -4.184398643
  .7300000000 -4.430789235
  .7350000000 -4.692269533
  .7400000000 -4.974333471
  .7450000000 -5.275881999
  .7500000000 -5.597191934
  .7550000000 -5.940081733
  .7600000000 -6.306564990
  .7650000000 -6.702583615
  .7700000000 -7.127416233
  .7750000000 -7.583056648
  .7800000000 -8.072445986
  .7850000000 -8.598842811
  .7900000000 -9.165862580
  .7950000000 -9.777525071
  .8000000000 -10.43831224
  .8050000000 -11.15323991
  .8100000000 -11.92794819
  .8150000000 -12.76881819
  .8200000000 -13.68312463
  .8250000000 -14.67923370
  .8300000000 -15.76684788
  .8350000000 -16.95798209
  .8400000000 -18.27825444
  .8450000000 -19.73407799
  .8500000000 -21.34340361
  .8550000000 -23.13976993
  .8600000000 -25.15021258
  .8650000000 -27.39020655
  .8700000000 -29.92651786
  .8750000000 -32.76899242
  .8800000000 -35.99760184
  .8850000000 -39.66628917
  .8900000000 -43.84800963
  .8950000000 -48.64704843
&
@ s5 color  3
@ s5 linestyle  1
@target s5
@type xy
  .4716605719 -10.000
  .4716605719  10.000
  .5283394280  10.000
  .5283394280 -10.000
&
@ s6 color  4
@ s6 linestyle  1
@ legend string 6 "(4)-(4)"
@target s6
@type xy
  .1000000000 -54.19053192
  .1050000000 -48.64595243
  .1100000000 -43.84700112
  .1150000000 -39.66537306
  .1200000000 -35.99678128
  .1250000000 -32.76826878
  .1300000000 -29.92589005
  .1350000000 -27.38967046
  .1400000000 -25.14976030
  .1450000000 -23.13939205
  .1500000000 -21.34308972
  .1550000000 -19.73381958
  .1600000000 -18.27804663
  .1650000000 -16.95782283
  .1700000000 -15.76673730
  .1750000000 -14.67917221
  .1800000000 -13.68311197
  .1850000000 -12.76885303
  .1900000000 -11.92802805
  .1950000000 -11.15336141
  .2000000000 -10.43847132
  .2050000000 -9.777717279
  .2100000000 -9.166083297
  .2150000000 -8.599087414
  .2200000000 -8.072709974
  .2250000000 -7.583335727
  .2300000000 -7.127706373
  .2350000000 -6.702881089
  .2400000000 -6.306866274
  .2450000000 -5.940383097
  .2500000000 -5.597490642
  .2550000000 -5.276175653
  .2600000000 -4.974619988
  .2650000000 -4.692546909
  .2700000000 -4.431055425
  .2750000000 -4.184652483
  .2800000000 -3.952111149
  .2850000000 -3.735248963
  .2900000000 -3.532713516
  .2950000000 -3.340735010
  .3000000000 -3.160248675
  .3050000000 -2.992643269
  .3100000000 -2.833047597
  .3150000000 -2.683240355
  .3200000000 -2.543520690
  .3250000000 -2.409863424
  .3300000000 -2.286045310
  .3350000000 -2.168700804
  .3400000000 -2.057231730
  .3450000000 -1.954301679
  .3500000000 -1.855043987
  .3550000000 -1.763996175
  .3600000000 -1.676771704
  .3650000000 -1.595495859
  .3700000000 -1.519049061
  .3750000000 -1.446854817
  .3800000000 -1.380122266
  .3850000000 -1.316424338
  .3900000000 -1.258496761
  .3950000000 -1.202797516
  .4000000000 -1.152876953
  .4050000000 -1.104743097
  .4100000000 -1.062099724
  .4150000000 -1.021133558
  .4200000000 -.9850705104
  .4250000000 -.9508792970
  .4300000000 -.9207148375
  .4350000000 -.8928857444
  .4400000000 -.8679530226
  .4450000000 -.8460353820
  .4500000000 -.8257027487
  .4550000000 -.8092253445
  .4600000000 -.7929280249
  .4650000000 -.7814246571
  .4700000000 -.7700583567
  .4750000000 -.7592317715
  .4800000000 -.7532623947
  .4850000000 -.7488251843
  .4900000000 -.7457824311
  .4950000000 -.7440296398
  .5000000000 -.7434999973
  .5050000000 -.7441673326
  .5100000000 -.7460473954
  .5150000000 -.7491973705
  .5200000000 -.7537136500
  .5250000000 -.7597279806
  .5300000000 -.7700433267
  .5350000000 -.7814064243
  .5400000000 -.7929065702
  .5450000000 -.8092057188
  .5500000000 -.8256849722
  .5550000000 -.8460204834
  .5600000000 -.8679414066
  .5650000000 -.8928772060
  .5700000000 -.9207091833
  .5750000000 -.9508761934
  .5800000000 -.9850693164
  .5850000000 -1.021134061
  .5900000000 -1.062101223
  .5950000000 -1.104745479
  .6000000000 -1.152879695
  .6050000000 -1.202800554
  .6100000000 -1.258499797
  .6150000000 -1.316427333
  .6200000000 -1.380125093
  .6250000000 -1.446857459
  .6300000000 -1.519051486
  .6350000000 -1.595498071
  .6400000000 -1.676773709
  .6450000000 -1.763997993
  .6500000000 -1.855045630
  .6550000000 -1.954303179
  .6600000000 -2.057233095
  .6650000000 -2.168702063
  .6700000000 -2.286046473
  .6750000000 -2.409864504
  .6800000000 -2.543521702
  .6850000000 -2.683241306
  .6900000000 -2.833048496
  .6950000000 -2.992644123
  .7000000000 -3.160249487
  .7050000000 -3.340735786
  .7100000000 -3.532714258
  .7150000000 -3.735249674
  .7200000000 -3.952111831
  .7250000000 -4.184653138
  .7300000000 -4.431056054
  .7350000000 -4.692547513
  .7400000000 -4.974620570
  .7450000000 -5.276176214
  .7500000000 -5.597491182
  .7550000000 -5.940383619
  .7600000000 -6.306866777
  .7650000000 -6.702881575
  .7700000000 -7.127706843
  .7750000000 -7.583336181
  .7800000000 -8.072710413
  .7850000000 -8.599087838
  .7900000000 -9.166083706
  .7950000000 -9.777717674
  .8000000000 -10.43847170
  .8050000000 -11.15336177
  .8100000000 -11.92802840
  .8150000000 -12.76885337
  .8200000000 -13.68311230
  .8250000000 -14.67917253
  .8300000000 -15.76673761
  .8350000000 -16.95782314
  .8400000000 -18.27804694
  .8450000000 -19.73381990
  .8500000000 -21.34309005
  .8550000000 -23.13939239
  .8600000000 -25.14976064
  .8650000000 -27.38967079
  .8700000000 -29.92589036
  .8750000000 -32.76826906
  .8800000000 -35.99678153
  .8850000000 -39.66537327
  .8900000000 -43.84700130
  .8950000000 -48.64595257
&
@ s7 color  4
@ s7 linestyle  1
@target s7
@type xy
  .4716605719 -10.000
  .4716605719  10.000
  .5283394280  10.000
  .5283394280 -10.000
&
@ s8 color  5
@ s8 linestyle  1
@ legend string 8 "(5)-(5)"
@target s8
@type xy
  .1000000000 -54.19182521
  .1050000000 -48.64724283
  .1100000000 -43.84828911
  .1150000000 -39.66665872
  .1200000000 -35.99806426
  .1250000000 -32.76954826
  .1300000000 -29.92716453
  .1350000000 -27.39093802
  .1400000000 -25.15101792
  .1450000000 -23.14063696
  .1500000000 -21.34431919
  .1550000000 -19.73503192
  .1600000000 -18.27924153
  .1650000000 -16.95900096
  .1700000000 -15.76790010
  .1750000000 -14.68032113
  .1800000000 -13.68424826
  .1850000000 -12.76997761
  .1900000000 -11.92914156
  .1950000000 -11.15446424
  .2000000000 -10.43956374
  .2050000000 -9.778799457
  .2100000000 -9.167155397
  .2150000000 -8.600149616
  .2200000000 -8.073762496
  .2250000000 -7.584378835
  .2300000000 -7.128740386
  .2350000000 -6.703906374
  .2400000000 -6.307883255
  .2450000000 -5.941392320
  .2500000000 -5.598492643
  .2550000000 -5.277170993
  .2600000000 -4.975609236
  .2650000000 -4.693530699
  .2700000000 -4.432034552
  .2750000000 -4.185627568
  .2800000000 -3.953082785
  .2850000000 -3.736217916
  .2900000000 -3.533680559
  .2950000000 -3.341700698
  .3000000000 -3.161213668
  .3050000000 -2.993608425
  .3100000000 -2.834013399
  .3150000000 -2.684207478
  .3200000000 -2.544489923
  .3250000000 -2.410835160
  .3300000000 -2.287020412
  .3350000000 -2.169679806
  .3400000000 -2.058215098
  .3450000000 -1.955290291
  .3500000000 -1.856038071
  .3550000000 -1.764996617
  .3600000000 -1.677778768
  .3650000000 -1.596510108
  .3700000000 -1.520070845
  .3750000000 -1.447884423
  .3800000000 -1.381159959
  .3850000000 -1.317470191
  .3900000000 -1.259550769
  .3950000000 -1.203859605
  .4000000000 -1.153946698
  .4050000000 -1.105820330
  .4100000000 -1.063183564
  .4150000000 -1.022223737
  .4200000000 -.9861658261
  .4250000000 -.9519793199
  .4300000000 -.9218183377
  .4350000000 -.8939920385
  .4400000000 -.8690611949
  .4450000000 -.8471444744
  .4500000000 -.8268123506
  .4550000000 -.8103343651
  .4600000000 -.7940364704
  .4650000000 -.7825316871
  .4700000000 -.7711639838
  .4750000000 -.7606099128
  .4800000000 -.7546140467
  .4850000000 -.7501147506
  .4900000000 -.7469798306
  .4950000000 -.7451124538
  .5000000000 -.7444550133
  .5050000000 -.7449913724
  .5100000000 -.7467473696
  .5150000000 -.7497895633
  .5200000000 -.7542222938
  .5250000000 -.7601832373
  .5300000000 -.7711485940
  .5350000000 -.7825130322
  .5400000000 -.7940145304
  .5450000000 -.8103141751
  .5500000000 -.8267939301
  .5550000000 -.8471288462
  .5600000000 -.8690487608
  .5650000000 -.8939825954
  .5700000000 -.9218116943
  .5750000000 -.9519751468
  .5800000000 -.9861634919
  .5850000000 -1.022223033
  .5900000000 -1.063183805
  .5950000000 -1.105821407
  .6000000000 -1.153948106
  .6050000000 -1.203861282
  .6100000000 -1.259552432
  .6150000000 -1.317471805
  .6200000000 -1.381161408
  .6250000000 -1.447885692
  .6300000000 -1.520071910
  .6350000000 -1.596510975
  .6400000000 -1.677779445
  .6450000000 -1.764997127
  .6500000000 -1.856038426
  .6550000000 -1.955290522
  .6600000000 -2.058215214
  .6650000000 -2.169679832
  .6700000000 -2.287020359
  .6750000000 -2.410835038
  .6800000000 -2.544489746
  .6850000000 -2.684207250
  .6900000000 -2.834013126
  .6950000000 -2.993608113
  .7000000000 -3.161213317
  .7050000000 -3.341700312
  .7100000000 -3.533680136
  .7150000000 -3.736217458
  .7200000000 -3.953082292
  .7250000000 -4.185627038
  .7300000000 -4.432033985
  .7350000000 -4.693530094
  .7400000000 -4.975608592
  .7450000000 -5.277170308
  .7500000000 -5.598491917
  .7550000000 -5.941391551
  .7600000000 -6.307882443
  .7650000000 -6.703905518
  .7700000000 -7.128739486
  .7750000000 -7.584377891
  .7800000000 -8.073761507
  .7850000000 -8.600148584
  .7900000000 -9.167154322
  .7950000000 -9.778798340
  .8000000000 -10.43956258
  .8050000000 -11.15446305
  .8100000000 -11.92914033
  .8150000000 -12.76997634
  .8200000000 -13.68424696
  .8250000000 -14.68031980
  .8300000000 -15.76789873
  .8350000000 -16.95899957
  .8400000000 -18.27924011
  .8450000000 -19.73503048
  .8500000000 -21.34431773
  .8550000000 -23.14063548
  .8600000000 -25.15101644
  .8650000000 -27.39093653
  .8700000000 -29.92716304
  .8750000000 -32.76954678
  .8800000000 -35.99806278
  .8850000000 -39.66665725
  .8900000000 -43.84828765
  .8950000000 -48.64724138
&
@ s9 color  5
@ s9 linestyle  1
@target s9
@type xy
  .4716605719 -10.000
  .4716605719  10.000
  .5283394280  10.000
  .5283394280 -10.000
&
@ s10 color  1
@ s10 linestyle  2
@ legend string 10 "(6)-(6)"
@target s10
@type xy
  .1000000000 -54.19357982
  .1050000000 -48.64893588
  .1100000000 -43.84991510
  .1150000000 -39.66821441
  .1200000000 -35.99954888
  .1250000000 -32.77096359
  .1300000000 -29.92851598
  .1350000000 -27.39223412
  .1400000000 -25.15227263
  .1450000000 -23.14186431
  .1500000000 -21.34553331
  .1550000000 -19.73624265
  .1600000000 -18.28045250
  .1650000000 -16.96021136
  .1700000000 -15.76910576
  .1750000000 -14.68151793
  .1800000000 -13.68543323
  .1850000000 -12.77114939
  .1900000000 -11.93030036
  .1950000000 -11.15561148
  .2000000000 -10.44070164
  .2050000000 -9.779930702
  .2100000000 -9.168282802
  .2150000000 -8.601275957
  .2200000000 -8.074890373
  .2250000000 -7.585510595
  .2300000000 -7.129878081
  .2350000000 -6.705051747
  .2400000000 -6.309037787
  .2450000000 -5.942557358
  .2500000000 -5.599668917
  .2550000000 -5.278358965
  .2600000000 -4.976809146
  .2650000000 -4.694742605
  .2700000000 -4.433258210
  .2750000000 -4.186862540
  .2800000000 -3.954328564
  .2850000000 -3.737473740
  .2900000000 -3.534945466
  .2950000000 -3.342973896
  .3000000000 -3.162494188
  .3050000000 -2.994894890
  .3100000000 -2.835304939
  .3150000000 -2.685502888
  .3200000000 -2.545787688
  .3250000000 -2.412134449
  .3300000000 -2.288319429
  .3350000000 -2.170977284
  .3400000000 -2.059509918
  .3450000000 -1.956580172
  .3500000000 -1.857322284
  .3550000000 -1.766272477
  .3600000000 -1.679045160
  .3650000000 -1.597764870
  .3700000000 -1.521312073
  .3750000000 -1.449110512
  .3800000000 -1.382368411
  .3850000000 -1.318659938
  .3900000000 -1.260719111
  .3950000000 -1.205005927
  .4000000000 -1.155068671
  .4050000000 -1.106917657
  .4100000000 -1.064254916
  .4150000000 -1.023269043
  .4200000000 -.9871852013
  .4250000000 -.9529730070
  .4300000000 -.9227878670
  .4350000000 -.8949383627
  .4400000000 -.8699865746
  .4450000000 -.8480512614
  .4500000000 -.8277023232
  .4550000000 -.8112119641
  .4600000000 -.7949018311
  .4650000000 -.7833917259
  .4700000000 -.7720187782
  .4750000000 -.7613425856
  .4800000000 -.7554911390
  .4850000000 -.7511353360
  .4900000000 -.7481316839
  .4950000000 -.7463730178
  .5000000000 -.7457931441
  .5050000000 -.7463697365
  .5100000000 -.7481253154
  .5150000000 -.7511262535
  .5200000000 -.7554798666
  .5250000000 -.7613297587
  .5300000000 -.7720026609
  .5350000000 -.7833724707
  .5400000000 -.7948794194
  .5450000000 -.8111914069
  .5500000000 -.8276836411
  .5550000000 -.8480354494
  .5600000000 -.8699740247
  .5650000000 -.8949288539
  .5700000000 -.9227811905
  .5750000000 -.9529688237
  .5800000000 -.9871828611
  .5850000000 -1.023268332
  .5900000000 -1.064255133
  .5950000000 -1.106918689
  .6000000000 -1.155070000
  .6050000000 -1.205007489
  .6100000000 -1.260720615
  .6150000000 -1.318661350
  .6200000000 -1.382369609
  .6250000000 -1.449111485
  .6300000000 -1.521312795
  .6350000000 -1.597765351
  .6400000000 -1.679045411
  .6450000000 -1.766272528
  .6500000000 -1.857322150
  .6550000000 -1.956579896
  .6600000000 -2.059509512
  .6650000000 -2.170976786
  .6700000000 -2.288318856
  .6750000000 -2.412133818
  .6800000000 -2.545787026
  .6850000000 -2.685502204
  .6900000000 -2.835304252
  .6950000000 -2.994894212
  .7000000000 -3.162493527
  .7050000000 -3.342973266
  .7100000000 -3.534944875
  .7150000000 -3.737473196
  .7200000000 -3.954328075
  .7250000000 -4.186862114
  .7300000000 -4.433257852
  .7350000000 -4.694742320
  .7400000000 -4.976808943
  .7450000000 -5.278358847
  .7500000000 -5.599668889
  .7550000000 -5.942557424
  .7600000000 -6.309037951
  .7650000000 -6.705052011
  .7700000000 -7.129878449
  .7750000000 -7.585511067
  .7800000000 -8.074890951
  .7850000000 -8.601276641
  .7900000000 -9.168283593
  .7950000000 -9.779931597
  .8000000000 -10.44070264
  .8050000000 -11.15561258
  .8100000000 -11.93030155
  .8150000000 -12.77115068
  .8200000000 -13.68543461
  .8250000000 -14.68151940
  .8300000000 -15.76910731
  .8350000000 -16.96021299
  .8400000000 -18.28045419
  .8450000000 -19.73624441
  .8500000000 -21.34553513
  .8550000000 -23.14186617
  .8600000000 -25.15227453
  .8650000000 -27.39223604
  .8700000000 -29.92851792
  .8750000000 -32.77096554
  .8800000000 -35.99955084
  .8850000000 -39.66821638
  .8900000000 -43.84991708
  .8950000000 -48.64893788
&
@ s11 color  1
@ s11 linestyle  2
@target s11
@type xy
  .4716605719 -10.000
  .4716605719  10.000
  .5283394280  10.000
  .5283394280 -10.000
&
@ s12 color  2
@ s12 linestyle  2
@ legend string 12 "(7)-(7)"
@target s12
@type xy
  .1000000000 -54.18943295
  .1050000000 -48.64484438
  .1100000000 -43.84588309
  .1150000000 -39.66424387
  .1200000000 -35.99563954
  .1250000000 -32.76711287
  .1300000000 -29.92471803
  .1350000000 -27.38848057
  .1400000000 -25.14855039
  .1450000000 -23.13816073
  .1500000000 -21.34183604
  .1550000000 -19.73254340
  .1600000000 -18.27674850
  .1650000000 -16.95650366
  .1700000000 -15.76539819
  .1750000000 -14.67781411
  .1800000000 -13.68173573
  .1850000000 -12.76745940
  .1900000000 -11.92661776
  .1950000000 -11.15193521
  .2000000000 -10.43703003
  .2050000000 -9.776261757
  .2100000000 -9.164614474
  .2150000000 -8.597606271
  .2200000000 -8.071217527
  .2250000000 -7.581833011
  .2300000000 -7.126194426
  .2350000000 -6.701360935
  .2400000000 -6.305338942
  .2450000000 -5.938849745
  .2500000000 -5.595952212
  .2550000000 -5.274633023
  .2600000000 -4.973073970
  .2650000000 -4.690998326
  .2700000000 -4.429505180
  .2750000000 -4.183101177
  .2800000000 -3.950559316
  .2850000000 -3.733697231
  .2900000000 -3.531162411
  .2950000000 -3.339184857
  .3000000000 -3.158699829
  .3050000000 -2.991096078
  .3100000000 -2.831502189
  .3150000000 -2.681696887
  .3200000000 -2.541979188
  .3250000000 -2.408323842
  .3300000000 -2.284507458
  .3350000000 -2.167164366
  .3400000000 -2.055696425
  .3450000000 -1.952766639
  .3500000000 -1.853508864
  .3550000000 -1.762459581
  .3600000000 -1.675232890
  .3650000000 -1.593953421
  .3700000000 -1.517501541
  .3750000000 -1.445300978
  .3800000000 -1.378560004
  .3850000000 -1.314852714
  .3900000000 -1.256913387
  .3950000000 -1.201201787
  .4000000000 -1.151266869
  .4050000000 -1.103118342
  .4100000000 -1.060459488
  .4150000000 -1.019477795
  .4200000000 -.9834001471
  .4250000000 -.9491947493
  .4300000000 -.9190186183
  .4350000000 -.8911792743
  .4400000000 -.8662393377
  .4450000000 -.8443176582
  .4500000000 -.8239830037
  .4550000000 -.8075089445
  .4600000000 -.7912149332
  .4650000000 -.7797215631
  .4700000000 -.7683651738
  .4750000000 -.7575912347
  .4800000000 -.7516409390
  .4850000000 -.7472215557
  .4900000000 -.7441937474
  .4950000000 -.7424517405
  .5000000000 -.7419278766
  .5050000000 -.7425956302
  .5100000000 -.7444709140
  .5150000000 -.7476115890
  .5200000000 -.7521151997
  .5250000000 -.7581150551
  .5300000000 -.7683498063
  .5350000000 -.7797031557
  .5400000000 -.7911934683
  .5450000000 -.8074893690
  .5500000000 -.8239653387
  .5550000000 -.8443028752
  .5600000000 -.8662278200
  .5650000000 -.8911707956
  .5700000000 -.9190129649
  .5750000000 -.9491915823
  .5800000000 -.9833988166
  .5850000000 -1.019478087
  .5900000000 -1.060460705
  .5950000000 -1.103120370
  .6000000000 -1.151269190
  .6050000000 -1.201204337
  .6100000000 -1.256915872
  .6150000000 -1.314855096
  .6200000000 -1.378562158
  .6250000000 -1.445302887
  .6300000000 -1.517503173
  .6350000000 -1.593954780
  .6400000000 -1.675233982
  .6450000000 -1.762460428
  .6500000000 -1.853509476
  .6550000000 -1.952767049
  .6600000000 -2.055696643
  .6650000000 -2.167164421
  .6700000000 -2.284507362
  .6750000000 -2.408323609
  .6800000000 -2.541978836
  .6850000000 -2.681696423
  .6900000000 -2.831501626
  .6950000000 -2.991095424
  .7000000000 -3.158699090
  .7050000000 -3.339184041
  .7100000000 -3.531161525
  .7150000000 -3.733696278
  .7200000000 -3.950558304
  .7250000000 -4.183100110
  .7300000000 -4.429504062
  .7350000000 -4.690997162
  .7400000000 -4.973072766
  .7450000000 -5.274631783
  .7500000000 -5.595950940
  .7550000000 -5.938848445
  .7600000000 -6.305337618
  .7650000000 -6.701359592
  .7700000000 -7.126193068
  .7750000000 -7.581831642
  .7800000000 -8.071216149
  .7850000000 -8.597604888
  .7900000000 -9.164613087
  .7950000000 -9.776260369
  .8000000000 -10.43702864
  .8050000000 -11.15193383
  .8100000000 -11.92661638
  .8150000000 -12.76745802
  .8200000000 -13.68173436
  .8250000000 -14.67781276
  .8300000000 -15.76539686
  .8350000000 -16.95650237
  .8400000000 -18.27674726
  .8450000000 -19.73254221
  .8500000000 -21.34183491
  .8550000000 -23.13815966
  .8600000000 -25.14854936
  .8650000000 -27.38847955
  .8700000000 -29.92471701
  .8750000000 -32.76711183
  .8800000000 -35.99563846
  .8850000000 -39.66424274
  .8900000000 -43.84588190
  .8950000000 -48.64484314
&
@ s13 color  2
@ s13 linestyle  2
@target s13
@type xy
  .4716605719 -10.000
  .4716605719  10.000
  .5283394280  10.000
  .5283394280 -10.000
&
@ s14 color  3
@ s14 linestyle  2
@ legend string 14 "(8)-(9)"
@target s14
@type xy
  .1000000000 -58.33411000
  .1050000000 -52.40079771
  .1100000000 -47.25711421
  .1150000000 -42.76899005
  .1200000000 -38.83751486
  .1250000000 -35.38885278
  .1300000000 -32.32367577
  .1350000000 -29.61632462
  .1400000000 -27.19099271
  .1450000000 -25.03844985
  .1500000000 -23.09873082
  .1550000000 -21.35922808
  .1600000000 -19.79643760
  .1650000000 -18.37910531
  .1700000000 -17.09048080
  .1750000000 -15.91566526
  .1800000000 -14.84774978
  .1850000000 -13.86744468
  .1900000000 -12.96543210
  .1950000000 -12.13380099
  .2000000000 -11.36566797
  .2050000000 -10.65499258
  .2100000000 -9.996433708
  .2150000000 -9.385239542
  .2200000000 -8.817162266
  .2250000000 -8.288390619
  .2300000000 -7.797665480
  .2350000000 -7.341544689
  .2400000000 -6.915582075
  .2450000000 -6.517186822
  .2500000000 -6.144016423
  .2550000000 -5.793952735
  .2600000000 -5.469175142
  .2650000000 -5.165158751
  .2700000000 -4.878864685
  .2750000000 -4.608850042
  .2800000000 -4.358145450
  .2850000000 -4.122669458
  .2900000000 -3.899639344
  .2950000000 -3.690334941
  .3000000000 -3.495376102
  .3050000000 -3.309888531
  .3100000000 -3.135496926
  .3150000000 -2.972882379
  .3200000000 -2.817448293
  .3250000000 -2.672574938
  .3300000000 -2.535846186
  .3350000000 -2.404992254
  .3400000000 -2.284712113
  .3450000000 -2.168785503
  .3500000000 -2.060824031
  .3550000000 -1.958457726
  .3600000000 -1.861346479
  .3650000000 -1.770959240
  .3700000000 -1.683788661
  .3750000000 -1.604004195
  .3800000000 -1.526120665
  .3850000000 -1.455586881
  .3900000000 -1.386580113
  .3950000000 -1.323946740
  .4000000000 -1.262846351
  .4050000000 -1.207534963
  .4100000000 -1.153487555
  .4150000000 -1.104982931
  .4200000000 -1.057232919
  .4250000000 -1.015073643
  .4300000000 -.9734074686
  .4350000000 -.9367182521
  .4400000000 -.9009034524
  .4450000000 -.8689402861
  .4500000000 -.8386139876
  .4550000000 -.8108648201
  .4600000000 -.7857071395
  .4650000000 -.7617135622
  .4700000000 -.7414744265
  .4750000000 -.7214494656
  .4800000000 -.7053992361
  .4850000000 -.6901599419
  .4900000000 -.6817363242
  .4950000000 -.6703407587
  .5000000000 -.6609564208
  .5050000000 -.6536214237
  .5100000000 -.6483685618
  .5150000000 -.6452095805
  .5200000000 -.6441191760
  .5250000000 -.6450210275
  .5300000000 -.6477782526
  .5350000000 -.6521904432
  .5400000000 -.6579988792
  .5450000000 -.6649006658
  .5500000000 -.6725714887
  .5550000000 -.6806955470
  .5600000000 -.6890001480
  .5650000000 -.6972915879
  .5700000000 -.7054884110
  .5750000000 -.7136480580
  .5800000000 -.7219833032
  .5850000000 -.7308657449
  .5900000000 -.7568388269
  .5950000000 -.7703082998
  .6000000000 -.7848862961
  .6050000000 -.8023991381
  .6100000000 -.8216311867
  .6150000000 -.8450901979
  .6200000000 -.8712843475
  .6250000000 -.9025300024
  .6300000000 -.9378732767
  .6350000000 -.9780966799
  .6400000000 -1.023956240
  .6450000000 -1.073610746
  .6500000000 -1.130378135
  .6550000000 -1.189860686
  .6600000000 -1.256681176
  .6650000000 -1.326809362
  .6700000000 -1.401942360
  .6750000000 -1.482308038
  .6800000000 -1.566097169
  .6850000000 -1.656364944
  .6900000000 -1.750995553
  .6950000000 -1.850066383
  .7000000000 -1.956775866
  .7050000000 -2.068633769
  .7100000000 -2.186151954
  .7150000000 -2.313173715
  .7200000000 -2.447146135
  .7250000000 -2.588691855
  .7300000000 -2.740519901
  .7350000000 -2.903110831
  .7400000000 -3.075883276
  .7450000000 -3.259801453
  .7500000000 -3.457066085
  .7550000000 -3.669830811
  .7600000000 -3.897359627
  .7650000000 -4.141076536
  .7700000000 -4.402562489
  .7750000000 -4.683572802
  .7800000000 -4.986057090
  .7850000000 -5.312998820
  .7900000000 -5.666494303
  .7950000000 -6.048306911
  .8000000000 -6.461303745
  .8050000000 -6.908657458
  .8100000000 -7.393873215
  .8150000000 -7.920816458
  .8200000000 -8.495665385
  .8250000000 -9.123033423
  .8300000000 -9.807433858
  .8350000000 -10.55462323
  .8400000000 -11.37088164
  .8450000000 -12.26474396
  .8500000000 -13.25125807
  .8550000000 -14.33139816
  .8600000000 -15.51879297
  .8650000000 -16.83192272
  .8700000000 -18.27528770
  .8750000000 -19.87840530
  .8800000000 -21.65228671
  .8850000000 -23.62083640
  .8900000000 -25.82398236
  .8950000000 -28.28042919
&
@ s15 color  3
@ s15 linestyle  2
@target s15
@type xy
  .4877774114 -10.000
  .4877774114  10.000
  .5885611469  10.000
  .5885611469 -10.000
&
@ s16 color  4
@ s16 linestyle  2
@ legend string 16 "(9)-(10)"
@target s16
@type xy
  .1000000000 -31.26494928
  .1050000000 -28.50712710
  .1100000000 -26.03466904
  .1150000000 -23.82302367
  .1200000000 -21.83960829
  .1250000000 -20.05122668
  .1300000000 -18.44138808
  .1350000000 -16.98482827
  .1400000000 -15.66565733
  .1450000000 -14.46608578
  .1500000000 -13.38045108
  .1550000000 -12.38862362
  .1600000000 -11.48386599
  .1650000000 -10.66281484
  .1700000000 -9.911008679
  .1750000000 -9.222164128
  .1800000000 -8.590520372
  .1850000000 -8.010803215
  .1900000000 -7.478192974
  .1950000000 -6.988294731
  .2000000000 -6.537110102
  .2050000000 -6.121009963
  .2100000000 -5.736707821
  .2150000000 -5.381233695
  .2200000000 -5.051908476
  .2250000000 -4.746318860
  .2300000000 -4.462293048
  .2350000000 -4.197877497
  .2400000000 -3.951315105
  .2450000000 -3.721025238
  .2500000000 -3.507159257
  .2550000000 -3.308290398
  .2600000000 -3.121747877
  .2650000000 -2.946466693
  .2700000000 -2.781791193
  .2750000000 -2.629581145
  .2800000000 -2.485813982
  .2850000000 -2.349781413
  .2900000000 -2.222659277
  .2950000000 -2.103386173
  .3000000000 -1.989819333
  .3050000000 -1.882902239
  .3100000000 -1.782394159
  .3150000000 -1.686056833
  .3200000000 -1.595395951
  .3250000000 -1.509252097
  .3300000000 -1.426220197
  .3350000000 -1.348998091
  .3400000000 -1.274490297
  .3450000000 -1.204145482
  .3500000000 -1.138010693
  .3550000000 -1.074731628
  .3600000000 -1.017534045
  .3650000000 -.9623886421
  .3700000000 -.9145910205
  .3750000000 -.8692048261
  .3800000000 -.8306481852
  .3850000000 -.7953314990
  .3900000000 -.7660631808
  .3950000000 -.7401487206
  .4000000000 -.7192704653
  .4050000000 -.7011957177
  .4100000000 -.6871999273
  .4150000000 -.6541600965
  .4200000000 -.6452396436
  .4250000000 -.6378826583
  .4300000000 -.6313016645
  .4350000000 -.6248423614
  .4400000000 -.6180194458
  .4450000000 -.6105354740
  .4500000000 -.6022820858
  .4550000000 -.5933247913
  .4600000000 -.5838741611
  .4650000000 -.5742474827
  .4700000000 -.5648256345
  .4750000000 -.5560100350
  .4800000000 -.5481840794
  .4850000000 -.5416825653
  .4900000000 -.5367713753
  .4950000000 -.5336383052
  .5000000000 -.5323945663
  .5050000000 -.5330853231
  .5100000000 -.5357067693
  .5150000000 -.5402267759
  .5200000000 -.5466060831
  .5250000000 -.5548173238
  .5300000000 -.5648597813
  .5350000000 -.5767685871
  .5400000000 -.5906179401
  .5450000000 -.6065187496
  .5500000000 -.6330859442
  .5550000000 -.6565322910
  .5600000000 -.6802435740
  .5650000000 -.7079099669
  .5700000000 -.7368926049
  .5750000000 -.7690174619
  .5800000000 -.8032464869
  .5850000000 -.8402255577
  .5900000000 -.8799457638
  .5950000000 -.9222839113
  .6000000000 -.9678236841
  .6050000000 -1.016119108
  .6100000000 -1.067895313
  .6150000000 -1.122859207
  .6200000000 -1.181370494
  .6250000000 -1.243839406
  .6300000000 -1.309665285
  .6350000000 -1.380615976
  .6400000000 -1.454420113
  .6450000000 -1.534987503
  .6500000000 -1.618226744
  .6550000000 -1.709021510
  .6600000000 -1.803942368
  .6650000000 -1.905085263
  .6700000000 -2.013339459
  .6750000000 -2.126189356
  .6800000000 -2.249366182
  .6850000000 -2.378586718
  .6900000000 -2.515374365
  .6950000000 -2.663333662
  .7000000000 -2.818911382
  .7050000000 -2.984569941
  .7100000000 -3.163285606
  .7150000000 -3.352091247
  .7200000000 -3.552188229
  .7250000000 -3.769623852
  .7300000000 -4.000356083
  .7350000000 -4.245569336
  .7400000000 -4.507768057
  .7450000000 -4.791353787
  .7500000000 -5.093913709
  .7550000000 -5.417181651
  .7600000000 -5.763067867
  .7650000000 -6.133907875
  .7700000000 -6.535401018
  .7750000000 -6.966154967
  .7800000000 -7.428807840
  .7850000000 -7.926223077
  .7900000000 -8.461500361
  .7950000000 -9.037988345
  .8000000000 -9.659301920
  .8050000000 -10.32934826
  .8100000000 -11.05236732
  .8150000000 -11.83299249
  .8200000000 -12.67633396
  .8250000000 -13.58807700
  .8300000000 -14.57456925
  .8350000000 -15.64826751
  .8400000000 -16.81535815
  .8450000000 -18.08134633
  .8500000000 -19.45354129
  .8550000000 -20.95114489
  .8600000000 -22.57715263
  .8650000000 -24.36278447
  .8700000000 -26.36689783
  .8750000000 -28.64184246
  .8800000000 -31.23266361
  .8850000000 -34.17088903
  .8900000000 -37.46881884
  .8950000000 -41.18055787
&
@ s17 color  4
@ s17 linestyle  2
@target s17
@type xy
  .4132226436 -10.000
  .4132226436  10.000
  .5499477409  10.000
  .5499477409 -10.000
&
@ s18 color  5
@ s18 linestyle  2
@ legend string 18 "(10)-(9)"
@target s18
@type xy
  .1000000000 -45.38549640
  .1050000000 -41.18055787
  .1100000000 -37.46881884
  .1150000000 -34.17088903
  .1200000000 -31.23266361
  .1250000000 -28.64184246
  .1300000000 -26.36689783
  .1350000000 -24.36278447
  .1400000000 -22.57715263
  .1450000000 -20.95114489
  .1500000000 -19.45354129
  .1550000000 -18.08134633
  .1600000000 -16.81535815
  .1650000000 -15.64826751
  .1700000000 -14.57456925
  .1750000000 -13.58807700
  .1800000000 -12.67633396
  .1850000000 -11.83299249
  .1900000000 -11.05236732
  .1950000000 -10.32934826
  .2000000000 -9.659301920
  .2050000000 -9.037988345
  .2100000000 -8.461500361
  .2150000000 -7.926223077
  .2200000000 -7.428807840
  .2250000000 -6.966154967
  .2300000000 -6.535401018
  .2350000000 -6.133907875
  .2400000000 -5.763067867
  .2450000000 -5.417181651
  .2500000000 -5.093913709
  .2550000000 -4.791353787
  .2600000000 -4.507768057
  .2650000000 -4.245569336
  .2700000000 -4.000356083
  .2750000000 -3.769623852
  .2800000000 -3.552188229
  .2850000000 -3.352091247
  .2900000000 -3.163285606
  .2950000000 -2.984569941
  .3000000000 -2.818911382
  .3050000000 -2.663333662
  .3100000000 -2.515374365
  .3150000000 -2.378586718
  .3200000000 -2.249366182
  .3250000000 -2.126189356
  .3300000000 -2.013339459
  .3350000000 -1.905085263
  .3400000000 -1.803942368
  .3450000000 -1.709021510
  .3500000000 -1.618226744
  .3550000000 -1.534987503
  .3600000000 -1.454420113
  .3650000000 -1.380615976
  .3700000000 -1.309665285
  .3750000000 -1.243839406
  .3800000000 -1.181370494
  .3850000000 -1.122859207
  .3900000000 -1.067895313
  .3950000000 -1.016119108
  .4000000000 -.9678236841
  .4050000000 -.9222839113
  .4100000000 -.8799457638
  .4150000000 -.8402255577
  .4200000000 -.8032464869
  .4250000000 -.7690174619
  .4300000000 -.7368926049
  .4350000000 -.7079099669
  .4400000000 -.6802435740
  .4450000000 -.6565322910
  .4500000000 -.6330859442
  .4550000000 -.6065187496
  .4600000000 -.5906179401
  .4650000000 -.5767685871
  .4700000000 -.5648597813
  .4750000000 -.5548173238
  .4800000000 -.5466060831
  .4850000000 -.5402267759
  .4900000000 -.5357067693
  .4950000000 -.5330853231
  .5000000000 -.5323945663
  .5050000000 -.5336383052
  .5100000000 -.5367713753
  .5150000000 -.5416825653
  .5200000000 -.5481840794
  .5250000000 -.5560100350
  .5300000000 -.5648256345
  .5350000000 -.5742474827
  .5400000000 -.5838741611
  .5450000000 -.5933247913
  .5500000000 -.6022820858
  .5550000000 -.6105354740
  .5600000000 -.6180194458
  .5650000000 -.6248423614
  .5700000000 -.6313016645
  .5750000000 -.6378826583
  .5800000000 -.6452396436
  .5850000000 -.6541600965
  .5900000000 -.6871999273
  .5950000000 -.7011957177
  .6000000000 -.7192704653
  .6050000000 -.7401487206
  .6100000000 -.7660631808
  .6150000000 -.7953314990
  .6200000000 -.8306481852
  .6250000000 -.8692048261
  .6300000000 -.9145910205
  .6350000000 -.9623886421
  .6400000000 -1.017534045
  .6450000000 -1.074731628
  .6500000000 -1.138010693
  .6550000000 -1.204145482
  .6600000000 -1.274490297
  .6650000000 -1.348998091
  .6700000000 -1.426220197
  .6750000000 -1.509252097
  .6800000000 -1.595395951
  .6850000000 -1.686056833
  .6900000000 -1.782394159
  .6950000000 -1.882902239
  .7000000000 -1.989819333
  .7050000000 -2.103386173
  .7100000000 -2.222659277
  .7150000000 -2.349781413
  .7200000000 -2.485813982
  .7250000000 -2.629581145
  .7300000000 -2.781791193
  .7350000000 -2.946466693
  .7400000000 -3.121747877
  .7450000000 -3.308290398
  .7500000000 -3.507159257
  .7550000000 -3.721025238
  .7600000000 -3.951315105
  .7650000000 -4.197877497
  .7700000000 -4.462293048
  .7750000000 -4.746318860
  .7800000000 -5.051908476
  .7850000000 -5.381233695
  .7900000000 -5.736707821
  .7950000000 -6.121009963
  .8000000000 -6.537110102
  .8050000000 -6.988294731
  .8100000000 -7.478192974
  .8150000000 -8.010803215
  .8200000000 -8.590520372
  .8250000000 -9.222164128
  .8300000000 -9.911008679
  .8350000000 -10.66281484
  .8400000000 -11.48386599
  .8450000000 -12.38862362
  .8500000000 -13.38045108
  .8550000000 -14.46608578
  .8600000000 -15.66565733
  .8650000000 -16.98482827
  .8700000000 -18.44138808
  .8750000000 -20.05122668
  .8800000000 -21.83960829
  .8850000000 -23.82302367
  .8900000000 -26.03466904
  .8950000000 -28.50712710
&
@ s19 color  5
@ s19 linestyle  2
@target s19
@type xy
  .4500522590 -10.000
  .4500522590  10.000
  .5867773563  10.000
  .5867773563 -10.000
&
