     24.246340      0.000000      0.000000
      0.000000      0.000000      0.000000
      0.000000      0.000000      0.000000
      4.699393      0.000000      0.000000
      0.000000      0.000000      0.000000
      0.000000      0.000000     -0.000000
      4.504360      0.000000      0.000000
      0.000000      0.000000      0.000000
      0.000000     -0.000000     -0.000000
      4.542348      0.000000      0.000000
      0.000000      0.000000      0.000000
      0.000000      0.000000      0.000000
      0.000000      0.000000      0.000000
      0.000000      0.000000      0.000000
      0.000000      0.000000      0.000000
      0.000000      0.000000      0.000000
      0.000000      0.000000      0.000000
      0.000000      0.000000      0.000000
      0.000000      0.000000      0.000000
      0.000000      0.000000      0.000000
      0.000000      0.000000      0.000000
      0.000000
