 (/ i6, 2f12.0, 5x, a1 /)
     n           S          dx coord
   576  .717194627       0.025     v
   576  2.23009894       0.025     a
 (/f6.0, i6, f12.0, 2f6.0, 2x, 2i1, f2.0, 11x, a1//(2i6, f12.0, i12))
     Z    nc      Sinf/S     . Sws/S  ....     ScoFlag
   46.    12          1.    1.    1.  10.0           p
     n     k         occ        flag
     1    -1          2.           0
     2    -1          2.           0
     2     1          2.           0
     2    -2          4.           0
     3    -1          2.           0
     3     1          2.           0
     3    -2          4.           0
     3     2          4.           0
     3    -3          6.           0
     4    -1          .0           0
     4     1          .0           0
     4    -2          .0           0
    12 Bases
     0     1     1
     0     1     2
     0     1     3
     1     1     1
     1     1     2
     1     1     3
     2     1     1
     2     1     2
     0     2     1
     0     2     2
     1     2     1
     1     2     2
     5     5     4     4     5     6     7     8     9
    20    21     0     0     0     0     0     0     0
     5     5     4     4     5     6     7     8     9
    20    21     0     0     0     0     0     0     0
     4     4     4     4     5     6     7     8     9
    -1    -1     0     0     0     0     0     0     0
     4     4     4     4     5     6     7     8     9
    -1    -1     0     0     0     0     0     0     0
