   7    5   -1    0    0   -0.001038 -0.005846  0.000781
   7    5    0    0    0   -0.001038  0.005845 -0.000781
   7    6   -1    0    0    0.002672  0.003325 -0.000815
   7    6   -1    1    0   -0.002672  0.003325  0.000815
   7    8    0    1   -1   -0.002725 -0.004463  0.001737
   7    8    0    1    0    0.002725  0.004464  0.001738
   7    5   -1    0   -1    0.000200  0.002456  0.003142
   7    5    0    0   -1    0.000200 -0.002456 -0.003142
   7    6    0    0    0    0.000532 -0.003122  0.000760
   7    6    0    1    0   -0.000532 -0.003122 -0.000760
   7    8    0    0   -1    0.000488  0.001516  0.002899
   7    8    0    0    0   -0.000488 -0.001516  0.002899
   7    5   -1    1    0   -0.000102 -0.002617 -0.003020
   7    5    0    1    0   -0.000102  0.002617  0.003020
   7    6   -1    0    1   -0.000363  0.002847 -0.000286
   7    6   -1    1    1    0.000363  0.002847  0.000286
   7    8   -1    1   -1   -0.000427 -0.001808 -0.003657
   7    8   -1    1    0    0.000427  0.001808 -0.003657
   7    7   -1    0    0   -0.000058  0.000537 -0.000867
   7    7    0   -1    0    0.000071  0.000113 -0.001065
   7    7    0    0   -1   -0.000036  0.000038  0.001083
   7    7    0    0    1   -0.000036  0.000038  0.001083
   7    7    0    1    0    0.000071  0.000113 -0.001065
   7    7    1    0    0   -0.000058  0.000537 -0.000867
   7    8   -1    0   -1    0.000141 -0.001989  0.000395
   7    8   -1    0    0   -0.000140  0.001990  0.000395
   7    5   -1    1   -1    0.000107  0.004282 -0.001428
   7    5    0    1   -1    0.000107 -0.004283  0.001430
   7    6    0    0    1   -0.000319 -0.001989  0.004570
   7    6    0    1    1    0.000319 -0.001989 -0.004570
   7    5   -1   -1    0   -0.000077  0.000479  0.000681
   7    5    0   -1    0   -0.000077 -0.000480 -0.000681
   7    6   -1    0   -1   -0.000150 -0.000368  0.000351
   7    6   -1    1   -1    0.000150 -0.000368 -0.000350
   7    8    1    1   -1   -0.000088  0.000868  0.000453
   7    8    1    1    0    0.000088 -0.000867  0.000453
   7    5   -1    0    1   -0.000143  0.000601 -0.001215
   7    5    0    0    1   -0.000143 -0.000601  0.001215
   7    6   -2    0    0    0.000085  0.000752  0.000243
   7    6   -2    1    0   -0.000085  0.000752 -0.000243
   7    8    0    2   -1    0.000164 -0.000953 -0.000600
   7    8    0    2    0   -0.000164  0.000953 -0.000600
   7    7   -1   -1    0    0.000006  0.000439 -0.000564
   7    7   -1    0   -1   -0.000145  0.000117 -0.000494
   7    7   -1    0    1   -0.000034 -0.000793 -0.000378
   7    7   -1    1    0    0.000095 -0.000817  0.001295
   7    7    0   -1   -1   -0.000145  0.000491  0.001108
   7    7    0   -1    1    0.000323  0.000686 -0.000196
   7    7    0    1   -1    0.000323  0.000686 -0.000196
   7    7    0    1    1   -0.000145  0.000491  0.001108
   7    7    1   -1    0    0.000095 -0.000817  0.001295
   7    7    1    0   -1   -0.000034 -0.000793 -0.000378
   7    7    1    0    1   -0.000145  0.000117 -0.000494
   7    7    1    1    0    0.000006  0.000439 -0.000564
   7    5   -1   -1   -1   -0.000153  0.000665  0.000178
   7    5    0   -1   -1   -0.000153 -0.000665 -0.000177
   7    8    1    0   -1   -0.000077  0.000029 -0.001439
   7    8    1    0    0    0.000077 -0.000029 -0.001439
   7    6    0    0   -1    0.000078  0.001828  0.000787
   7    6    0    1   -1   -0.000078  0.001828 -0.000787
   7    5   -2    0    0   -0.000098 -0.002340  0.002353
   7    5    1    0    0   -0.000098  0.002340 -0.002353
   7    6   -1   -1    0    0.000019 -0.000463 -0.002232
   7    6   -1    2    0   -0.000019 -0.000463  0.002232
   7    8    0    1    1    0.000024 -0.002264  0.000030
   7    8    0    1   -2   -0.000024  0.002264  0.000031
   7    5   -1    1    1   -0.000163  0.000533 -0.000199
   7    5    0    1    1   -0.000163 -0.000533  0.000199
   7    8   -1    2   -1   -0.000097 -0.000312  0.001049
   7    8   -1    2    0    0.000097  0.000312  0.001049
   7    6   -2    0    1    0.000028 -0.000633  0.000598
   7    6   -2    1    1   -0.000028 -0.000633 -0.000598
   7    5    1    0   -1   -0.000008  0.000282  0.000309
   7    6    0   -1    0   -0.000030 -0.000139 -0.000314
   7    8    0    0    1    0.000049  0.000198  0.000309
   7    5   -2    0   -1   -0.000008 -0.000282 -0.000308
   7    6    0    2    0    0.000030 -0.000139  0.000314
   7    8    0    0   -2   -0.000049 -0.000198  0.000309
   7    5    1    1    0   -0.000051 -0.000445 -0.000451
   7    6   -1   -1    1    0.000016  0.000231  0.000434
   7    8   -1    1    1    0.000028 -0.000313 -0.000059
   7    5   -2    1    0   -0.000051  0.000445  0.000451
   7    6   -1    2    1   -0.000016  0.000231 -0.000434
   7    8   -1    1   -2   -0.000028  0.000313 -0.000059
   7    7   -1   -1   -1   -0.000012  0.001196  0.000461
   7    7   -1   -1    1   -0.000074 -0.000132 -0.001227
   7    7   -1    1   -1   -0.000061 -0.000579 -0.000027
   7    7   -1    1    1   -0.000062 -0.000178  0.000102
   7    7    1   -1   -1   -0.000062 -0.000178  0.000102
   7    7    1   -1    1   -0.000061 -0.000579 -0.000027
   7    7    1    1   -1   -0.000074 -0.000132 -0.001227
   7    7    1    1    1   -0.000012  0.001196  0.000461
   7    5   -1    0   -2   -0.000046  0.000431 -0.000256
   7    5    0    0   -2   -0.000046 -0.000431  0.000256
   7    6    1    0    0   -0.000037  0.000063  0.000484
   7    6    1    1    0    0.000037  0.000063 -0.000484
   7    8    0   -1   -1    0.000115 -0.000091 -0.000134
   7    8    0   -1    0   -0.000115  0.000091 -0.000134
   7    5   -2    1   -1    0.000015 -0.000088 -0.000344
   7    5   -1   -1    1    0.000061 -0.000007 -0.000099
   7    5    0   -1    1    0.000061  0.000007  0.000099
   7    5    1    1   -1    0.000015  0.000089  0.000344
   7    6   -2    0   -1    0.000016 -0.000169 -0.000071
   7    6   -2    1   -1   -0.000016 -0.000169  0.000071
   7    6    0   -1    1   -0.000036 -0.000026  0.000054
   7    6    0    2    1    0.000036 -0.000026 -0.000054
   7    8   -1    0   -2    0.000049 -0.000328  0.000064
   7    8   -1    0    1   -0.000049  0.000328  0.000064
   7    8    1    2   -1   -0.000024  0.000025  0.000126
   7    8    1    2    0    0.000024 -0.000025  0.000126
   7    6   -1    0    2   -0.000150  0.000017  0.000096
   7    6   -1    1    2    0.000150  0.000017 -0.000096
   7    5   -1    2    0   -0.000017  0.000266 -0.000212
   7    5    0    2    0   -0.000017 -0.000266  0.000212
   7    8   -2    1   -1   -0.000016 -0.000213  0.000037
   7    8   -2    1    0    0.000016  0.000213  0.000037
   7    5   -2   -1    0   -0.000019 -0.000534 -0.000064
   7    5   -1    1   -2   -0.000006  0.000305 -0.000660
   7    5    0    1   -2   -0.000006 -0.000305  0.000660
   7    5    1   -1    0   -0.000019  0.000534  0.000064
   7    6   -1   -1   -1    0.000012 -0.000470 -0.000501
   7    6   -1    2   -1   -0.000012 -0.000470  0.000501
   7    6    1    0    1    0.000025  0.000023  0.000454
   7    6    1    1    1   -0.000025  0.000023 -0.000454
   7    8   -1   -1   -1    0.000009 -0.000611  0.000166
   7    8   -1   -1    0   -0.000009  0.000611  0.000166
   7    8    1    1   -2   -0.000020 -0.000159  0.000309
   7    8    1    1    1    0.000020  0.000160  0.000309
   7    5   -2    0    1    0.000003 -0.000451  0.000402
   7    5   -1    2   -1    0.000003  0.000254 -0.000779
   7    5    0    2   -1    0.000003 -0.000254  0.000779
   7    5    1    0    1    0.000003  0.000451 -0.000401
   7    6   -2   -1    0    0.000044  0.000199 -0.000347
   7    6   -2    2    0   -0.000044  0.000199  0.000347
   7    6    0    0    2   -0.000014  0.000263  0.000231
   7    6    0    1    2    0.000014  0.000263 -0.000231
   7    8   -2    0   -1   -0.000004 -0.001007 -0.000005
   7    8   -2    0    0    0.000004  0.001007 -0.000005
   7    8    0    2   -2    0.000023  0.000459 -0.000190
   7    8    0    2    1   -0.000023 -0.000459 -0.000190
   7    7   -2    0    0    0.000069 -0.000049 -0.000289
   7    7    0   -2    0   -0.000067 -0.000119  0.000037
   7    7    0    0   -2   -0.000006  0.000237  0.000120
   7    7    0    0    2   -0.000006  0.000237  0.000120
   7    7    0    2    0   -0.000067 -0.000119  0.000037
   7    7    2    0    0    0.000069 -0.000049 -0.000289
   7    8    1    0    1   -0.000054 -0.000136 -0.000379
   7    5   -2   -1   -1   -0.000068 -0.000184  0.000230
   7    5    1   -1   -1   -0.000068  0.000184 -0.000231
   7    6    0   -1   -1    0.000010  0.000373 -0.000108
   7    6    0    2   -1   -0.000010  0.000373  0.000108
   7    8    1    0   -2    0.000054  0.000136 -0.000379
   7    5    1    1    1   -0.000021  0.000554  0.000137
   7    6   -2   -1    1   -0.000009 -0.000305 -0.000476
   7    8   -1    2    1    0.000024  0.000175  0.000278
   7    5   -2    1    1   -0.000021 -0.000554 -0.000137
   7    6   -2    2    1    0.000009 -0.000305  0.000476
   7    8   -1    2   -2   -0.000024 -0.000175  0.000278
   7    5   -1   -1   -2   -0.000001  0.000002  0.000157
   7    5    0   -1   -2   -0.000001 -0.000002 -0.000157
   7    6    1    0   -1   -0.000008  0.000131 -0.000028
   7    6    1    1   -1    0.000008  0.000131  0.000028
   7    8    1   -1   -1    0.000033  0.000139 -0.000096
   7    8    1   -1    0   -0.000033 -0.000139 -0.000096
   7    5   -1    2    1   -0.000001 -0.000088  0.000105
   7    5    0    2    1   -0.000001  0.000088 -0.000105
   7    6   -2    0    2   -0.000017  0.000075 -0.000087
   7    6   -2    1    2    0.000017  0.000075  0.000087
   7    8   -2    2   -1   -0.000004  0.000092 -0.000046
   7    8   -2    2    0    0.000004 -0.000091 -0.000046
   7    7   -2   -1    0    0.000004  0.000024 -0.000111
   7    7   -2    0   -1   -0.000007 -0.000253  0.000002
   7    7   -2    0    1   -0.000050 -0.000105 -0.000223
   7    7   -2    1    0   -0.000022 -0.000098  0.000041
   7    7   -1   -2    0   -0.000007 -0.000195  0.000176
   7    7   -1    0   -2    0.000016  0.000061 -0.000246
   7    7   -1    0    2   -0.000000 -0.000133 -0.000156
   7    7   -1    2    0    0.000001 -0.000044  0.000022
   7    7    0   -2   -1    0.000006  0.000177  0.000052
   7    7    0   -2    1    0.000069  0.000224 -0.000043
   7    7    0   -1   -2    0.000005  0.000195  0.000041
   7    7    0   -1    2    0.000045  0.000022  0.000186
   7    7    0    1   -2    0.000045  0.000022  0.000186
   7    7    0    1    2    0.000005  0.000195  0.000041
   7    7    0    2   -1    0.000069  0.000224 -0.000043
   7    7    0    2    1    0.000006  0.000177  0.000052
   7    7    1   -2    0    0.000001 -0.000044  0.000022
   7    7    1    0   -2   -0.000000 -0.000133 -0.000156
   7    7    1    0    2    0.000016  0.000061 -0.000246
   7    7    1    2    0   -0.000007 -0.000195  0.000176
   7    7    2   -1    0   -0.000022 -0.000098  0.000041
   7    7    2    0   -1   -0.000050 -0.000105 -0.000223
   7    7    2    0    1   -0.000007 -0.000253  0.000002
   7    7    2    1    0    0.000004  0.000024 -0.000111
   7    5   -2    0   -2   -0.000015 -0.000118  0.000118
   7    5   -1   -2    0    0.000022 -0.000039  0.000106
   7    5    0   -2    0    0.000022  0.000039 -0.000107
   7    5    1    0   -2   -0.000015  0.000118 -0.000118
   7    6   -1    0   -2   -0.000028  0.000041 -0.000007
   7    6   -1    1   -2    0.000028  0.000041  0.000007
   7    6    1   -1    0   -0.000011  0.000062 -0.000109
   7    6    1    2    0    0.000011  0.000062  0.000109
   7    8    0   -1   -2    0.000050  0.000096 -0.000078
   7    8    0   -1    1   -0.000050 -0.000096 -0.000078
   7    8    2    1   -1   -0.000006  0.000080 -0.000008
   7    8    2    1    0    0.000006 -0.000080 -0.000008
   7    5    1   -1    1   -0.000002 -0.000072  0.000186
   7    5   -2   -1    1   -0.000002  0.000072 -0.000186
   7    6   -2   -1   -1   -0.000022  0.000061 -0.000058
   7    6   -2    2   -1    0.000022  0.000061  0.000058
   7    8    1    2   -2    0.000011 -0.000100  0.000085
   7    8    1    2    1   -0.000011  0.000100  0.000085
   7    5   -2    2    0   -0.000012 -0.000041  0.000007
   7    5   -1    0    2    0.000022 -0.000186  0.000024
   7    5    0    0    2    0.000022  0.000186 -0.000024
   7    5    1    2    0   -0.000012  0.000041 -0.000007
   7    6   -3    0    0    0.000002 -0.000035 -0.000205
   7    6   -3    1    0   -0.000002 -0.000035  0.000205
   7    6   -1   -1    2   -0.000056  0.000035 -0.000029
   7    6   -1    2    2    0.000056  0.000035  0.000029
   7    8   -2    1   -2    0.000019  0.000008 -0.000051
   7    8   -2    1    1   -0.000019 -0.000008 -0.000051
   7    8    0    3   -1    0.000026  0.000040  0.000072
   7    8    0    3    0   -0.000026 -0.000040  0.000073
   7    5   -1   -2   -1    0.000004 -0.000040  0.000057
   7    5    0   -2   -1    0.000004  0.000040 -0.000057
   7    6    0    0   -2    0.000003 -0.000081 -0.000068
   7    6    0    1   -2   -0.000003 -0.000081  0.000068
   7    8    2    0   -1    0.000022  0.000067  0.000127
   7    8    2    0    0   -0.000022 -0.000067  0.000127
   7    5   -2    1   -2   -0.000002  0.000013  0.000014
   7    5    1    1   -2   -0.000002 -0.000013 -0.000014
   7    6    1   -1    1    0.000023  0.000141 -0.000029
   7    6    1    2    1   -0.000023  0.000141  0.000029
   7    8   -1   -1   -2   -0.000023  0.000076 -0.000149
   7    8   -1   -1    1    0.000023 -0.000076 -0.000149
   7    5    1    2   -1    0.000002  0.000091 -0.000014
   7    6    0   -1    2    0.000008 -0.000019 -0.000127
   7    6    0    2    2   -0.000008 -0.000019  0.000127
   7    8   -2    0   -2   -0.000028  0.000028  0.000016
   7    8   -2    0    1    0.000028 -0.000028  0.000016
   7    5   -2    2   -1    0.000002 -0.000091  0.000014
   7    5   -1    1    2   -0.000005 -0.000188  0.000018
   7    5    0    1    2   -0.000005  0.000188 -0.000018
   7    6   -3    0    1   -0.000002  0.000116 -0.000188
   7    6   -3    1    1    0.000002  0.000116  0.000188
   7    8   -1    3   -1   -0.000008 -0.000009 -0.000102
   7    8   -1    3    0    0.000008  0.000009 -0.000102
   7    7   -2   -1   -1    0.000022 -0.000057  0.000051
   7    7   -2   -1    1    0.000032  0.000216 -0.000167
   7    7   -2    1   -1    0.000021 -0.000247  0.000146
   7    7   -2    1    1    0.000039  0.000059 -0.000070
   7    7   -1   -2   -1    0.000005  0.000076  0.000269
   7    7   -1   -2    1    0.000014  0.000030  0.000094
   7    7   -1   -1   -2    0.000003  0.000157  0.000102
   7    7   -1   -1    2   -0.000019 -0.000180 -0.000060
   7    7   -1    1   -2    0.000021 -0.000021 -0.000040
   7    7   -1    1    2    0.000016  0.000022 -0.000046
   7    7   -1    2   -1   -0.000006 -0.000046 -0.000244
   7    7   -1    2    1    0.000029  0.000035 -0.000062
   7    7    1   -2   -1    0.000029  0.000035 -0.000062
   7    7    1   -2    1   -0.000006 -0.000046 -0.000244
   7    7    1   -1   -2    0.000016  0.000022 -0.000046
   7    7    1   -1    2    0.000021 -0.000021 -0.000040
   7    7    1    1   -2   -0.000019 -0.000180 -0.000060
   7    7    1    1    2    0.000003  0.000157  0.000102
   7    7    1    2   -1    0.000014  0.000030  0.000094
   7    7    1    2    1    0.000005  0.000076  0.000269
   7    7    2   -1   -1    0.000039  0.000059 -0.000070
   7    7    2   -1    1    0.000021 -0.000247  0.000146
   7    7    2    1   -1    0.000032  0.000216 -0.000167
   7    7    2    1    1    0.000022 -0.000057  0.000051
   7    6    1    0    2    0.000019 -0.000026  0.000235
   7    6    1    1    2   -0.000019 -0.000026 -0.000235
   7    8    0    1    2   -0.000011  0.000021 -0.000078
   7    5   -3    0    0    0.000009  0.000023 -0.000019
   7    5   -1    2   -2   -0.000033  0.000237 -0.000149
   7    5    0    2   -2   -0.000033 -0.000237  0.000149
   7    5    2    0    0    0.000009 -0.000023  0.000019
   7    6   -1   -2    0   -0.000003  0.000056  0.000026
   7    6   -1    3    0    0.000003  0.000056 -0.000026
   7    8   -2   -1   -1   -0.000008 -0.000131  0.000019
   7    8   -2   -1    0    0.000008  0.000131  0.000019
   7    8    0    1   -3    0.000011 -0.000021 -0.000078
   7    5   -2   -1   -2    0.000006  0.000065 -0.000008
   7    5    1   -1   -2    0.000006 -0.000065  0.000008
   7    6    1   -1   -1   -0.000027 -0.000024  0.000044
   7    6    1    2   -1    0.000027 -0.000024 -0.000044
   7    8    1   -1   -2    0.000013 -0.000006  0.000030
   7    8    1   -1    1   -0.000013  0.000006  0.000030
   7    5    2    0   -1   -0.000005  0.000021 -0.000059
   7    8    0    0    2   -0.000012 -0.000038 -0.000085
   7    5   -3    0   -1   -0.000005 -0.000021  0.000060
   7    5   -1   -2    1    0.000027 -0.000007 -0.000002
   7    5    0   -2    1    0.000027  0.000007  0.000002
   7    6   -2    0   -2   -0.000006  0.000071  0.000008
   7    6   -2    1   -2    0.000006  0.000071 -0.000008
   7    6    0   -2    0   -0.000010  0.000038 -0.000037
   7    8    0    0   -3    0.000012  0.000038 -0.000085
   7    8    2    2   -1   -0.000009  0.000008 -0.000045
   7    8    2    2    0    0.000009 -0.000008 -0.000045
   7    6    0    3    0    0.000010  0.000038  0.000037
   7    5   -1   -1    2    0.000020  0.000003 -0.000011
   7    5    0   -1    2    0.000020 -0.000003  0.000011
   7    5    2    1    0   -0.000003  0.000096  0.000065
   7    8   -1    1    2   -0.000018  0.000050  0.000032
   7    5   -3    1    0   -0.000003 -0.000096 -0.000066
   7    6   -3    0   -1    0.000008  0.000054 -0.000007
   7    6   -3    1   -1   -0.000008  0.000054  0.000007
   7    6   -1   -2    1   -0.000022 -0.000062 -0.000078
   7    6   -1    3    1    0.000022 -0.000062  0.000078
   7    8   -1    1   -3    0.000018 -0.000050  0.000032
   7    8    1    3   -1    0.000004 -0.000018 -0.000026
   7    8    1    3    0   -0.000004  0.000018 -0.000026
   7    5   -2    2    1    0.000001  0.000054 -0.000022
   7    5    1    2    1    0.000001 -0.000054  0.000022
   7    6   -2   -1    2   -0.000004  0.000040  0.000048
   7    6   -2    2    2    0.000004  0.000040 -0.000048
   7    8   -2    2   -2    0.000021 -0.000010 -0.000018
   7    8   -2    2    1   -0.000022  0.000010 -0.000018
   7    6   -1   -1   -2   -0.000025  0.000029  0.000001
   7    5   -2   -2    0    0.000002 -0.000025 -0.000024
   7    5    1   -2    0    0.000002  0.000025  0.000024
   7    6   -1    2   -2    0.000025  0.000029 -0.000001
   7    8    2    1   -2   -0.000009 -0.000014 -0.000016
   7    8    2    1    1    0.000009  0.000014 -0.000016
   7    5    2    1   -1    0.000007  0.000129 -0.000127
   7    6    0   -2    1    0.000008  0.000003 -0.000121
   7    8   -1    0   -3   -0.000019  0.000114 -0.000004
   7    8   -1    0    2    0.000019 -0.000114 -0.000004
   7    5   -3    1   -1    0.000007 -0.000129  0.000127
   7    6    0    3    1   -0.000008  0.000003  0.000121
   7    5   -2    0    2   -0.000005 -0.000014  0.000061
   7    5    1    0    2   -0.000005  0.000014 -0.000061
   7    6   -3   -1    0    0.000001 -0.000022 -0.000032
   7    6   -3    2    0   -0.000001 -0.000022  0.000032
   7    8    0    3   -2    0.000023  0.000037  0.000052
   7    8    0    3    1   -0.000023 -0.000037  0.000052
   7    5   -2   -2   -1    0.000011  0.000018 -0.000011
   7    5    1   -2   -1    0.000011 -0.000018  0.000011
   7    6    0   -1   -2   -0.000017 -0.000057  0.000006
   7    6    0    2   -2    0.000017 -0.000057 -0.000006
   7    6    2    0    0   -0.000007  0.000011 -0.000065
   7    6    2    1    0    0.000007  0.000011  0.000065
   7    8    0   -2   -1   -0.000013  0.000071  0.000008
   7    8    0   -2    0    0.000013 -0.000071  0.000008
   7    8    2    0   -2    0.000006 -0.000006  0.000037
   7    8    2    0    1   -0.000006  0.000006  0.000037
   7    5   -1    0   -3    0.000004 -0.000049  0.000078
   7    5    0    0   -3    0.000004  0.000049 -0.000078
   7    5    2   -1    0    0.000015  0.000027  0.000068
   7    8    1    1    2    0.000014  0.000050  0.000010
   7    6   -1   -2   -1   -0.000022 -0.000010 -0.000010
   7    8    1    1   -3   -0.000014 -0.000050  0.000010
   7    5   -3   -1    0    0.000015 -0.000027 -0.000068
   7    6   -1    3   -1    0.000022 -0.000010  0.000010
   7    5    2    0    1   -0.000003  0.000024 -0.000070
   7    8    0    2    2   -0.000028 -0.000055 -0.000057
   7    5   -3    0    1   -0.000003 -0.000024  0.000070
   7    6   -2   -2    0    0.000006  0.000032 -0.000037
   7    6   -2    3    0   -0.000006  0.000032  0.000037
   7    8    0    2   -3    0.000028  0.000055 -0.000057
   7    5   -2    1    2    0.000011 -0.000015 -0.000007
   7    5    1    1    2    0.000011  0.000015  0.000007
   7    6   -1    0    3    0.000021  0.000007 -0.000013
   7    6   -1    1    3   -0.000021  0.000007  0.000013
   7    8   -3    1   -1    0.000008  0.000047 -0.000013
   7    8   -3    1    0   -0.000008 -0.000047 -0.000013
   7    8   -1    3    1   -0.000013 -0.000010 -0.000036
   7    5   -1    3    0   -0.000005 -0.000036  0.000042
   7    5    0    3    0   -0.000005  0.000036 -0.000042
   7    6   -3   -1    1   -0.000006  0.000024 -0.000023
   7    6   -3    2    1    0.000006  0.000024  0.000023
   7    8   -1    3   -2    0.000013  0.000010 -0.000036
   7    7   -2   -2    0   -0.000007 -0.000013 -0.000014
   7    7   -2    0   -2   -0.000005  0.000000  0.000010
   7    7   -2    0    2    0.000019  0.000006  0.000011
   7    7   -2    2    0    0.000010 -0.000014 -0.000007
   7    7    0   -2   -2    0.000027 -0.000013  0.000024
   7    7    0   -2    2   -0.000025 -0.000007  0.000028
   7    7    0    2   -2   -0.000025 -0.000007  0.000028
   7    7    0    2    2    0.000027 -0.000013  0.000024
   7    7    2   -2    0    0.000010 -0.000014 -0.000007
   7    7    2    0   -2    0.000019  0.000006  0.000011
   7    7    2    0    2   -0.000005  0.000000  0.000010
   7    7    2    2    0   -0.000007 -0.000013 -0.000014
   7    5   -1   -2   -2    0.000021  0.000006 -0.000002
   7    5    0   -2   -2    0.000021 -0.000006  0.000002
   7    6    1    0   -2   -0.000010  0.000039  0.000011
   7    6    1    1   -2    0.000010  0.000039 -0.000011
   7    8    2   -1   -1    0.000008 -0.000017 -0.000034
   7    8    2   -1    0   -0.000008  0.000017 -0.000034
   7    5    2   -1   -1   -0.000004 -0.000023 -0.000020
   7    8    1    0    2    0.000006 -0.000022  0.000015
   7    5   -3   -1   -1   -0.000004  0.000023  0.000020
   7    5   -1    1   -3   -0.000002 -0.000031  0.000007
   7    5    0    1   -3   -0.000002  0.000031 -0.000007
   7    6    0   -2   -1   -0.000019  0.000009  0.000007
   7    6    0    3   -1    0.000019  0.000009 -0.000007
   7    6    2    0    1    0.000003 -0.000013 -0.000049
   7    6    2    1    1   -0.000003 -0.000013  0.000049
   7    8   -1   -2   -1    0.000005 -0.000016  0.000009
   7    8   -1   -2    0   -0.000005  0.000016  0.000009
   7    8    1    0   -3   -0.000006  0.000022  0.000015
   7    6    1   -1    2   -0.000003  0.000009  0.000118
   7    8   -2   -1    1    0.000004  0.000187 -0.000004
   7    5   -2    2   -2   -0.000003  0.000106 -0.000181
   7    5    1    2   -2   -0.000003 -0.000106  0.000181
   7    6    1    2    2    0.000003  0.000009 -0.000118
   7    8   -2   -1   -2   -0.000004 -0.000187 -0.000004
   7    5    2    1    1    0.000005  0.000005  0.000018
   7    8   -1    2    2   -0.000016  0.000006 -0.000002
   7    6   -2   -2    1   -0.000001  0.000002 -0.000023
   7    6    0    0    3   -0.000005 -0.000034  0.000009
   7    6    0    1    3    0.000005 -0.000034 -0.000009
   7    8   -3    0   -1   -0.000004  0.000132  0.000036
   7    8   -3    0    0    0.000004 -0.000132  0.000036
   7    5   -3    1    1    0.000005 -0.000005 -0.000018
   7    5   -1    3   -1    0.000009  0.000004  0.000117
   7    5    0    3   -1    0.000009 -0.000004 -0.000117
   7    6   -2    3    1    0.000001  0.000002  0.000023
   7    8   -1    2   -3    0.000016 -0.000006 -0.000002
   7    5   -1    2    2    0.000016 -0.000018  0.000004
   7    5    0    2    2    0.000016  0.000018 -0.000004
   7    6   -3    0    2    0.000003  0.000028 -0.000017
   7    6   -3    1    2   -0.000003  0.000028  0.000017
   7    8   -2    3   -1    0.000007  0.000017 -0.000023
   7    8   -2    3    0   -0.000007 -0.000017 -0.000023
   7    6   -2   -1   -2   -0.000002  0.000061 -0.000035
   7    5   -2   -2    1    0.000007 -0.000044  0.000083
   7    5    1   -2    1    0.000007  0.000044 -0.000083
   7    6   -2    2   -2    0.000002  0.000061  0.000035
   7    8    2    2   -2    0.000004  0.000094 -0.000073
   7    8    2    2    1   -0.000004 -0.000094 -0.000073
   7    5   -2   -1    2    0.000009 -0.000096  0.000021
   7    5    1   -1    2    0.000009  0.000096 -0.000021
   7    6   -3   -1   -1   -0.000009 -0.000062 -0.000101
   7    6   -3    2   -1    0.000009 -0.000062  0.000101
   7    8    1    3   -2    0.000002  0.000005  0.000051
   7    8    1    3    1   -0.000002 -0.000005  0.000051
   7    7   -2   -2   -1   -0.000010 -0.000062 -0.000017
   7    7   -2   -2    1   -0.000005  0.000044  0.000027
   7    7   -2   -1   -2   -0.000002 -0.000019 -0.000047
   7    7   -2   -1    2   -0.000004  0.000004 -0.000047
   7    7   -2    1   -2   -0.000007  0.000017  0.000001
   7    7   -2    1    2    0.000005 -0.000018  0.000019
   7    7   -2    2   -1   -0.000006 -0.000067 -0.000011
   7    7   -2    2    1    0.000010  0.000021 -0.000001
   7    7   -1   -2   -2   -0.000018  0.000049  0.000063
   7    7   -1   -2    2   -0.000014 -0.000017  0.000059
   7    7   -1    2   -2   -0.000000  0.000034 -0.000050
   7    7   -1    2    2    0.000014 -0.000010 -0.000026
   7    7    1   -2   -2    0.000014 -0.000010 -0.000026
   7    7    1   -2    2   -0.000000  0.000034 -0.000050
   7    7    1    2   -2   -0.000014 -0.000017  0.000059
   7    7    1    2    2   -0.000018  0.000049  0.000063
   7    7    2   -2   -1    0.000010  0.000021 -0.000001
   7    7    2   -2    1   -0.000006 -0.000067 -0.000011
   7    7    2   -1   -2    0.000005 -0.000018  0.000019
   7    7    2   -1    2   -0.000007  0.000017  0.000001
   7    7    2    1   -2   -0.000004  0.000004 -0.000047
   7    7    2    1    2   -0.000002 -0.000019 -0.000047
   7    7    2    2   -1   -0.000005  0.000044  0.000027
   7    7    2    2    1   -0.000010 -0.000062 -0.000017
   7    7   -3    0    0   -0.000002 -0.000028 -0.000048
   7    7    0   -3    0    0.000006 -0.000017  0.000024
   7    7    0    0   -3    0.000007  0.000047  0.000013
   7    7    0    0    3    0.000007  0.000047  0.000013
   7    7    0    3    0    0.000006 -0.000017  0.000024
   7    7    3    0    0   -0.000002 -0.000028 -0.000048
