  Type    Harmonic   (l)             Total
     1
                 0     0  317.977547719085
                 1     1 -.008432946681042
                 2     1 -.008236579567673
                 3     1  .008321983352021
                 4     2  .037221612832083
                 5     2 -.037184101809137
                 6     2  .000171743121092
                 7     2  .037187161812423
                 8     2 -.000196674994274
                 9     3  .003954639558063
                10     3 -.038757277500445
                11     3  .012866811835555
                12     3 -.011088656458009
                13     3 -.000754292975597
                14     3  .007665649922261
                15     3  .013452751879052
                16     4  .014218928375798
                17     4  .006922944200816
                18     4 -.002029204236716
                19     4  .012569212702342
                20     4 -.006423582129978
                21     4  .014007142143296
                22     4  .000031698997382
                23     4 -.003129359325348
                24     4 -.005402390947517
                25     5 -.030239918053875
                26     5 -.000001509812862
                27     5  .026236911810023
                28     5 -.000000049493917
                29     5 -.009655877068832
                30     5 -.012155735968069
                31     5  .039196546578530
                32     5 -.022335135822883
                33     5  .012541150408479
                34     5 -.032355418551373
                35     5 -.000367314711433
                36     6 -.001216732697364
                37     6  .004691937871372
                38     6 -.004818453402200
                39     6 -.007907735836767
                40     6 -.009194538791740
                41     6  .004975907326481
                42     6 -.000995330098368
                43     6 -.000805022402089
                44     6 -.027760683911552
                45     6 -.001310608024578
                46     6  .002646747251381
                47     6 -.010338192938121
                48     6  .018719372817629
                49     7 -.002909147022497
                50     7  .002587729723971
                51     7 -.000674607995890
                52     7  .000000286116824
                53     7 -.007757335564763
                54     7  .002813356199637
                55     7  .001775393229566
                56     7  .004801090161029
                57     7  .004211824866187
                58     7 -.000253323853314
                59     7  .003334177129981
                60     7 -.001422282290457
                61     7  .006105818908793
                62     7  .006858683318093
                63     7 -.002461740417902
                64     8 -.000314669008783
                65     8  .001540863947194
                66     8 -.002988527741587
                67     8  .000682222912829
                68     8 -.000793125600299
                69     8  .002441579388014
                70     8 -.001877488636684
                71     8 -.002093969987875
                72     8  .001742796150778
                73     8  .001132535049950
                74     8  .000001057460962
                75     8  .001805451388410
                76     8  .000927426296114
                77     8 -.001335587618466
                78     8 -.000000900269857
                79     8  .002618530913412
                80     8  .001414860597699
     2
                 0     0  317.977459144154
                 1     1  .008459735340728
                 2     1  .008652621558453
                 3     1  .008572801761476
                 4     2 -.037098895172295
                 5     2 -.037136851825815
                 6     2 -.000164426519848
                 7     2 -.037126356972800
                 8     2  .000188805650680
                 9     3 -.004046524643187
                10     3 -.038700634778682
                11     3 -.012817824326172
                12     3  .010963685153119
                13     3 -.000589098938319
                14     3 -.007741977842737
                15     3  .013423534650694
                16     4 -.014208231439736
                17     4  .006952114165330
                18     4  .002055232262208
                19     4  .012572988556748
                20     4 -.006431913243750
                21     4 -.014031872646491
                22     4 -.000021819821616
                23     4  .003096835669710
                24     4 -.005466161516736
                25     5  .030216638791323
                26     5 -.000000093970691
                27     5 -.026215427843112
                28     5 -.000000526651817
                29     5  .009635273869776
                30     5  .012168968754591
                31     5  .039214156403866
                32     5  .022355038277850
                33     5  .012539542036958
                34     5  .032365457281529
                35     5 -.000372009807764
                36     6  .001215875250525
                37     6  .004685315627654
                38     6  .004817587159932
                39     6 -.007905043762497
                40     6  .009194609715978
                41     6  .004972812498005
                42     6 -.001001461862926
                43     6  .000799510384496
                44     6 -.027771709272562
                45     6  .001309137123361
                46     6  .002635335838611
                47     6  .010336973982782
                48     6  .018718470079407
                49     7  .002906691845618
                50     7  .002585621849322
                51     7  .000676520972835
                52     7  .000000226163175
                53     7  .007753922177183
                54     7  .002810707076390
                55     7 -.001773891410106
                56     7 -.004800958233666
                57     7  .004215977945467
                58     7  .000254956657594
                59     7  .003337015666831
                60     7  .001419453200559
                61     7  .006103106742760
                62     7 -.006863055399848
                63     7 -.002459142366642
                64     8  .000314396832928
                65     8  .001540652438883
                66     8  .002987403787423
                67     8  .000682040169637
                68     8  .000793926480780
                69     8  .002440631914337
                70     8  .001877384441250
                71     8 -.002093599947776
                72     8  .001745581333960
                73     8 -.001132272943512
                74     8 -.000000512020104
                75     8 -.001805547712556
                76     8  .000928192613530
                77     8  .001334752269849
                78     8  .000000975726524
                79     8 -.002618716870920
                80     8  .001412506810560
     3
                 0     0  317.977457590928
                 1     1  .008465089350902
                 2     1 -.008654379294950
                 3     1 -.008577919544632
                 4     2  .037097859670316
                 5     2  .037134988119603
                 6     2 -.000163615945912
                 7     2 -.037125051434778
                 8     2  .000183578839828
                 9     3 -.004043698419497
                10     3 -.038699644473402
                11     3 -.012817911754912
                12     3 -.010963473482089
                13     3  .000588021281232
                14     3  .007741484149832
                15     3 -.013422773584969
                16     4  .014208445261616
                17     4 -.006952601989218
                18     4 -.002055854149059
                19     4 -.012572744527004
                20     4 -.006432983808079
                21     4 -.014032137711960
                22     4 -.000021586426695
                23     4  .003096441741333
                24     4 -.005466189227979
                25     5  .030216973580942
                26     5 -.000000108263093
                27     5 -.026215562840913
                28     5 -.000000532753049
                29     5  .009635230936620
                30     5 -.012168824507301
                31     5 -.039214279428038
                32     5 -.022355020146690
                33     5 -.012539390659051
                34     5 -.032365108624093
                35     5  .000372101690303
                36     6 -.001215813496852
                37     6 -.004685295864208
                38     6 -.004817622523325
                39     6  .007905056465139
                40     6 -.009194533830117
                41     6 -.004972780400921
                42     6 -.001001294092360
                43     6  .000799468248225
                44     6 -.027771831585652
                45     6  .001309100934774
                46     6  .002635241149126
                47     6  .010336902947382
                48     6  .018718560809715
                49     7  .002906710120693
                50     7  .002585579045320
                51     7  .000676431524915
                52     7  .000000227592212
                53     7  .007753942077869
                54     7  .002810663533402
                55     7 -.001773912176331
                56     7  .004800926603848
                57     7 -.004215986348429
                58     7 -.000254955484254
                59     7 -.003337057026382
                60     7 -.001419444078015
                61     7 -.006103089902757
                62     7  .006863022776318
                63     7  .002459159956176
                64     8 -.000314399058434
                65     8 -.001540644303048
                66     8 -.002987392800350
                67     8 -.000682025276710
                68     8 -.000793922537389
                69     8 -.002440632218258
                70     8 -.001877390032075
                71     8  .002093592761133
                72     8  .001745576059244
                73     8 -.001132263842978
                74     8 -.000000516489629
                75     8 -.001805538831433
                76     8  .000928184117160
                77     8  .001334745237256
                78     8  .000000954040525
                79     8 -.002618708309697
                80     8  .001412547081763
     4
                 0     0  317.977548295747
                 1     1 -.008432171826329
                 2     1  .008237646844680
                 3     1 -.008317183004459
                 4     2 -.037222088616189
                 5     2  .037185264405316
                 6     2  .000176459649160
                 7     2  .037187067937713
                 8     2 -.000190347892157
                 9     3  .003955869097979
                10     3 -.038757643233829
                11     3  .012866553226675
                12     3  .011087485108960
                13     3  .000756470603576
                14     3 -.007667421445474
                15     3 -.013453222887385
                16     4 -.014218867185349
                17     4 -.006922914652127
                18     4  .002028872091633
                19     4 -.012569420866705
                20     4 -.006422733224078
                21     4  .014006878150198
                22     4  .000032167886606
                23     4 -.003129436237958
                24     4 -.005402918014838
                25     5 -.030239857250016
                26     5 -.000001501774950
                27     5  .026236852728594
                28     5 -.000000028740656
                29     5 -.009655904094013
                30     5  .012155945608982
                31     5 -.039196072672564
                32     5  .022335328128810
                33     5 -.012541127872067
                34     5  .032355856697923
                35     5  .000367342835815
                36     6  .001216773858616
                37     6 -.004691907838630
                38     6  .004818423033205
                39     6  .007907747544218
                40     6  .009194535004066
                41     6 -.004975903727387
                42     6 -.000995477067203
                43     6 -.000805058698188
                44     6 -.027760567970933
                45     6 -.001310655913317
                46     6  .002646750070357
                47     6 -.010338259509532
                48     6  .018719444931431
                49     7 -.002909126146341
                50     7  .002587745443868
                51     7 -.000674654533004
                52     7  .000000282312133
                53     7 -.007757357347688
                54     7  .002813372331672
                55     7  .001775368324672
                56     7 -.004801094633080
                57     7 -.004211774903701
                58     7  .000253295199728
                59     7 -.003334110403009
                60     7  .001422248230281
                61     7 -.006105817861593
                62     7 -.006858750987868
                63     7  .002461719972307
                64     8  .000314669635847
                65     8 -.001540877176797
                66     8  .002988530019398
                67     8 -.000682229676043
                68     8  .000793125370319
                69     8 -.002441577988630
                70     8  .001877477916840
                71     8  .002093975544839
                72     8  .001742795318908
                73     8  .001132538749239
                74     8  .000001102775204
                75     8  .001805447115915
                76     8  .000927457233635
                77     8 -.001335589618946
                78     8 -.000000877842361
                79     8  .002618541199586
                80     8  .001414830995766
     5
                 0     0  235.830869627170
                 1     1 -.036811470433964
                 2     1 -.036924260298535
                 3     1  .036700235468018
                 4     2  .025259652712048
                 5     2 -.025259963681477
                 6     2  .000039146946892
                 7     2  .025223041149241
                 8     2  .000088181043840
                 9     3  .054862797921817
                10     3  .054727528497331
                11     3 -.021615807163769
                12     3 -.030094373836998
                13     3 -.058532904740019
                14     3 -.050652007589251
                15     3 -.007169268155863
                16     4 -.010502635192643
                17     4 -.032444693342048
                18     4  .030718172608285
                19     4  .001035169443664
                20     4 -.012977455534485
                21     4 -.020678461006122
                22     4  .000005504886226
                23     4 -.024996558977350
                24     4 -.010967028332161
                25     5  .018433720348798
                26     5 -.000000293269189
                27     5 -.019174338442775
                28     5  .000000469522844
                29     5  .023943402609963
                30     5  .014493863905143
                31     5 -.027452094180247
                32     5  .002650842798410
                33     5 -.017542316848113
                34     5  .032612415566911
                35     5 -.014805420205113
                36     6 -.005917116253196
                37     6  .009862103245893
                38     6  .004377710457345
                39     6  .001077496756134
                40     6 -.008289406076482
                41     6  .004946528379950
                42     6 -.001750717397193
                43     6 -.008737827533485
                44     6 -.025234295415230
                45     6 -.004918506099034
                46     6  .004625981552487
                47     6 -.004731733033932
                48     6  .017010317309272
                49     7  .004667658839133
                50     7 -.002713225700054
                51     7 -.002600185610522
                52     7  .000000057660125
                53     7  .007214331260627
                54     7 -.002949620120942
                55     7 -.004250324153825
                56     7 -.003128684783403
                57     7 -.007252993762323
                58     7 -.002865292145249
                59     7 -.004607263376767
                60     7 -.000386015657993
                61     7 -.004969526796830
                62     7 -.008974058726063
                63     7 -.000387657192390
                64     8  .000691084769964
                65     8 -.000307541873045
                66     8 -.002002730228424
                67     8  .001690715661715
                68     8 -.000631753568595
                69     8  .001453099084719
                70     8  .000603983595697
                71     8 -.000433369862213
                72     8  .001852514166480
                73     8  .001241727604232
                74     8  .000000172664235
                75     8 -.000025323661695
                76     8  .000985048916697
                77     8 -.001862283422054
                78     8 -.000000303508370
                79     8  .000491524595311
                80     8  .001501183351652
     6
                 0     0  235.835037141424
                 1     1  .036819959417680
                 2     1  .036705426262127
                 3     1  .036937063603171
                 4     2 -.025225606322351
                 5     2 -.025224700099400
                 6     2 -.000029383153555
                 7     2 -.025263978153827
                 8     2 -.000089387771067
                 9     3 -.054831445202844
                10     3  .054728073231038
                11     3  .021574961382487
                12     3  .030176682916855
                13     3 -.058475301651367
                14     3  .050659723773116
                15     3 -.007229459228924
                16     4  .010504842142041
                17     4 -.032426991109900
                18     4 -.030698161828248
                19     4  .001027200288640
                20     4 -.012967595613076
                21     4  .020685873219989
                22     4 -.000005893751842
                23     4  .025017161622221
                24     4 -.010953114411060
                25     5 -.018429400874461
                26     5  .000000150721945
                27     5  .019169705942787
                28     5 -.000000268021758
                29     5 -.023948518285649
                30     5 -.014503994531830
                31     5 -.027451223670818
                32     5 -.002650846169378
                33     5 -.017552106148822
                34     5 -.032607984608779
                35     5 -.014800313623891
                36     6  .005916922289276
                37     6  .009864348810695
                38     6 -.004377135212401
                39     6  .001075021133703
                40     6  .008292878049639
                41     6  .004947153155042
                42     6 -.001747540044833
                43     6  .008737567200820
                44     6 -.025232370932542
                45     6  .004917310040570
                46     6  .004628014131687
                47     6  .004728847685593
                48     6  .017014845491961
                49     7 -.004667798837592
                50     7 -.002713296912690
                51     7  .002600700028541
                52     7 -.000000056095544
                53     7 -.007216443386544
                54     7 -.002949691609242
                55     7  .004251346861278
                56     7  .003128644210931
                57     7 -.007253158391703
                58     7  .002865078069093
                59     7 -.004606965552511
                60     7  .000385661885737
                61     7 -.004969237025204
                62     7  .008974345766441
                63     7 -.000387637524274
                64     8 -.000691074879099
                65     8 -.000307720945766
                66     8  .002002587595322
                67     8  .001690583094597
                68     8  .000631900413479
                69     8  .001453172421119
                70     8 -.000603955493594
                71     8 -.000433389576223
                72     8  .001852683397071
                73     8 -.001241857348225
                74     8 -.000000220770942
                75     8  .000025170241095
                76     8  .000985426502301
                77     8  .001862264616901
                78     8  .000000248411914
                79     8 -.000491477915325
                80     8  .001501174616007
     7
                 0     0  235.835110049504
                 1     1  .036821533918891
                 2     1 -.036706827334067
                 3     1 -.036934545998850
                 4     2  .025225895402204
                 5     2  .025224496857576
                 6     2 -.000027812489661
                 7     2 -.025263330080293
                 8     2 -.000088199249250
                 9     3 -.054830978871056
                10     3  .054728085426561
                11     3  .021575223332897
                12     3 -.030176220015133
                13     3  .058475719032219
                14     3 -.050659030501550
                15     3  .007228554228376
                16     4 -.010504844867321
                17     4  .032426883913707
                18     4  .030698304578478
                19     4 -.001027131622179
                20     4 -.012967392799707
                21     4  .020685773760327
                22     4 -.000005769723042
                23     4  .025016826719395
                24     4 -.010952908736185
                25     5 -.018429371832541
                26     5  .000000141016298
                27     5  .019169771070524
                28     5 -.000000262990855
                29     5 -.023948520203791
                30     5  .014503963273160
                31     5  .027451218940930
                32     5  .002650754154487
                33     5  .017551998638515
                34     5  .032607998331814
                35     5  .014800422623597
                36     6 -.005916920084430
                37     6 -.009864364754980
                38     6  .004377140614138
                39     6 -.001075004792499
                40     6 -.008292860272420
                41     6 -.004947156906516
                42     6 -.001747598471193
                43     6  .008737569366105
                44     6 -.025232394370549
                45     6  .004917337408566
                46     6  .004628006505632
                47     6  .004728899356431
                48     6  .017014835864556
                49     7 -.004667800558916
                50     7 -.002713297430168
                51     7  .002600700290037
                52     7 -.000000054754102
                53     7 -.007216441936360
                54     7 -.002949692808215
                55     7  .004251344922646
                56     7 -.003128648738299
                57     7  .007253160847526
                58     7 -.002865077053614
                59     7  .004606978510683
                60     7 -.000385659804844
                61     7  .004969248339933
                62     7 -.008974371574507
                63     7  .000387637111799
                64     8  .000691075041211
                65     8  .000307721174310
                66     8 -.002002588229436
                67     8 -.001690581686569
                68     8 -.000631899634999
                69     8 -.001453172695034
                70     8  .000603954985475
                71     8  .000433389234699
                72     8  .001852687114909
                73     8 -.001241855402180
                74     8 -.000000218572125
                75     8  .000025173005279
                76     8  .000985422452418
                77     8  .001862264348691
                78     8  .000000244764148
                79     8 -.000491479724305
                80     8  .001501179945423
     8
                 0     0  235.830842753445
                 1     1 -.036807523271724
                 2     1  .036925402541316
                 3     1 -.036702872656804
                 4     2 -.025258950646835
                 5     2  .025260630433212
                 6     2  .000036235614899
                 7     2  .025223286174508
                 8     2  .000088610737775
                 9     3  .054864016905195
                10     3  .054727524173898
                11     3 -.021615044489129
                12     3  .030093931004651
                13     3  .058532011530288
                14     3  .050652596192560
                15     3  .007169818403138
                16     4  .010502643816915
                17     4  .032445017473870
                18     4 -.030717810126923
                19     4 -.001035323019884
                20     4 -.012977433877572
                21     4 -.020678505427550
                22     4  .000005402529990
                23     4 -.024996676332743
                24     4 -.010967218624844
                25     5  .018433815989975
                26     5 -.000000277478248
                27     5 -.019174171838957
                28     5  .000000475214793
                29     5  .023943426667805
                30     5 -.014493793777441
                31     5  .027452040336288
                32     5 -.002650935177983
                33     5  .017542425562414
                34     5 -.032612469678806
                35     5  .014805376795601
                36     6  .005917114289128
                37     6 -.009862065082497
                38     6 -.004377698495572
                39     6 -.001077536997724
                40     6  .008289459747894
                41     6 -.004946514385187
                42     6 -.001750638771405
                43     6 -.008737827681969
                44     6 -.025234312771431
                45     6 -.004918495652073
                46     6  .004626005830687
                47     6 -.004731714524883
                48     6  .017010281810154
                49     7  .004667654241464
                50     7 -.002713226828244
                51     7 -.002600183488130
                52     7  .000000056693419
                53     7  .007214336461315
                54     7 -.002949618511868
                55     7 -.004250328082842
                56     7  .003128681502002
                57     7  .007253001328434
                58     7  .002865295004173
                59     7  .004607269224825
                60     7  .000386021368947
                61     7  .004969530104787
                62     7  .008974029866018
                63     7  .000387656585270
                64     8 -.000691084296816
                65     8  .000307539615480
                66     8  .002002728643909
                67     8 -.001690718274771
                68     8  .000631756816854
                69     8 -.001453098695384
                70     8 -.000603984130297
                71     8  .000433369852575
                72     8  .001852511272336
                73     8  .001241728439875
                74     8  .000000174602319
                75     8 -.000025322315953
                76     8  .000985058351328
                77     8 -.001862282864541
                78     8 -.000000304902314
                79     8  .000491523829489
                80     8  .001501178084502
