 energy and charge average matrices
  type  L       (e_i|H|e_j)                    (e_i|e_j)       
     0  0  .054714484  .002028635        .330401389  .074731802
           .002028635  .000580889        .074731802  .031114289
     0  1  .180780998  .039825367        .346676321  .083317166
           .039825367  .010252848        .083317166  .029297045
     0  2  .006238937  .009423353        .010728795  .011686262
           .009423353 -5.10822070        .011686262  4.98202480
     0  3  .003055141  .000298817        .005105441  .000191134
           .000298817 -.000056468        .000191134  .000845966
     0  4  .000671393  .000012559        .001088013 -.000052253
           .000012559 -.000110338       -.000052253  .000173690
     0  5  .000149065 -.000003160        .000241549 -.000021132
          -.000003160 -.000051622       -.000021132  .000042178
     0  6  .000037269 -.000001299        .000060952 -.000005955
          -.000001299 -.000018887       -.000005955  .000011021
     0  7  .000011820 -.000000324        .000018158 -.000001242
          -.000000324 -.000006094       -.000001242  .000002830
     0  8  .000002875  .000000002        .000004389 -.000000198
           .000000002 -.000001821       -.000000198  .000000781
     1  0  .054711247  .002029566        .330396677  .074732598
           .002029566  .000580937        .074732598  .031114260
     1  1  .180782536  .039825673        .346676735  .083317231
           .039825673  .010252846        .083317231  .029296978
     1  2  .006238604  .009423001        .010728331  .011685737
           .009423001 -5.10820777        .011685737  4.98202408
     1  3  .003054816  .000298828        .005105009  .000191147
           .000298828 -.000056467        .000191147  .000845968
     1  4  .000671355  .000012560        .001087966 -.000052251
           .000012560 -.000110338       -.000052251  .000173690
     1  5  .000149069 -.000003159        .000241556 -.000021132
          -.000003159 -.000051622       -.000021132  .000042177
     1  6  .000037268 -.000001299        .000060952 -.000005955
          -.000001299 -.000018887       -.000005955  .000011021
     1  7  .000011819 -.000000324        .000018158 -.000001242
          -.000000324 -.000006094       -.000001242  .000002830
     1  8  .000002874  .000000002        .000004388 -.000000198
           .000000002 -.000001821       -.000000198  .000000781
     2  0  .054711174  .002029579        .330396591  .074732616
           .002029579  .000580941        .074732616  .031114258
     2  1  .180782575  .039825679        .346676764  .083317241
           .039825679  .010252849        .083317241  .029296978
     2  2  .006238600  .009422995        .010728325  .011685728
           .009422995 -5.10820783        .011685728  4.98202407
     2  3  .003054810  .000298828        .005105001  .000191147
           .000298828 -.000056467        .000191147  .000845968
     2  4  .000671354  .000012561        .001087965 -.000052251
           .000012561 -.000110338       -.000052251  .000173690
     2  5  .000149070 -.000003159        .000241556 -.000021132
          -.000003159 -.000051622       -.000021132  .000042177
     2  6  .000037268 -.000001299        .000060952 -.000005955
          -.000001299 -.000018887       -.000005955  .000011021
     2  7  .000011819 -.000000324        .000018158 -.000001242
          -.000000324 -.000006094       -.000001242  .000002830
     2  8  .000002874  .000000002        .000004388 -.000000198
           .000000002 -.000001821       -.000000198  .000000781
     3  0  .054714518  .002028624        .330401424  .074731794
           .002028624  .000580892        .074731794  .031114288
     3  1  .180780984  .039825364        .346676302  .083317167
           .039825364  .010252851        .083317167  .029297045
     3  2  .006238938  .009423354        .010728797  .011686265
           .009423354 -5.10822069        .011686265  4.98202480
     3  3  .003055143  .000298817        .005105444  .000191134
           .000298817 -.000056468        .000191134  .000845966
     3  4  .000671393  .000012559        .001088014 -.000052253
           .000012559 -.000110338       -.000052253  .000173690
     3  5  .000149065 -.000003160        .000241549 -.000021132
          -.000003160 -.000051622       -.000021132  .000042178
     3  6  .000037269 -.000001299        .000060952 -.000005955
          -.000001299 -.000018887       -.000005955  .000011021
     3  7  .000011820 -.000000324        .000018158 -.000001242
          -.000000324 -.000006094       -.000001242  .000002830
     3  8  .000002875  .000000002        .000004389 -.000000198
           .000000002 -.000001821       -.000000198  .000000781
     4  0  .025415930  .003982477        .078138200  .015333578
           .003982477 -5.47770750        .015333578  1.00197922
     4  1  .027161100  .012624753        .057414237  .026730988
           .012624753 -9.02376999        .026730988  2.99789522
     4  2  1.50945501  .054754040        2.27128852  .083368998
           .054754040  .003660442        .083368998  .008612985
     4  3  .001682763 -.000012793        .003482050 -.000140899
          -.000012793  .000198202       -.000140899  .001161229
     4  4  .000302925 -.000074378        .000660509 -.000188953
          -.000074378 -.000015258       -.000188953  .000297767
     4  5  .000047594 -.000020233        .000102498 -.000043222
          -.000020233 -.000016454       -.000043222  .000080147
     4  6  .000006434 -.000002743        .000014403 -.000006033
          -.000002743 -.000008775       -.000006033  .000018357
     4  7  .000000821 -.000000296        .000001827 -.000000603
          -.000000296 -.000003108       -.000000603  .000004307
     4  8  .000000126 -.000000034        .000000255 -.000000059
          -.000000034 -.000000966       -.000000059  .000001060
     5  0  .025417734  .003982551        .078144230  .015334097
           .003982551 -5.47779674        .015334097  1.00197927
     5  1  .027163584  .012625233        .057419416  .026732170
           .012625233 -9.02402894        .026732170  2.99789593
     5  2  1.51027701  .054770308        2.27255745  .083395394
           .054770308  .003660591        .083395394  .008613476
     5  3  .001682795 -.000012804        .003482090 -.000140902
          -.000012804  .000198214       -.000140902  .001161245
     5  4  .000302919 -.000074376        .000660501 -.000188949
          -.000074376 -.000015257       -.000188949  .000297767
     5  5  .000047593 -.000020233        .000102496 -.000043222
          -.000020233 -.000016453       -.000043222  .000080149
     5  6  .000006433 -.000002743        .000014402 -.000006033
          -.000002743 -.000008775       -.000006033  .000018357
     5  7  .000000821 -.000000296        .000001827 -.000000603
          -.000000296 -.000003108       -.000000603  .000004307
     5  8  .000000126 -.000000034        .000000255 -.000000059
          -.000000034 -.000000966       -.000000059  .000001060
     6  0  .025417770  .003982552        .078144346  .015334107
           .003982552 -5.47779858        .015334107  1.00197927
     6  1  .027163633  .012625242        .057419515  .026732192
           .012625242 -9.02403425        .026732192  2.99789594
     6  2  1.51029371  .054770652        2.27258322  .083395951
           .054770652  .003660595        .083395951  .008613487
     6  3  .001682795 -.000012805        .003482090 -.000140902
          -.000012805  .000198215       -.000140902  .001161245
     6  4  .000302919 -.000074376        .000660501 -.000188949
          -.000074376 -.000015257       -.000188949  .000297767
     6  5  .000047593 -.000020233        .000102496 -.000043222
          -.000020233 -.000016453       -.000043222  .000080149
     6  6  .000006433 -.000002743        .000014402 -.000006033
          -.000002743 -.000008775       -.000006033  .000018357
     6  7  .000000821 -.000000296        .000001827 -.000000603
          -.000000296 -.000003108       -.000000603  .000004307
     6  8  .000000126 -.000000034        .000000255 -.000000059
          -.000000034 -.000000966       -.000000059  .000001060
     7  0  .025415916  .003982476        .078138157  .015333574
           .003982476 -5.47770683        .015333574  1.00197922
     7  1  .027161082  .012624750        .057414200  .026730980
           .012624750 -9.02376806        .026730980  2.99789522
     7  2  1.50944894  .054753917        2.27127915  .083368798
           .054753917  .003660441        .083368798  .008612981
     7  3  .001682763 -.000012793        .003482050 -.000140899
          -.000012793  .000198202       -.000140899  .001161229
     7  4  .000302925 -.000074378        .000660509 -.000188953
          -.000074378 -.000015258       -.000188953  .000297767
     7  5  .000047594 -.000020233        .000102498 -.000043222
          -.000020233 -.000016454       -.000043222  .000080147
     7  6  .000006434 -.000002743        .000014403 -.000006033
          -.000002743 -.000008775       -.000006033  .000018357
     7  7  .000000821 -.000000296        .000001827 -.000000603
          -.000000296 -.000003108       -.000000603  .000004307
     7  8  .000000126 -.000000034        .000000255 -.000000059
          -.000000034 -.000000966       -.000000059  .000001060
