 ( 4i3 )
  1  8  8  2 npan, lm, ntype, spins
 ( 2i3 )
  3  2    ntls, nsets
 ( 3e22.14 )
 -0.55829475380799E+01 -0.55829428184908E+01 -0.55829380989018E+01
 ( 3e22.14 )
  0.12497407422324E+00  0.50780706724731E+00  0.58231846093040E+00
  0.65635333829352E+00  0.69423734959592E+00  0.69872826531530E+00
  0.68916416374784E+00  0.70293404712255E+00  0.71005346897060E+00
  0.12482774864450E+00  0.48559652472713E+00  0.54710696786182E+00
  0.62578734844639E+00  0.65851591288916E+00  0.67157483604539E+00
  0.66492469275337E+00  0.66209570446210E+00  0.66745356613804E+00
  0.20826112020410E-01  0.38897949656493E+00 -0.10165753389145E+01
  0.31508893102776E-01 -0.67083777551115E+00 -0.14638775913551E+01
 -0.20959646731103E+01 -0.24774242272801E+01 -0.25214494748915E+01
  0.27627108802575E-01  0.37734248092188E+00 -0.10160126130802E+01
 -0.16398613792170E-01 -0.68117371534156E+00 -0.13896769309614E+01
 -0.20171012297961E+01 -0.24870746958494E+01 -0.25684729463076E+01
  0.12497426736299E+00  0.50780712576297E+00  0.58231860556515E+00
  0.65635341021555E+00  0.69423736758297E+00  0.69872825926842E+00
  0.68916418053151E+00  0.70293411529630E+00  0.71005350937951E+00
  0.12482799550889E+00  0.48559655721081E+00  0.54710704707297E+00
  0.62578733497723E+00  0.65851589152911E+00  0.67157484037808E+00
  0.66492466129392E+00  0.66209573366983E+00  0.66745356035068E+00
  0.20826109953390E-01  0.38897947674675E+00 -0.10165752226199E+01
  0.31508644227780E-01 -0.67083841385791E+00 -0.14638775550093E+01
 -0.20959647286360E+01 -0.24774241115220E+01 -0.25214495127978E+01
  0.27627240051815E-01  0.37734247063175E+00 -0.10160124966994E+01
 -0.16398214856891E-01 -0.68117382746087E+00 -0.13896771258846E+01
 -0.20171015335417E+01 -0.24870747978408E+01 -0.25684729272373E+01
  0.12497398291488E+00  0.50780708177172E+00  0.58231846921946E+00
  0.65635334485954E+00  0.69423735699157E+00  0.69872825920905E+00
  0.68916414161059E+00  0.70293399999101E+00  0.71005342131137E+00
  0.12482770271328E+00  0.48559651662213E+00  0.54710691421398E+00
  0.62578729675593E+00  0.65851589169945E+00  0.67157484875174E+00
  0.66492468508728E+00  0.66209570432889E+00  0.66745356110820E+00
  0.20826110278796E-01  0.38897953633476E+00 -0.10165753496636E+01
  0.31508687911426E-01 -0.67083797727254E+00 -0.14638776382989E+01
 -0.20959646711791E+01 -0.24774241472355E+01 -0.25214494894741E+01
  0.27627112152615E-01  0.37734245992687E+00 -0.10160126246258E+01
 -0.16398295561851E-01 -0.68117345281468E+00 -0.13896768503082E+01
 -0.20171011747941E+01 -0.24870748236983E+01 -0.25684729932221E+01
  0.12497415581601E+00  0.50780707506264E+00  0.58231852016840E+00
  0.65635334711341E+00  0.69423735443197E+00  0.69872827701033E+00
  0.68916418837709E+00  0.70293407673239E+00  0.71005348168389E+00
  0.12482784570744E+00  0.48559654499577E+00  0.54710699917049E+00
  0.62578737174218E+00  0.65851591201764E+00  0.67157482598830E+00
  0.66492467606169E+00  0.66209571626815E+00  0.66745357523377E+00
  0.20826200760800E-01  0.38897954582069E+00 -0.10165752973033E+01
  0.31508936419137E-01 -0.67083799953790E+00 -0.14638776907193E+01
 -0.20959648255525E+01 -0.24774241766604E+01 -0.25214493559652E+01
  0.27627058635455E-01  0.37734241263157E+00 -0.10160125710673E+01
 -0.16398658460641E-01 -0.68117384529071E+00 -0.13896769109764E+01
 -0.20171012326015E+01 -0.24870747192105E+01 -0.25684730416678E+01
  0.32344740157971E+00  0.47317126282386E+00  0.66440722598952E+00
  0.50853785076433E+00  0.50079767286769E+00  0.46075892084953E+00
  0.44187941511656E+00  0.43935593545030E+00  0.48554324204035E+00
  0.30934644978950E+00  0.45986078833366E+00  0.63450710883388E+00
  0.48400736828590E+00  0.48202646709039E+00  0.45116404149039E+00
  0.45155070259022E+00  0.45887857355158E+00  0.49070442326992E+00
 -0.53082041687547E+01 -0.29496226318611E+01  0.44105682478865E+00
  0.17575695043337E+00 -0.34055370480238E+00 -0.81002147737353E+00
 -0.10216540257145E+01 -0.10187753824068E+01 -0.10596679158083E+01
 -0.54039049083270E+01 -0.30418720069590E+01  0.39625572989660E+00
  0.15023457767914E+00 -0.31130432702538E+00 -0.74421444298462E+00
 -0.10043534499016E+01 -0.10475450994501E+01 -0.10708701863415E+01
  0.32344740188767E+00  0.47317115851732E+00  0.66440713650408E+00
  0.50853788786243E+00  0.50079761340412E+00  0.46075890305892E+00
  0.44187918613505E+00  0.43935587780993E+00  0.48554324494292E+00
  0.30934645436318E+00  0.45986079776626E+00  0.63450632630201E+00
  0.48400745024480E+00  0.48202650113386E+00  0.45116419530384E+00
  0.45155083140295E+00  0.45887873778444E+00  0.49070455571201E+00
 -0.53082047337569E+01 -0.29496232100616E+01  0.44105690253552E+00
  0.17575695077413E+00 -0.34055399108133E+00 -0.81002124779888E+00
 -0.10216541018519E+01 -0.10187753593571E+01 -0.10596678952503E+01
 -0.54039060540141E+01 -0.30418731716141E+01  0.39625519579545E+00
  0.15023457342112E+00 -0.31130431028366E+00 -0.74421473869063E+00
 -0.10043534797499E+01 -0.10475450289458E+01 -0.10708701763375E+01
  0.32344740619355E+00  0.47317127092931E+00  0.66440707462222E+00
  0.50853785522232E+00  0.50079764248665E+00  0.46075893567596E+00
  0.44187935287765E+00  0.43935589721465E+00  0.48554318835761E+00
  0.30934644207283E+00  0.45986077759848E+00  0.63450707035657E+00
  0.48400737850267E+00  0.48202647794505E+00  0.45116399910444E+00
  0.45155072756953E+00  0.45887855012616E+00  0.49070444169796E+00
 -0.53082047911331E+01 -0.29496232440397E+01  0.44105658797094E+00
  0.17575702124043E+00 -0.34055363266359E+00 -0.81002160225472E+00
 -0.10216540499180E+01 -0.10187754506139E+01 -0.10596679051805E+01
 -0.54039049262796E+01 -0.30418720080866E+01  0.39625562058328E+00
  0.15023458697447E+00 -0.31130421740480E+00 -0.74421436770323E+00
 -0.10043533801281E+01 -0.10475450670718E+01 -0.10708702111851E+01
  0.32344740047175E+00  0.47317122785305E+00  0.66440723641515E+00
  0.50853785199704E+00  0.50079767266411E+00  0.46075898075245E+00
  0.44187944848776E+00  0.43935597980861E+00  0.48554319569028E+00
  0.30934645473411E+00  0.45986079196904E+00  0.63450687569958E+00
  0.48400739383350E+00  0.48202646471136E+00  0.45116403078964E+00
  0.45155064108572E+00  0.45887858725288E+00  0.49070451455263E+00
 -0.53082041653512E+01 -0.29496226357001E+01  0.44105693368994E+00
  0.17575695813497E+00 -0.34055384373874E+00 -0.81002143464079E+00
 -0.10216540088234E+01 -0.10187752848298E+01 -0.10596678830975E+01
 -0.54039052786528E+01 -0.30418723882813E+01  0.39625559859706E+00
  0.15023457469458E+00 -0.31130437379168E+00 -0.74421452163038E+00
 -0.10043534823127E+01 -0.10475451232682E+01 -0.10708702016216E+01
