#-------------------------------------------------------------------------------
 start rspt
 Initialized constants. Machine eps = 2.2204460493e-16 
 fft column major dimensions:
       normal fft: 40 40 40, size = 64000
        super fft: 80 80 80, size = 512000
 mbases (matrix dimension mod spin) = 248
 mbasis set
 matrix dimension is 496
 initfft: start
 initfft: fft_ncmdim: 40 40 40 ... fft_scmdim: 80 80 80
 initfft: nrmdim: 40 40 40 ... srmdim: 80 80 80
 fftw_fft_init: wisdom read from rspt_fft_wisdom.0
 initfft: 
 (Tail,Energy) parameter set
     p     t     e
     1     1     1
     2     2     1
     3     3     1
     4     1     2
     5     2     2
 spin axis =  1.00000000  .000000000  .000000000 absolute
 spin axis euler angles: alpha =  .000000000 beta =  1.57079632 gamma =  .000000000
 eset 0
  L  T  S  n  f                 E
  0  1 -1  4  0  .124974074223240
  1  1 -1  4  0  .507807067247310
  2  1 -1  4 22  3.85666720894634
  3  1 -1  4  0  .656353338293520
  4  1 -1  5  0  .694237349595920
  5  1 -1  6  0  .698728265315300
  6  1 -1  7  0  .689164163747840
  7  1 -1  8  0  .702934047122550
  8  1 -1  9  0  .710053468970600
  0  2 -1  4  0  .124974267362990
  1  2 -1  4  0  .507807125762970
  2  2 -1  4 22  3.85666702870013
  3  2 -1  4  0  .656353410215550
  4  2 -1  5  0  .694237367582970
  5  2 -1  6  0  .698728259268420
  6  2 -1  7  0  .689164180531510
  7  2 -1  8  0  .702934115296300
  8  2 -1  9  0  .710053509379510
  0  3 -1  4  0  .124973982914880
  1  3 -1  4  0  .507807081771720
  2  3 -1  4 22  3.85666693485785
  3  3 -1  4  0  .656353344859540
  4  3 -1  5  0  .694237356991570
  5  3 -1  6  0  .698728259209050
  6  3 -1  7  0  .689164141610590
  7  3 -1  8  0  .702933999991010
  8  3 -1  9  0  .710053421311370
  0  4 -1  4  0  .124974155816010
  1  4 -1  4  0  .507807075062640
  2  4 -1  4 22  3.85666721754091
  3  4 -1  4  0  .656353347113410
  4  4 -1  5  0  .694237354431970
  5  4 -1  6  0  .698728277010330
  6  4 -1  7  0  .689164188377090
  7  4 -1  8  0  .702934076732390
  8  4 -1  9  0  .710053481683890
  0  5 -1  4 20  3.04852410534131
  1  5 -1  4 21  3.83898281499167
  2  5 -1  3  0  .664407225989520
  3  5 -1  4  0  .508537850764330
  4  5 -1  5  0  .500797672867690
  5  5 -1  6  0  .460758920849530
  6  5 -1  7  0  .441879415116560
  7  5 -1  8  0  .439355935450300
  8  5 -1  9  0  .485543242040350
  0  6 -1  4 20  3.04852775857015
  1  6 -1  4 21  3.83898616280442
  2  6 -1  3  0  .664407136504080
  3  6 -1  4  0  .508537887862430
  4  6 -1  5  0  .500797613404120
  5  6 -1  6  0  .460758903058920
  6  6 -1  7  0  .441879186135050
  7  6 -1  8  0  .439355877809930
  8  6 -1  9  0  .485543244942920
  0  7 -1  4 20  3.04852863733963
  1  7 -1  4 21  3.83898697683290
  2  7 -1  3  0  .664407074622220
  3  7 -1  4  0  .508537855222320
  4  7 -1  5  0  .500797642486650
  5  7 -1  6  0  .460758935675960
  6  7 -1  7  0  .441879352877650
  7  7 -1  8  0  .439355897214650
  8  7 -1  9  0  .485543188357610
  0  8 -1  4 20  3.04852422913585
  1  8 -1  4 21  3.83898292635808
  2  8 -1  3  0  .664407236415150
  3  8 -1  4  0  .508537851997040
  4  8 -1  5  0  .500797672664110
  5  8 -1  6  0  .460758980752450
  6  8 -1  7  0  .441879448487760
  7  8 -1  8  0  .439355979808610
  8  8 -1  9  0  .485543195690280
  0  1  1  4  0  .124827748644500
  1  1  1  4  0  .485596524727130
  2  1  1  4 22  3.86559598193873
  3  1  1  4  0  .625787348446390
  4  1  1  5  0  .658515912889160
  5  1  1  6  0  .671574836045390
  6  1  1  7  0  .664924692753370
  7  1  1  8  0  .662095704462100
  8  1  1  9  0  .667453566138040
  0  2  1  4  0  .124827995508890
  1  2  1  4  0  .485596557210810
  2  2  1  4 22  3.86559580104571
  3  2  1  4  0  .625787334977230
  4  2  1  5  0  .658515891529110
  5  2  1  6  0  .671574840378080
  6  2  1  7  0  .664924661293920
  7  2  1  8  0  .662095733669830
  8  2  1  9  0  .667453560350680
  0  3  1  4  0  .124827702713280
  1  3  1  4  0  .485596516622130
  2  3  1  4 22  3.86559571108351
  3  3  1  4  0  .625787296755930
  4  3  1  5  0  .658515891699450
  5  3  1  6  0  .671574848751740
  6  3  1  7  0  .664924685087280
  7  3  1  8  0  .662095704328890
  8  3  1  9  0  .667453561108200
  0  4  1  4  0  .124827845707440
  1  4  1  4  0  .485596544995770
  2  4  1  4 22  3.86559598866318
  3  4  1  4  0  .625787371742180
  4  4  1  5  0  .658515912017640
  5  4  1  6  0  .671574825988300
  6  4  1  7  0  .664924676061690
  7  4  1  8  0  .662095716268150
  8  4  1  9  0  .667453575233770
  0  5  1  4 20  3.00243867046725
  1  5  1  4 21  3.79913376742988
  2  5  1  3  0  .634507108833880
  3  5  1  4  0  .484007368285900
  4  5  1  5  0  .482026467090390
  5  5  1  6  0  .451164041490390
  6  5  1  7  0  .451550702590220
  7  5  1  8  0  .458878573551580
  8  5  1  9  0  .490704423269920
  0  6  1  4 20  3.00244235235676
  1  6  1  4 21  3.79913716701983
  2  6  1  3  0  .634506326302010
  3  6  1  4  0  .484007450244800
  4  6  1  5  0  .482026501133860
  5  6  1  6  0  .451164195303840
  6  6  1  7  0  .451550831402950
  7  6  1  8  0  .458878737784440
  8  6  1  9  0  .490704555712010
  0  7  1  4 20  3.00244359239456
  1  7  1  4 21  3.79913829298198
  2  7  1  3  0  .634507070356570
  3  7  1  4  0  .484007378502670
  4  7  1  5  0  .482026477945050
  5  7  1  6  0  .451163999104440
  6  7  1  7  0  .451550727569530
  7  7  1  8  0  .458878550126160
  8  7  1  9  0  .490704441697960
  0  8  1  4 20  3.00243867751781
  1  8  1  4 21  3.79913377879738
  2  8  1  3  0  .634506875699580
  3  8  1  4  0  .484007393833500
  4  8  1  5  0  .482026464711360
  5  8  1  6  0  .451164030789640
  6  8  1  7  0  .451550641085720
  7  8  1  8  0  .458878587252880
  8  8  1  9  0  .490704514552630
 eset 1
  L  T  S  n  f                 E
  0  1 -1  4  0  .020826112020410
  1  1 -1  4  0  .388979496564930
  2  1 -1  3  0 -1.01657533891450
  3  1 -1  4  0  .031508893102776
  4  1 -1  5  0 -.670837775511150
  5  1 -1  6  0 -1.46387759135510
  6  1 -1  7  0 -2.09596467311030
  7  1 -1  8  0 -2.47742422728010
  8  1 -1  9  0 -2.52144947489150
  0  2 -1  4  0  .020826109953390
  1  2 -1  4  0  .388979476746750
  2  2 -1  3  0 -1.01657522261990
  3  2 -1  4  0  .031508644227780
  4  2 -1  5  0 -.670838413857910
  5  2 -1  6  0 -1.46387755500930
  6  2 -1  7  0 -2.09596472863600
  7  2 -1  8  0 -2.47742411152200
  8  2 -1  9  0 -2.52144951279780
  0  3 -1  4  0  .020826110278796
  1  3 -1  4  0  .388979536334760
  2  3 -1  3  0 -1.01657534966360
  3  3 -1  4  0  .031508687911426
  4  3 -1  5  0 -.670837977272540
  5  3 -1  6  0 -1.46387763829890
  6  3 -1  7  0 -2.09596467117910
  7  3 -1  8  0 -2.47742414723550
  8  3 -1  9  0 -2.52144948947410
  0  4 -1  4  0  .020826200760800
  1  4 -1  4  0  .388979545820690
  2  4 -1  3  0 -1.01657529730330
  3  4 -1  4  0  .031508936419137
  4  4 -1  5  0 -.670837999537900
  5  4 -1  6  0 -1.46387769071930
  6  4 -1  7  0 -2.09596482555250
  7  4 -1  8  0 -2.47742417666040
  8  4 -1  9  0 -2.52144935596520
  0  5 -1  3 -1 -5.48905351748844
  1  5 -1  3 -1 -3.02916332349817
  2  5 -1  3  0  .441056824788650
  3  5 -1  4  0  .175756950433370
  4  5 -1  5  0 -.340553704802380
  5  5 -1  6  0 -.810021477373530
  6  5 -1  7  0 -1.02165402571450
  7  5 -1  8  0 -1.01877538240680
  8  5 -1  9  0 -1.05966791580830
  0  6 -1  3 -1 -5.48904624626051
  1  6 -1  3 -1 -3.02915630992889
  2  6 -1  3  0  .441056902535520
  3  6 -1  4  0  .175756950774130
  4  6 -1  5  0 -.340553991081330
  5  6 -1  6  0 -.810021247798880
  6  6 -1  7  0 -1.02165410185190
  7  6 -1  8  0 -1.01877535935710
  8  6 -1  9  0 -1.05966789525030
  0  7 -1  3 -1 -5.48904463304583
  1  7 -1  3 -1 -3.02915474855569
  2  7 -1  3  0  .441056587970940
  3  7 -1  4  0  .175757021240430
  4  7 -1  5  0 -.340553632663590
  5  7 -1  6  0 -.810021602254720
  6  7 -1  7  0 -1.02165404991800
  7  7 -1  8  0 -1.01877545061390
  8  7 -1  9  0 -1.05966790518050
  0  8 -1  3 -1 -5.48905324811850
  1  8 -1  3 -1 -3.02916306449277
  2  8 -1  3  0  .441056933689940
  3  8 -1  4  0  .175756958134970
  4  8 -1  5  0 -.340553843738740
  5  8 -1  6  0 -.810021434640790
  6  8 -1  7  0 -1.02165400882340
  7  8 -1  8  0 -1.01877528482980
  8  8 -1  9  0 -1.05966788309750
  0  1  1  4  0  .027627108802575
  1  1  1  4  0  .377342480921880
  2  1  1  3  0 -1.01601261308020
  3  1  1  4  0 -.016398613792170
  4  1  1  5  0 -.681173715341560
  5  1  1  6  0 -1.38967693096140
  6  1  1  7  0 -2.01710122979610
  7  1  1  8  0 -2.48707469584940
  8  1  1  9  0 -2.56847294630760
  0  2  1  4  0  .027627240051815
  1  2  1  4  0  .377342470631750
  2  2  1  3  0 -1.01601249669940
  3  2  1  4  0 -.016398214856891
  4  2  1  5  0 -.681173827460870
  5  2  1  6  0 -1.38967712588460
  6  2  1  7  0 -2.01710153354170
  7  2  1  8  0 -2.48707479784080
  8  2  1  9  0 -2.56847292723730
  0  3  1  4  0  .027627112152615
  1  3  1  4  0  .377342459926870
  2  3  1  3  0 -1.01601262462580
  3  3  1  4  0 -.016398295561851
  4  3  1  5  0 -.681173452814680
  5  3  1  6  0 -1.38967685030820
  6  3  1  7  0 -2.01710117479410
  7  3  1  8  0 -2.48707482369830
  8  3  1  9  0 -2.56847299322210
  0  4  1  4  0  .027627058635455
  1  4  1  4  0  .377342412631570
  2  4  1  3  0 -1.01601257106730
  3  4  1  4  0 -.016398658460641
  4  4  1  5  0 -.681173845290710
  5  4  1  6  0 -1.38967691097640
  6  4  1  7  0 -2.01710123260150
  7  4  1  8  0 -2.48707471921050
  8  4  1  9  0 -2.56847304166780
  0  5  1  3 -1 -5.58274696650171
  1  5  1  3 -1 -3.11988868078755
  2  5  1  3  0  .396255729896600
  3  5  1  4  0  .150234577679140
  4  5  1  5  0 -.311304327025380
  5  5  1  6  0 -.744214442984620
  6  5  1  7  0 -1.00435344990160
  7  5  1  8  0 -1.04754509945010
  8  5  1  9  0 -1.07087018634150
  0  6  1  3 -1 -5.58273985533796
  1  6  1  3 -1 -3.11988180963634
  2  6  1  3  0  .396255195795450
  3  6  1  4  0  .150234573421120
  4  6  1  5  0 -.311304310283660
  5  6  1  6  0 -.744214738690630
  6  6  1  7  0 -1.00435347974990
  7  6  1  8  0 -1.04754502894580
  8  6  1  9  0 -1.07087017633750
  0  7  1  3 -1 -5.58273743212399
  1  7  1  3 -1 -3.11987946623536
  2  7  1  3  0  .396255620583280
  3  7  1  4  0  .150234586974470
  4  7  1  5  0 -.311304217404800
  5  7  1  6  0 -.744214367703230
  6  7  1  7  0 -1.00435338012810
  7  7  1  8  0 -1.04754506707180
  8  7  1  9  0 -1.07087021118510
  0  8  1  3 -1 -5.58274695563730
  1  8  1  3 -1 -3.11988867101256
  2  8  1  3  0  .396255598597060
  3  8  1  4  0  .150234574694580
  4  8  1  5  0 -.311304373791680
  5  8  1  6  0 -.744214521630380
  6  8  1  7  0 -1.00435348231270
  7  8  1  8  0 -1.04754512326820
  8  8  1  9  0 -1.07087020162160
basisFT:    M0    M1    M2     vectors (column major order)
basisFT:    10    10    10        9261
basisFT: radii           1
basisFT:     1  2.11626405
basisFT: L+N+1           6
basisFT:  maxL
basisFT:     2
initBasisFT: basis Fourier Transform parameters
      radii and powers:
        2.11626405     6
          Lm    M0    M1    M2
           2    10    10    10
 initfft: wisdom written to rspt_fft_wisdom.0
 end rspt
#-------------------------------------------------------------------------------
