# ACE/gr parameter file
#
@    version 50122
@    world xmin 0.25
@    world xmax 0.75
@    title font 5
@    xaxis  tick major 0.1
@    xaxis  tick minor 0.02
@    xaxis  label "(r-r\s1\N)/d"
@    xaxis  label font 5
@    xaxis  label char size 1.2
@    xaxis  ticklabel font 4
@    xaxis  ticklabel char size 1
@    yaxis  tick major .1
@    yaxis  tick minor .02
@    yaxis  label font 4
@    yaxis  label char size 1.2
@    yaxis  ticklabel font 5
@    yaxis  ticklabel char size 1
@    title "potential between neighbors"
@    yaxis  label "V(r) (Ry)"
@    world ymin -10.
@    world ymax   .0
@    yaxis  tick major 2
@    yaxis  tick minor 1
@ s0 color  1
@ s0 linestyle  1
@ legend string 0 "(1)-(5)"
@target s0
@type xy
  .1000000000 -39.75138454
  .1050000000 -35.93620407
  .1100000000 -32.58132774
  .1150000000 -29.61623963
  .1200000000 -26.98434602
  .1250000000 -24.63927288
  .1300000000 -22.56274749
  .1350000000 -20.69569808
  .1400000000 -19.03524475
  .1450000000 -17.53515937
  .1500000000 -16.19249436
  .1550000000 -14.98013308
  .1600000000 -13.88037359
  .1650000000 -12.88490521
  .1700000000 -11.98436993
  .1750000000 -11.16287937
  .1800000000 -10.41229999
  .1850000000 -9.725345407
  .1900000000 -9.095496654
  .1950000000 -8.516929131
  .2000000000 -7.984445317
  .2050000000 -7.493412704
  .2100000000 -7.039706440
  .2150000000 -6.619656386
  .2200000000 -6.229998308
  .2250000000 -5.867829100
  .2300000000 -5.530565868
  .2350000000 -5.215908833
  .2400000000 -4.921807956
  .2450000000 -4.648443962
  .2500000000 -4.393407216
  .2550000000 -4.153945898
  .2600000000 -3.928727893
  .2650000000 -3.716557874
  .2700000000 -3.519725447
  .2750000000 -3.334205674
  .2800000000 -3.158660829
  .2850000000 -2.993130561
  .2900000000 -2.839188878
  .2950000000 -2.692865308
  .3000000000 -2.553691359
  .3050000000 -2.424956447
  .3100000000 -2.302024930
  .3150000000 -2.185128630
  .3200000000 -2.076572800
  .3250000000 -1.972427121
  .3300000000 -1.874424946
  .3350000000 -1.782084262
  .3400000000 -1.693110270
  .3450000000 -1.611182270
  .3500000000 -1.531942701
  .3550000000 -1.457727686
  .3600000000 -1.387131976
  .3650000000 -1.319976360
  .3700000000 -1.257061622
  .3750000000 -1.196408618
  .3800000000 -1.140344081
  .3850000000 -1.085706031
  .3900000000 -1.035776611
  .3950000000 -.9867295349
  .4000000000 -.9423201136
  .4050000000 -.8984988242
  .4100000000 -.8590793142
  .4150000000 -.8201731441
  .4200000000 -.7852843591
  .4250000000 -.7510334964
  .4300000000 -.7202737891
  .4350000000 -.6904662971
  .4400000000 -.6634787701
  .4450000000 -.6379483311
  .4500000000 -.6144083166
  .4550000000 -.5930327788
  .4600000000 -.5726351225
  .4650000000 -.5553358953
  .4700000000 -.5382216901
  .4750000000 -.5245238425
  .4800000000 -.5114050553
  .4850000000 -.5054303054
  .4900000000 -.4966997754
  .4950000000 -.4897112767
  .5000000000 -.4844578088
  .5050000000 -.4809366165
  .5100000000 -.4791491212
  .5150000000 -.4791008475
  .5200000000 -.4808013471
  .5250000000 -.4842641199
  .5300000000 -.4895065329
  .5350000000 -.4930121173
  .5400000000 -.5024807718
  .5450000000 -.5134108724
  .5500000000 -.5271822952
  .5550000000 -.5414300354
  .5600000000 -.5596122033
  .5650000000 -.5780021719
  .5700000000 -.6002556970
  .5750000000 -.6232714078
  .5800000000 -.6496743250
  .5850000000 -.6775250096
  .5900000000 -.7085176789
  .5950000000 -.7414600693
  .6000000000 -.7775343720
  .6050000000 -.8158728420
  .6100000000 -.8575829493
  .6150000000 -.9016705682
  .6200000000 -.9496434692
  .6250000000 -.9998841013
  .6300000000 -1.054830582
  .6350000000 -1.111682177
  .6400000000 -1.174408984
  .6450000000 -1.239140709
  .6500000000 -1.309812102
  .6550000000 -1.383782233
  .6600000000 -1.462664834
  .6650000000 -1.547001648
  .6700000000 -1.634811068
  .6750000000 -1.730804914
  .6800000000 -1.830997885
  .6850000000 -1.937476122
  .6900000000 -2.051721997
  .6950000000 -2.171485176
  .7000000000 -2.299772712
  .7050000000 -2.436613181
  .7100000000 -2.580688318
  .7150000000 -2.734662626
  .7200000000 -2.899656832
  .7250000000 -3.074139681
  .7300000000 -3.258940883
  .7350000000 -3.458886494
  .7400000000 -3.671629531
  .7450000000 -3.897956645
  .7500000000 -4.139131302
  .7550000000 -4.398361275
  .7600000000 -4.677310680
  .7650000000 -4.975811019
  .7700000000 -5.295749086
  .7750000000 -5.639216968
  .7800000000 -6.008531687
  .7850000000 -6.406255622
  .7900000000 -6.835217758
  .7950000000 -7.298535807
  .8000000000 -7.799639395
  .8050000000 -8.342294553
  .8100000000 -8.930629925
  .8150000000 -9.569165239
  .8200000000 -10.26284282
  .8250000000 -11.01706314
  .8300000000 -11.83772574
  .8350000000 -12.73127712
  .8400000000 -13.70476778
  .8450000000 -14.77451127
  .8500000000 -15.94441519
  .8550000000 -17.22222292
  .8600000000 -18.63104177
  .8650000000 -20.17782201
  .8700000000 -21.88330922
  .8750000000 -23.76626933
  .8800000000 -25.85615824
  .8850000000 -28.17299985
  .8900000000 -30.75858657
  .8950000000 -33.66140024
&
@ s1 color  1
@ s1 linestyle  1
@target s1
@type xy
  .4825092909 -10.000
  .4825092909  10.000
  .5317684037  10.000
  .5317684037 -10.000
&
@ s2 color  2
@ s2 linestyle  1
@ legend string 2 "(2)-(6)"
@target s2
@type xy
  .1000000000 -39.75139281
  .1050000000 -35.93620754
  .1100000000 -32.58132632
  .1150000000 -29.61623325
  .1200000000 -26.98433461
  .1250000000 -24.63925639
  .1300000000 -22.56272584
  .1350000000 -20.69567123
  .1400000000 -19.03521264
  .1450000000 -17.53512196
  .1500000000 -16.19245159
  .1550000000 -14.98008491
  .1600000000 -13.88031998
  .1650000000 -12.88484611
  .1700000000 -11.98430526
  .1750000000 -11.16280909
  .1800000000 -10.41222404
  .1850000000 -9.725263717
  .1900000000 -9.095409155
  .1950000000 -8.516835745
  .2000000000 -7.984345959
  .2050000000 -7.493307283
  .2100000000 -7.039594862
  .2150000000 -6.619538549
  .2200000000 -6.229874108
  .2250000000 -5.867698428
  .2300000000 -5.530428615
  .2350000000 -5.215764888
  .2400000000 -4.921657210
  .2450000000 -4.648286262
  .2500000000 -4.393242418
  .2550000000 -4.153773885
  .2600000000 -3.928548555
  .2650000000 -3.716371109
  .2700000000 -3.519531045
  .2750000000 -3.334003517
  .2800000000 -3.158450821
  .2850000000 -2.992912585
  .2900000000 -2.838962716
  .2950000000 -2.692630879
  .3000000000 -2.553448591
  .3050000000 -2.424705075
  .3100000000 -2.301764892
  .3150000000 -2.184859842
  .3200000000 -2.076295009
  .3250000000 -1.972140288
  .3300000000 -1.874128905
  .3350000000 -1.781778841
  .3400000000 -1.692795459
  .3450000000 -1.610857734
  .3500000000 -1.531608439
  .3550000000 -1.457383479
  .3600000000 -1.386777699
  .3650000000 -1.319611900
  .3700000000 -1.256686739
  .3750000000 -1.196023289
  .3800000000 -1.139947966
  .3850000000 -1.085299184
  .3900000000 -1.035358610
  .3950000000 -.9863004874
  .4000000000 -.9418795392
  .4050000000 -.8980468606
  .4100000000 -.8586154494
  .4150000000 -.8196975164
  .4200000000 -.7847964581
  .4250000000 -.7505334262
  .4300000000 -.7197610803
  .4350000000 -.6899409777
  .4400000000 -.6629404591
  .4450000000 -.6373969314
  .4500000000 -.6138435909
  .4550000000 -.5924544463
  .4600000000 -.5720431560
  .4650000000 -.5547297617
  .4700000000 -.5376015409
  .4750000000 -.5238890289
  .4800000000 -.5107556234
  .4850000000 -.5047643842
  .4900000000 -.4960184929
  .4950000000 -.4890143611
  .5000000000 -.4837449825
  .5050000000 -.4802075960
  .5100000000 -.4784036166
  .5150000000 -.4783385626
  .5200000000 -.4800219787
  .5250000000 -.4834673577
  .5300000000 -.4886920590
  .5350000000 -.4921792837
  .5400000000 -.5016295655
  .5450000000 -.5125409809
  .5500000000 -.5262932882
  .5550000000 -.5405216722
  .5600000000 -.5586839474
  .5650000000 -.5770537959
  .5700000000 -.5992866561
  .5750000000 -.6222814173
  .5800000000 -.6486628685
  .5850000000 -.6764917325
  .5900000000 -.7074620748
  .5950000000 -.7403817290
  .6000000000 -.7764327800
  .6050000000 -.8147475509
  .6100000000 -.8564334143
  .6150000000 -.9004963216
  .6200000000 -.9484439160
  .6250000000 -.9986587723
  .6300000000 -1.053578811
  .6350000000 -1.110403513
  .6400000000 -1.173102670
  .6450000000 -1.237806275
  .6500000000 -1.308448790
  .6550000000 -1.382389475
  .6600000000 -1.461241944
  .6650000000 -1.545547916
  .6700000000 -1.633325895
  .6750000000 -1.729287436
  .6800000000 -1.829447466
  .6850000000 -1.935892007
  .6900000000 -2.050103382
  .6950000000 -2.169831348
  .7000000000 -2.298082842
  .7050000000 -2.434886457
  .7100000000 -2.578923967
  .7150000000 -2.732859798
  .7200000000 -2.897814674
  .7250000000 -3.072257369
  .7300000000 -3.257017571
  .7350000000 -3.456921289
  .7400000000 -3.669621577
  .7450000000 -3.895905075
  .7500000000 -4.137035236
  .7550000000 -4.396219836
  .7600000000 -4.675123006
  .7650000000 -4.973576244
  .7700000000 -5.293466349
  .7750000000 -5.636885418
  .7800000000 -6.006150488
  .7850000000 -6.403823961
  .7900000000 -6.832734849
  .7950000000 -7.296000901
  .8000000000 -7.797051783
  .8050000000 -8.339653575
  .8100000000 -8.927934975
  .8150000000 -9.566415771
  .8200000000 -10.26003835
  .8250000000 -11.01420327
  .8300000000 -11.83481014
  .8350000000 -12.72830555
  .8400000000 -13.70174005
  .8450000000 -14.77142758
  .8500000000 -15.94127566
  .8550000000 -17.21902770
  .8600000000 -18.62779145
  .8650000000 -20.17451708
  .8700000000 -21.87995038
  .8750000000 -23.76285736
  .8800000000 -25.85269408
  .8850000000 -28.16948423
  .8900000000 -30.75502028
  .8950000000 -33.65778391
&
@ s3 color  2
@ s3 linestyle  1
@target s3
@type xy
  .4825092909 -10.000
  .4825092909  10.000
  .5317684037  10.000
  .5317684037 -10.000
&
@ s4 color  3
@ s4 linestyle  1
@ legend string 4 "(3)-(7)"
@target s4
@type xy
  .1000000000 -39.75139289
  .1050000000 -35.93620754
  .1100000000 -32.58132623
  .1150000000 -29.61623308
  .1200000000 -26.98433435
  .1250000000 -24.63925603
  .1300000000 -22.56272539
  .1350000000 -20.69567069
  .1400000000 -19.03521200
  .1450000000 -17.53512123
  .1500000000 -16.19245076
  .1550000000 -14.98008398
  .1600000000 -13.88031896
  .1650000000 -12.88484498
  .1700000000 -11.98430404
  .1750000000 -11.16280777
  .1800000000 -10.41222261
  .1850000000 -9.725262187
  .1900000000 -9.095407521
  .1950000000 -8.516834006
  .2000000000 -7.984344113
  .2050000000 -7.493305329
  .2100000000 -7.039592797
  .2150000000 -6.619536372
  .2200000000 -6.229871817
  .2250000000 -5.867696022
  .2300000000 -5.530426092
  .2350000000 -5.215762247
  .2400000000 -4.921654447
  .2450000000 -4.648283376
  .2500000000 -4.393239406
  .2550000000 -4.153770746
  .2600000000 -3.928545286
  .2650000000 -3.716367708
  .2700000000 -3.519527510
  .2750000000 -3.333999845
  .2800000000 -3.158447011
  .2850000000 -2.992908634
  .2900000000 -2.838958621
  .2950000000 -2.692626638
  .3000000000 -2.553444204
  .3050000000 -2.424700536
  .3100000000 -2.301760201
  .3150000000 -2.184854997
  .3200000000 -2.076290005
  .3250000000 -1.972135125
  .3300000000 -1.874123580
  .3350000000 -1.781773351
  .3400000000 -1.692789804
  .3450000000 -1.610851908
  .3500000000 -1.531602442
  .3550000000 -1.457377307
  .3600000000 -1.386771350
  .3650000000 -1.319605371
  .3700000000 -1.256680026
  .3750000000 -1.196016393
  .3800000000 -1.139940880
  .3850000000 -1.085291909
  .3900000000 -1.035351138
  .3950000000 -.9862928215
  .4000000000 -.9418716702
  .4050000000 -.8980387909
  .4100000000 -.8586071700
  .4150000000 -.8196890296
  .4200000000 -.7847877548
  .4250000000 -.7505245081
  .4300000000 -.7197519390
  .4350000000 -.6899316137
  .4400000000 -.6629308653
  .4450000000 -.6373871058
  .4500000000 -.6138335291
  .4550000000 -.5924441429
  .4600000000 -.5720326102
  .4650000000 -.5547189629
  .4700000000 -.5375904919
  .4750000000 -.5238777159
  .4800000000 -.5107440472
  .4850000000 -.5047525522
  .4900000000 -.4960063910
  .4950000000 -.4890019844
  .5000000000 -.4837323263
  .5050000000 -.4801946552
  .5100000000 -.4783903863
  .5150000000 -.4783250376
  .5200000000 -.4800081538
  .5250000000 -.4834532275
  .5300000000 -.4886776179
  .5350000000 -.4921645659
  .5400000000 -.5016145183
  .5450000000 -.5125255996
  .5500000000 -.5262775668
  .5550000000 -.5405056064
  .5600000000 -.5586675293
  .5650000000 -.5770370216
  .5700000000 -.5992695169
  .5750000000 -.6222639084
  .5800000000 -.6486449813
  .5850000000 -.6764734610
  .5900000000 -.7074434105
  .5950000000 -.7403626649
  .6000000000 -.7764133074
  .6050000000 -.8147276621
  .6100000000 -.8564131000
  .6150000000 -.9004755736
  .6200000000 -.9484227242
  .6250000000 -.9986371285
  .6300000000 -1.053556704
  .6350000000 -1.110380935
  .6400000000 -1.173079607
  .6450000000 -1.237782720
  .6500000000 -1.308424729
  .6550000000 -1.382364898
  .6600000000 -1.461216841
  .6650000000 -1.545522272
  .6700000000 -1.633299701
  .6750000000 -1.729260677
  .6800000000 -1.829420131
  .6850000000 -1.935864083
  .6900000000 -2.050074855
  .6950000000 -2.169802205
  .7000000000 -2.298053069
  .7050000000 -2.434856040
  .7100000000 -2.578892892
  .7150000000 -2.732828051
  .7200000000 -2.897782240
  .7250000000 -3.072224234
  .7300000000 -3.256983720
  .7350000000 -3.456886706
  .7400000000 -3.669586248
  .7450000000 -3.895868984
  .7500000000 -4.136998369
  .7550000000 -4.396182177
  .7600000000 -4.675084541
  .7650000000 -4.973536957
  .7700000000 -5.293426225
  .7750000000 -5.636844443
  .7800000000 -6.006108647
  .7850000000 -6.403781240
  .7900000000 -6.832691235
  .7950000000 -7.295956381
  .8000000000 -7.797006344
  .8050000000 -8.339607207
  .8100000000 -8.927887666
  .8150000000 -9.566367513
  .8200000000 -10.25998914
  .8250000000 -11.01415310
  .8300000000 -11.83475899
  .8350000000 -12.72825342
  .8400000000 -13.70168695
  .8450000000 -14.77137351
  .8500000000 -15.94122062
  .8550000000 -17.21897169
  .8600000000 -18.62773448
  .8650000000 -20.17445916
  .8700000000 -21.87989153
  .8750000000 -23.76279759
  .8800000000 -25.85263340
  .8850000000 -28.16942266
  .8900000000 -30.75495783
  .8950000000 -33.65772059
&
@ s5 color  3
@ s5 linestyle  1
@target s5
@type xy
  .4825092909 -10.000
  .4825092909  10.000
  .5317684037  10.000
  .5317684037 -10.000
&
@ s6 color  4
@ s6 linestyle  1
@ legend string 6 "(4)-(8)"
@target s6
@type xy
  .1000000000 -39.75138450
  .1050000000 -35.93620407
  .1100000000 -32.58132776
  .1150000000 -29.61623970
  .1200000000 -26.98434612
  .1250000000 -24.63927301
  .1300000000 -22.56274765
  .1350000000 -20.69569827
  .1400000000 -19.03524498
  .1450000000 -17.53515964
  .1500000000 -16.19249466
  .1550000000 -14.98013342
  .1600000000 -13.88037397
  .1650000000 -12.88490562
  .1700000000 -11.98437037
  .1750000000 -11.16287986
  .1800000000 -10.41230052
  .1850000000 -9.725345968
  .1900000000 -9.095497254
  .1950000000 -8.516929770
  .2000000000 -7.984445996
  .2050000000 -7.493413422
  .2100000000 -7.039707199
  .2150000000 -6.619657186
  .2200000000 -6.229999150
  .2250000000 -5.867829984
  .2300000000 -5.530566796
  .2350000000 -5.215909805
  .2400000000 -4.921808972
  .2450000000 -4.648445023
  .2500000000 -4.393408324
  .2550000000 -4.153947053
  .2600000000 -3.928729096
  .2650000000 -3.716559126
  .2700000000 -3.519726748
  .2750000000 -3.334207026
  .2800000000 -3.158662232
  .2850000000 -2.993132016
  .2900000000 -2.839190386
  .2950000000 -2.692866870
  .3000000000 -2.553692975
  .3050000000 -2.424958118
  .3100000000 -2.302026658
  .3150000000 -2.185130415
  .3200000000 -2.076574643
  .3250000000 -1.972429023
  .3300000000 -1.874426908
  .3350000000 -1.782086285
  .3400000000 -1.693112353
  .3450000000 -1.611184417
  .3500000000 -1.531944910
  .3550000000 -1.457729960
  .3600000000 -1.387134315
  .3650000000 -1.319978765
  .3700000000 -1.257064096
  .3750000000 -1.196411159
  .3800000000 -1.140346692
  .3850000000 -1.085708712
  .3900000000 -1.035779363
  .3950000000 -.9867323591
  .4000000000 -.9423230124
  .4050000000 -.8985017968
  .4100000000 -.8590823637
  .4150000000 -.8201762696
  .4200000000 -.7852875637
  .4250000000 -.7510367795
  .4300000000 -.7202771533
  .4350000000 -.6904697422
  .4400000000 -.6634822983
  .4450000000 -.6379519428
  .4500000000 -.6144120128
  .4550000000 -.5930365610
  .4600000000 -.5726389905
  .4650000000 -.5553398512
  .4700000000 -.5382257331
  .4750000000 -.5245279745
  .4800000000 -.5114092757
  .4850000000 -.5054346666
  .4900000000 -.4967042359
  .4950000000 -.4897158381
  .5000000000 -.4844624729
  .5050000000 -.4809413850
  .5100000000 -.4791539960
  .5150000000 -.4791058305
  .5200000000 -.4808064404
  .5250000000 -.4842693255
  .5300000000 -.4895118531
  .5350000000 -.4930176061
  .5400000000 -.5024863728
  .5450000000 -.5134165882
  .5500000000 -.5271881301
  .5550000000 -.5414359909
  .5600000000 -.5596182843
  .5650000000 -.5780083798
  .5700000000 -.6002620362
  .5750000000 -.6232778803
  .5800000000 -.6496809344
  .5850000000 -.6775317585
  .5900000000 -.7085245708
  .5950000000 -.7414671070
  .6000000000 -.7775415589
  .6050000000 -.8158801812
  .6100000000 -.8575904444
  .6150000000 -.9016782224
  .6200000000 -.9496512863
  .6250000000 -.9998920844
  .6300000000 -1.054838736
  .6350000000 -1.111690504
  .6400000000 -1.174417489
  .6450000000 -1.239149396
  .6500000000 -1.309820974
  .6550000000 -1.383791296
  .6600000000 -1.462674092
  .6650000000 -1.547011104
  .6700000000 -1.634820727
  .6750000000 -1.730814781
  .6800000000 -1.831007965
  .6850000000 -1.937486419
  .6900000000 -2.051732517
  .6950000000 -2.171495923
  .7000000000 -2.299783691
  .7050000000 -2.436624398
  .7100000000 -2.580699778
  .7150000000 -2.734674334
  .7200000000 -2.899668794
  .7250000000 -3.074151902
  .7300000000 -3.258953368
  .7350000000 -3.458899249
  .7400000000 -3.671642562
  .7450000000 -3.897969957
  .7500000000 -4.139144900
  .7550000000 -4.398375166
  .7600000000 -4.677324868
  .7650000000 -4.975825511
  .7700000000 -5.295763886
  .7750000000 -5.639232083
  .7800000000 -6.008547121
  .7850000000 -6.406271382
  .7900000000 -6.835233847
  .7950000000 -7.298552230
  .8000000000 -7.799656157
  .8050000000 -8.342311659
  .8100000000 -8.930647378
  .8150000000 -9.569183042
  .8200000000 -10.26286097
  .8250000000 -11.01708165
  .8300000000 -11.83774461
  .8350000000 -12.73129635
  .8400000000 -13.70478737
  .8450000000 -14.77453122
  .8500000000 -15.94443550
  .8550000000 -17.22224359
  .8600000000 -18.63106279
  .8650000000 -20.17784338
  .8700000000 -21.88333093
  .8750000000 -23.76629138
  .8800000000 -25.85618062
  .8850000000 -28.17302256
  .8900000000 -30.75860961
  .8950000000 -33.66142360
&
@ s7 color  4
@ s7 linestyle  1
@target s7
@type xy
  .4825092909 -10.000
  .4825092909  10.000
  .5317684037  10.000
  .5317684037 -10.000
&
@ s8 color  5
@ s8 linestyle  1
@ legend string 8 "(5)-(1)"
@target s8
@type xy
  .1000000000 -36.92848713
  .1050000000 -33.66140024
  .1100000000 -30.75858657
  .1150000000 -28.17299985
  .1200000000 -25.85615824
  .1250000000 -23.76626933
  .1300000000 -21.88330922
  .1350000000 -20.17782201
  .1400000000 -18.63104177
  .1450000000 -17.22222292
  .1500000000 -15.94441519
  .1550000000 -14.77451127
  .1600000000 -13.70476778
  .1650000000 -12.73127712
  .1700000000 -11.83772574
  .1750000000 -11.01706314
  .1800000000 -10.26284282
  .1850000000 -9.569165239
  .1900000000 -8.930629925
  .1950000000 -8.342294553
  .2000000000 -7.799639395
  .2050000000 -7.298535807
  .2100000000 -6.835217758
  .2150000000 -6.406255622
  .2200000000 -6.008531687
  .2250000000 -5.639216968
  .2300000000 -5.295749086
  .2350000000 -4.975811019
  .2400000000 -4.677310680
  .2450000000 -4.398361275
  .2500000000 -4.139131302
  .2550000000 -3.897956645
  .2600000000 -3.671629531
  .2650000000 -3.458886494
  .2700000000 -3.258940883
  .2750000000 -3.074139681
  .2800000000 -2.899656832
  .2850000000 -2.734662626
  .2900000000 -2.580688318
  .2950000000 -2.436613181
  .3000000000 -2.299772712
  .3050000000 -2.171485176
  .3100000000 -2.051721997
  .3150000000 -1.937476122
  .3200000000 -1.830997885
  .3250000000 -1.730804914
  .3300000000 -1.634811068
  .3350000000 -1.547001648
  .3400000000 -1.462664834
  .3450000000 -1.383782233
  .3500000000 -1.309812102
  .3550000000 -1.239140709
  .3600000000 -1.174408984
  .3650000000 -1.111682177
  .3700000000 -1.054830582
  .3750000000 -.9998841013
  .3800000000 -.9496434692
  .3850000000 -.9016705682
  .3900000000 -.8575829493
  .3950000000 -.8158728420
  .4000000000 -.7775343720
  .4050000000 -.7414600693
  .4100000000 -.7085176789
  .4150000000 -.6775250096
  .4200000000 -.6496743250
  .4250000000 -.6232714078
  .4300000000 -.6002556970
  .4350000000 -.5780021719
  .4400000000 -.5596122033
  .4450000000 -.5414300354
  .4500000000 -.5271822952
  .4550000000 -.5134108724
  .4600000000 -.5024807718
  .4650000000 -.4930121173
  .4700000000 -.4895065329
  .4750000000 -.4842641199
  .4800000000 -.4808013471
  .4850000000 -.4791008475
  .4900000000 -.4791491212
  .4950000000 -.4809366165
  .5000000000 -.4844578088
  .5050000000 -.4897112767
  .5100000000 -.4966997754
  .5150000000 -.5054303054
  .5200000000 -.5114050553
  .5250000000 -.5245238425
  .5300000000 -.5382216901
  .5350000000 -.5553358953
  .5400000000 -.5726351225
  .5450000000 -.5930327788
  .5500000000 -.6144083166
  .5550000000 -.6379483311
  .5600000000 -.6634787701
  .5650000000 -.6904662971
  .5700000000 -.7202737891
  .5750000000 -.7510334964
  .5800000000 -.7852843591
  .5850000000 -.8201731441
  .5900000000 -.8590793142
  .5950000000 -.8984988242
  .6000000000 -.9423201136
  .6050000000 -.9867295349
  .6100000000 -1.035776611
  .6150000000 -1.085706031
  .6200000000 -1.140344081
  .6250000000 -1.196408618
  .6300000000 -1.257061622
  .6350000000 -1.319976360
  .6400000000 -1.387131976
  .6450000000 -1.457727686
  .6500000000 -1.531942701
  .6550000000 -1.611182270
  .6600000000 -1.693110270
  .6650000000 -1.782084262
  .6700000000 -1.874424946
  .6750000000 -1.972427121
  .6800000000 -2.076572800
  .6850000000 -2.185128630
  .6900000000 -2.302024930
  .6950000000 -2.424956447
  .7000000000 -2.553691359
  .7050000000 -2.692865308
  .7100000000 -2.839188878
  .7150000000 -2.993130561
  .7200000000 -3.158660829
  .7250000000 -3.334205674
  .7300000000 -3.519725447
  .7350000000 -3.716557874
  .7400000000 -3.928727893
  .7450000000 -4.153945898
  .7500000000 -4.393407216
  .7550000000 -4.648443962
  .7600000000 -4.921807956
  .7650000000 -5.215908833
  .7700000000 -5.530565868
  .7750000000 -5.867829100
  .7800000000 -6.229998308
  .7850000000 -6.619656386
  .7900000000 -7.039706440
  .7950000000 -7.493412704
  .8000000000 -7.984445317
  .8050000000 -8.516929131
  .8100000000 -9.095496654
  .8150000000 -9.725345407
  .8200000000 -10.41229999
  .8250000000 -11.16287937
  .8300000000 -11.98436993
  .8350000000 -12.88490521
  .8400000000 -13.88037359
  .8450000000 -14.98013308
  .8500000000 -16.19249436
  .8550000000 -17.53515937
  .8600000000 -19.03524475
  .8650000000 -20.69569808
  .8700000000 -22.56274749
  .8750000000 -24.63927288
  .8800000000 -26.98434602
  .8850000000 -29.61623963
  .8900000000 -32.58132774
  .8950000000 -35.93620407
&
@ s9 color  5
@ s9 linestyle  1
@target s9
@type xy
  .4682315962 -10.000
  .4682315962  10.000
  .5174907090  10.000
  .5174907090 -10.000
&
@ s10 color  1
@ s10 linestyle  2
@ legend string 10 "(6)-(2)"
@target s10
@type xy
  .1000000000 -36.92482105
  .1050000000 -33.65778391
  .1100000000 -30.75502028
  .1150000000 -28.16948423
  .1200000000 -25.85269408
  .1250000000 -23.76285736
  .1300000000 -21.87995038
  .1350000000 -20.17451708
  .1400000000 -18.62779145
  .1450000000 -17.21902770
  .1500000000 -15.94127566
  .1550000000 -14.77142758
  .1600000000 -13.70174005
  .1650000000 -12.72830555
  .1700000000 -11.83481014
  .1750000000 -11.01420327
  .1800000000 -10.26003835
  .1850000000 -9.566415771
  .1900000000 -8.927934975
  .1950000000 -8.339653575
  .2000000000 -7.797051783
  .2050000000 -7.296000901
  .2100000000 -6.832734849
  .2150000000 -6.403823961
  .2200000000 -6.006150488
  .2250000000 -5.636885418
  .2300000000 -5.293466349
  .2350000000 -4.973576244
  .2400000000 -4.675123006
  .2450000000 -4.396219836
  .2500000000 -4.137035236
  .2550000000 -3.895905075
  .2600000000 -3.669621577
  .2650000000 -3.456921289
  .2700000000 -3.257017571
  .2750000000 -3.072257369
  .2800000000 -2.897814674
  .2850000000 -2.732859798
  .2900000000 -2.578923967
  .2950000000 -2.434886457
  .3000000000 -2.298082842
  .3050000000 -2.169831348
  .3100000000 -2.050103382
  .3150000000 -1.935892007
  .3200000000 -1.829447466
  .3250000000 -1.729287436
  .3300000000 -1.633325895
  .3350000000 -1.545547916
  .3400000000 -1.461241944
  .3450000000 -1.382389475
  .3500000000 -1.308448790
  .3550000000 -1.237806275
  .3600000000 -1.173102670
  .3650000000 -1.110403513
  .3700000000 -1.053578811
  .3750000000 -.9986587723
  .3800000000 -.9484439160
  .3850000000 -.9004963216
  .3900000000 -.8564334143
  .3950000000 -.8147475509
  .4000000000 -.7764327800
  .4050000000 -.7403817290
  .4100000000 -.7074620748
  .4150000000 -.6764917325
  .4200000000 -.6486628685
  .4250000000 -.6222814173
  .4300000000 -.5992866561
  .4350000000 -.5770537959
  .4400000000 -.5586839474
  .4450000000 -.5405216722
  .4500000000 -.5262932882
  .4550000000 -.5125409809
  .4600000000 -.5016295655
  .4650000000 -.4921792837
  .4700000000 -.4886920590
  .4750000000 -.4834673577
  .4800000000 -.4800219787
  .4850000000 -.4783385626
  .4900000000 -.4784036166
  .4950000000 -.4802075960
  .5000000000 -.4837449825
  .5050000000 -.4890143611
  .5100000000 -.4960184929
  .5150000000 -.5047643842
  .5200000000 -.5107556234
  .5250000000 -.5238890289
  .5300000000 -.5376015409
  .5350000000 -.5547297617
  .5400000000 -.5720431560
  .5450000000 -.5924544463
  .5500000000 -.6138435909
  .5550000000 -.6373969314
  .5600000000 -.6629404591
  .5650000000 -.6899409777
  .5700000000 -.7197610803
  .5750000000 -.7505334262
  .5800000000 -.7847964581
  .5850000000 -.8196975164
  .5900000000 -.8586154494
  .5950000000 -.8980468606
  .6000000000 -.9418795392
  .6050000000 -.9863004874
  .6100000000 -1.035358610
  .6150000000 -1.085299184
  .6200000000 -1.139947966
  .6250000000 -1.196023289
  .6300000000 -1.256686739
  .6350000000 -1.319611900
  .6400000000 -1.386777699
  .6450000000 -1.457383479
  .6500000000 -1.531608439
  .6550000000 -1.610857734
  .6600000000 -1.692795459
  .6650000000 -1.781778841
  .6700000000 -1.874128905
  .6750000000 -1.972140288
  .6800000000 -2.076295009
  .6850000000 -2.184859842
  .6900000000 -2.301764892
  .6950000000 -2.424705075
  .7000000000 -2.553448591
  .7050000000 -2.692630879
  .7100000000 -2.838962716
  .7150000000 -2.992912585
  .7200000000 -3.158450821
  .7250000000 -3.334003517
  .7300000000 -3.519531045
  .7350000000 -3.716371109
  .7400000000 -3.928548555
  .7450000000 -4.153773885
  .7500000000 -4.393242418
  .7550000000 -4.648286262
  .7600000000 -4.921657210
  .7650000000 -5.215764888
  .7700000000 -5.530428615
  .7750000000 -5.867698428
  .7800000000 -6.229874108
  .7850000000 -6.619538549
  .7900000000 -7.039594862
  .7950000000 -7.493307283
  .8000000000 -7.984345959
  .8050000000 -8.516835745
  .8100000000 -9.095409155
  .8150000000 -9.725263717
  .8200000000 -10.41222404
  .8250000000 -11.16280909
  .8300000000 -11.98430526
  .8350000000 -12.88484611
  .8400000000 -13.88031998
  .8450000000 -14.98008491
  .8500000000 -16.19245159
  .8550000000 -17.53512196
  .8600000000 -19.03521264
  .8650000000 -20.69567123
  .8700000000 -22.56272584
  .8750000000 -24.63925639
  .8800000000 -26.98433461
  .8850000000 -29.61623325
  .8900000000 -32.58132632
  .8950000000 -35.93620754
&
@ s11 color  1
@ s11 linestyle  2
@target s11
@type xy
  .4682315962 -10.000
  .4682315962  10.000
  .5174907090  10.000
  .5174907090 -10.000
&
@ s12 color  2
@ s12 linestyle  2
@ legend string 12 "(7)-(3)"
@target s12
@type xy
  .1000000000 -36.92475687
  .1050000000 -33.65772059
  .1100000000 -30.75495783
  .1150000000 -28.16942266
  .1200000000 -25.85263340
  .1250000000 -23.76279759
  .1300000000 -21.87989153
  .1350000000 -20.17445916
  .1400000000 -18.62773448
  .1450000000 -17.21897169
  .1500000000 -15.94122062
  .1550000000 -14.77137351
  .1600000000 -13.70168695
  .1650000000 -12.72825342
  .1700000000 -11.83475899
  .1750000000 -11.01415310
  .1800000000 -10.25998914
  .1850000000 -9.566367513
  .1900000000 -8.927887666
  .1950000000 -8.339607207
  .2000000000 -7.797006344
  .2050000000 -7.295956381
  .2100000000 -6.832691235
  .2150000000 -6.403781240
  .2200000000 -6.006108647
  .2250000000 -5.636844443
  .2300000000 -5.293426225
  .2350000000 -4.973536957
  .2400000000 -4.675084541
  .2450000000 -4.396182177
  .2500000000 -4.136998369
  .2550000000 -3.895868984
  .2600000000 -3.669586248
  .2650000000 -3.456886706
  .2700000000 -3.256983720
  .2750000000 -3.072224234
  .2800000000 -2.897782240
  .2850000000 -2.732828051
  .2900000000 -2.578892892
  .2950000000 -2.434856040
  .3000000000 -2.298053069
  .3050000000 -2.169802205
  .3100000000 -2.050074855
  .3150000000 -1.935864083
  .3200000000 -1.829420131
  .3250000000 -1.729260677
  .3300000000 -1.633299701
  .3350000000 -1.545522272
  .3400000000 -1.461216841
  .3450000000 -1.382364898
  .3500000000 -1.308424729
  .3550000000 -1.237782720
  .3600000000 -1.173079607
  .3650000000 -1.110380935
  .3700000000 -1.053556704
  .3750000000 -.9986371285
  .3800000000 -.9484227242
  .3850000000 -.9004755736
  .3900000000 -.8564131000
  .3950000000 -.8147276621
  .4000000000 -.7764133074
  .4050000000 -.7403626649
  .4100000000 -.7074434105
  .4150000000 -.6764734610
  .4200000000 -.6486449813
  .4250000000 -.6222639084
  .4300000000 -.5992695169
  .4350000000 -.5770370216
  .4400000000 -.5586675293
  .4450000000 -.5405056064
  .4500000000 -.5262775668
  .4550000000 -.5125255996
  .4600000000 -.5016145183
  .4650000000 -.4921645659
  .4700000000 -.4886776179
  .4750000000 -.4834532275
  .4800000000 -.4800081538
  .4850000000 -.4783250376
  .4900000000 -.4783903863
  .4950000000 -.4801946552
  .5000000000 -.4837323263
  .5050000000 -.4890019844
  .5100000000 -.4960063910
  .5150000000 -.5047525522
  .5200000000 -.5107440472
  .5250000000 -.5238777159
  .5300000000 -.5375904919
  .5350000000 -.5547189629
  .5400000000 -.5720326102
  .5450000000 -.5924441429
  .5500000000 -.6138335291
  .5550000000 -.6373871058
  .5600000000 -.6629308653
  .5650000000 -.6899316137
  .5700000000 -.7197519390
  .5750000000 -.7505245081
  .5800000000 -.7847877548
  .5850000000 -.8196890296
  .5900000000 -.8586071700
  .5950000000 -.8980387909
  .6000000000 -.9418716702
  .6050000000 -.9862928215
  .6100000000 -1.035351138
  .6150000000 -1.085291909
  .6200000000 -1.139940880
  .6250000000 -1.196016393
  .6300000000 -1.256680026
  .6350000000 -1.319605371
  .6400000000 -1.386771350
  .6450000000 -1.457377307
  .6500000000 -1.531602442
  .6550000000 -1.610851908
  .6600000000 -1.692789804
  .6650000000 -1.781773351
  .6700000000 -1.874123580
  .6750000000 -1.972135125
  .6800000000 -2.076290005
  .6850000000 -2.184854997
  .6900000000 -2.301760201
  .6950000000 -2.424700536
  .7000000000 -2.553444204
  .7050000000 -2.692626638
  .7100000000 -2.838958621
  .7150000000 -2.992908634
  .7200000000 -3.158447011
  .7250000000 -3.333999845
  .7300000000 -3.519527510
  .7350000000 -3.716367708
  .7400000000 -3.928545286
  .7450000000 -4.153770746
  .7500000000 -4.393239406
  .7550000000 -4.648283376
  .7600000000 -4.921654447
  .7650000000 -5.215762247
  .7700000000 -5.530426092
  .7750000000 -5.867696022
  .7800000000 -6.229871817
  .7850000000 -6.619536372
  .7900000000 -7.039592797
  .7950000000 -7.493305329
  .8000000000 -7.984344113
  .8050000000 -8.516834006
  .8100000000 -9.095407521
  .8150000000 -9.725262187
  .8200000000 -10.41222261
  .8250000000 -11.16280777
  .8300000000 -11.98430404
  .8350000000 -12.88484498
  .8400000000 -13.88031896
  .8450000000 -14.98008398
  .8500000000 -16.19245076
  .8550000000 -17.53512123
  .8600000000 -19.03521200
  .8650000000 -20.69567069
  .8700000000 -22.56272539
  .8750000000 -24.63925603
  .8800000000 -26.98433435
  .8850000000 -29.61623308
  .8900000000 -32.58132623
  .8950000000 -35.93620754
&
@ s13 color  2
@ s13 linestyle  2
@target s13
@type xy
  .4682315962 -10.000
  .4682315962  10.000
  .5174907090  10.000
  .5174907090 -10.000
&
@ s14 color  3
@ s14 linestyle  2
@ legend string 14 "(8)-(4)"
@target s14
@type xy
  .1000000000 -36.92851080
  .1050000000 -33.66142360
  .1100000000 -30.75860961
  .1150000000 -28.17302256
  .1200000000 -25.85618062
  .1250000000 -23.76629138
  .1300000000 -21.88333093
  .1350000000 -20.17784338
  .1400000000 -18.63106279
  .1450000000 -17.22224359
  .1500000000 -15.94443550
  .1550000000 -14.77453122
  .1600000000 -13.70478737
  .1650000000 -12.73129635
  .1700000000 -11.83774461
  .1750000000 -11.01708165
  .1800000000 -10.26286097
  .1850000000 -9.569183042
  .1900000000 -8.930647378
  .1950000000 -8.342311659
  .2000000000 -7.799656157
  .2050000000 -7.298552230
  .2100000000 -6.835233847
  .2150000000 -6.406271382
  .2200000000 -6.008547121
  .2250000000 -5.639232083
  .2300000000 -5.295763886
  .2350000000 -4.975825511
  .2400000000 -4.677324868
  .2450000000 -4.398375166
  .2500000000 -4.139144900
  .2550000000 -3.897969957
  .2600000000 -3.671642562
  .2650000000 -3.458899249
  .2700000000 -3.258953368
  .2750000000 -3.074151902
  .2800000000 -2.899668794
  .2850000000 -2.734674334
  .2900000000 -2.580699778
  .2950000000 -2.436624398
  .3000000000 -2.299783691
  .3050000000 -2.171495923
  .3100000000 -2.051732517
  .3150000000 -1.937486419
  .3200000000 -1.831007965
  .3250000000 -1.730814781
  .3300000000 -1.634820727
  .3350000000 -1.547011104
  .3400000000 -1.462674092
  .3450000000 -1.383791296
  .3500000000 -1.309820974
  .3550000000 -1.239149396
  .3600000000 -1.174417489
  .3650000000 -1.111690504
  .3700000000 -1.054838736
  .3750000000 -.9998920844
  .3800000000 -.9496512863
  .3850000000 -.9016782224
  .3900000000 -.8575904444
  .3950000000 -.8158801812
  .4000000000 -.7775415589
  .4050000000 -.7414671070
  .4100000000 -.7085245708
  .4150000000 -.6775317585
  .4200000000 -.6496809344
  .4250000000 -.6232778803
  .4300000000 -.6002620362
  .4350000000 -.5780083798
  .4400000000 -.5596182843
  .4450000000 -.5414359909
  .4500000000 -.5271881301
  .4550000000 -.5134165882
  .4600000000 -.5024863728
  .4650000000 -.4930176061
  .4700000000 -.4895118531
  .4750000000 -.4842693255
  .4800000000 -.4808064404
  .4850000000 -.4791058305
  .4900000000 -.4791539960
  .4950000000 -.4809413850
  .5000000000 -.4844624729
  .5050000000 -.4897158381
  .5100000000 -.4967042359
  .5150000000 -.5054346666
  .5200000000 -.5114092757
  .5250000000 -.5245279745
  .5300000000 -.5382257331
  .5350000000 -.5553398512
  .5400000000 -.5726389905
  .5450000000 -.5930365610
  .5500000000 -.6144120128
  .5550000000 -.6379519428
  .5600000000 -.6634822983
  .5650000000 -.6904697422
  .5700000000 -.7202771533
  .5750000000 -.7510367795
  .5800000000 -.7852875637
  .5850000000 -.8201762696
  .5900000000 -.8590823637
  .5950000000 -.8985017968
  .6000000000 -.9423230124
  .6050000000 -.9867323591
  .6100000000 -1.035779363
  .6150000000 -1.085708712
  .6200000000 -1.140346692
  .6250000000 -1.196411159
  .6300000000 -1.257064096
  .6350000000 -1.319978765
  .6400000000 -1.387134315
  .6450000000 -1.457729960
  .6500000000 -1.531944910
  .6550000000 -1.611184417
  .6600000000 -1.693112353
  .6650000000 -1.782086285
  .6700000000 -1.874426908
  .6750000000 -1.972429023
  .6800000000 -2.076574643
  .6850000000 -2.185130415
  .6900000000 -2.302026658
  .6950000000 -2.424958118
  .7000000000 -2.553692975
  .7050000000 -2.692866870
  .7100000000 -2.839190386
  .7150000000 -2.993132016
  .7200000000 -3.158662232
  .7250000000 -3.334207026
  .7300000000 -3.519726748
  .7350000000 -3.716559126
  .7400000000 -3.928729096
  .7450000000 -4.153947053
  .7500000000 -4.393408324
  .7550000000 -4.648445023
  .7600000000 -4.921808972
  .7650000000 -5.215909805
  .7700000000 -5.530566796
  .7750000000 -5.867829984
  .7800000000 -6.229999150
  .7850000000 -6.619657186
  .7900000000 -7.039707199
  .7950000000 -7.493413422
  .8000000000 -7.984445996
  .8050000000 -8.516929770
  .8100000000 -9.095497254
  .8150000000 -9.725345968
  .8200000000 -10.41230052
  .8250000000 -11.16287986
  .8300000000 -11.98437037
  .8350000000 -12.88490562
  .8400000000 -13.88037397
  .8450000000 -14.98013342
  .8500000000 -16.19249466
  .8550000000 -17.53515964
  .8600000000 -19.03524498
  .8650000000 -20.69569827
  .8700000000 -22.56274765
  .8750000000 -24.63927301
  .8800000000 -26.98434612
  .8850000000 -29.61623970
  .8900000000 -32.58132776
  .8950000000 -35.93620407
&
@ s15 color  3
@ s15 linestyle  2
@target s15
@type xy
  .4682315962 -10.000
  .4682315962  10.000
  .5174907090  10.000
  .5174907090 -10.000
&
