# ACE/gr parameter file
#
@    version 50122
@    world xmin 0.25
@    world xmax 0.75
@    title font 5
@    xaxis  tick major 0.1
@    xaxis  tick minor 0.02
@    xaxis  label "(r-r\s1\N)/d"
@    xaxis  label font 5
@    xaxis  label char size 1.2
@    xaxis  ticklabel font 4
@    xaxis  ticklabel char size 1
@    yaxis  tick major .1
@    yaxis  tick minor .02
@    yaxis  label font 4
@    yaxis  label char size 1.2
@    yaxis  ticklabel font 5
@    yaxis  ticklabel char size 1
@    title "potential between neighbors"
@    yaxis  label "V(r) (Ry)"
@    world ymin -10.
@    world ymax   .0
@    yaxis  tick major 2
@    yaxis  tick minor 1
@ s0 color  1
@ s0 linestyle  1
@ legend string 0 "(1)-(5)"
@target s0
@type xy
  .1000000000 -141.6039330
  .1050000000 -134.8590879
  .1100000000 -128.7339708
  .1150000000 -123.1410936
  .1200000000 -118.0099470
  .1250000000 -113.2826151
  .1300000000 -108.9331685
  .1350000000 -104.8920741
  .1400000000 -101.1523502
  .1450000000 -97.65927900
  .1500000000 -94.40728477
  .1550000000 -91.36335223
  .1600000000 -88.50512132
  .1650000000 -85.82158349
  .1700000000 -83.30071281
  .1750000000 -80.92190771
  .1800000000 -78.67412055
  .1850000000 -76.54730307
  .1900000000 -74.53230076
  .1950000000 -72.62076056
  .2000000000 -70.80504978
  .2050000000 -69.07818472
  .2100000000 -67.43376758
  .2150000000 -65.86593053
  .2200000000 -64.36928604
  .2250000000 -62.93888263
  .2300000000 -61.57016526
  .2350000000 -60.25893996
  .2400000000 -59.00134197
  .2450000000 -57.79775659
  .2500000000 -56.64363751
  .2550000000 -55.53347274
  .2600000000 -54.46440622
  .2650000000 -53.43379811
  .2700000000 -52.44647814
  .2750000000 -51.49392200
  .2800000000 -50.57303098
  .2850000000 -49.68371298
  .2900000000 -48.82955714
  .2950000000 -48.00149261
  .3000000000 -47.19819214
  .3050000000 -46.42741824
  .3100000000 -45.67814672
  .3150000000 -44.95070517
  .3200000000 -44.25080019
  .3250000000 -43.56860994
  .3300000000 -42.90835387
  .3350000000 -42.26885081
  .3400000000 -41.64398807
  .3450000000 -41.04340663
  .3500000000 -40.45552158
  .3550000000 -39.88645501
  .3600000000 -39.33239275
  .3650000000 -38.79270425
  .3700000000 -38.26955144
  .3750000000 -37.75733671
  .3800000000 -37.26244761
  .3850000000 -36.77595945
  .3900000000 -36.30692885
  .3950000000 -35.84456107
  .4000000000 -35.39920034
  .4050000000 -34.95947363
  .4100000000 -34.53578960
  .4150000000 -34.11733912
  .4200000000 -33.71351526
  .4250000000 -33.31507974
  .4300000000 -32.92945940
  .4350000000 -32.54987145
  .4400000000 -32.18094285
  .4450000000 -31.81912046
  .4500000000 -31.46550324
  .4550000000 -31.12044211
  .4600000000 -30.78087525
  .4650000000 -30.45164204
  .4700000000 -30.12593011
  .4750000000 -29.81069917
  .4800000000 -29.49971630
  .4850000000  .0023024928
  .4900000000  .0021024491
  .4950000000  .0018923598
  .5000000000  .0016720674
  .5050000000  .0014414244
  .5100000000  .0012002967
  .5150000000  .0009485689
  .5200000000  .0006861498
  .5250000000  .0004129798
  .5300000000  .0001290396
  .5350000000 -24.74391002
  .5400000000 -25.01320743
  .5450000000 -25.28776292
  .5500000000 -25.56998987
  .5550000000 -25.85594547
  .5600000000 -26.15186379
  .5650000000 -26.45116410
  .5700000000 -26.76067552
  .5750000000 -27.07473509
  .5800000000 -27.39843108
  .5850000000 -27.72815425
  .5900000000 -28.06731213
  .5950000000 -28.41367484
  .6000000000 -28.76969395
  .6050000000 -29.13375119
  .6100000000 -29.50816563
  .6150000000 -29.89105993
  .6200000000 -30.28555309
  .6250000000 -30.68852407
  .6300000000 -31.10494491
  .6350000000 -31.52934018
  .6400000000 -31.96972180
  .6450000000 -32.41849982
  .6500000000 -32.88358982
  .6550000000 -33.35985920
  .6600000000 -33.85061834
  .6650000000 -34.35699626
  .6700000000 -34.87528311
  .6750000000 -35.41466071
  .6800000000 -35.96755165
  .6850000000 -36.53809131
  .6900000000 -37.12910055
  .6950000000 -37.73650425
  .7000000000 -38.36597763
  .7050000000 -39.01756753
  .7100000000 -39.68904212
  .7150000000 -40.38525976
  .7200000000 -41.10814351
  .7250000000 -41.85514869
  .7300000000 -42.62787791
  .7350000000 -43.43435537
  .7400000000 -44.27068739
  .7450000000 -45.13828950
  .7500000000 -46.03931527
  .7550000000 -46.97879513
  .7600000000 -47.95920476
  .7650000000 -48.98035723
  .7700000000 -50.04516080
  .7750000000 -51.15676921
  .7800000000 -52.31860494
  .7850000000 -53.53438519
  .7900000000 -54.80815079
  .7950000000 -56.14429846
  .8000000000 -57.54761696
  .8050000000 -59.02332768
  .8100000000 -60.57713030
  .8150000000 -62.21525422
  .8200000000 -63.94451696
  .8250000000 -65.77239022
  .8300000000 -67.70707527
  .8350000000 -69.75758909
  .8400000000 -71.93386311
  .8450000000 -74.25707801
  .8500000000 -76.73391024
  .8550000000 -79.37592229
  .8600000000 -82.21331318
  .8650000000 -85.25738129
  .8700000000 -88.53619766
  .8750000000 -92.07571079
  .8800000000 -95.91466576
  .8850000000 -100.0804366
  .8900000000 -104.6257171
  .8950000000 -109.6097247
&
@ s1 color  1
@ s1 linestyle  1
@target s1
@type xy
  .4825092909 -10.000
  .4825092909  10.000
  .5317684037  10.000
  .5317684037 -10.000
&
@ s2 color  2
@ s2 linestyle  1
@ legend string 2 "(2)-(6)"
@target s2
@type xy
  .1000000000 -141.6039326
  .1050000000 -134.8590876
  .1100000000 -128.7339704
  .1150000000 -123.1410933
  .1200000000 -118.0099467
  .1250000000 -113.2826148
  .1300000000 -108.9331682
  .1350000000 -104.8920739
  .1400000000 -101.1523501
  .1450000000 -97.65927884
  .1500000000 -94.40728463
  .1550000000 -91.36335212
  .1600000000 -88.50512123
  .1650000000 -85.82158342
  .1700000000 -83.30071275
  .1750000000 -80.92190766
  .1800000000 -78.67412052
  .1850000000 -76.54730304
  .1900000000 -74.53230074
  .1950000000 -72.62076054
  .2000000000 -70.80504976
  .2050000000 -69.07818471
  .2100000000 -67.43376756
  .2150000000 -65.86593050
  .2200000000 -64.36928600
  .2250000000 -62.93888257
  .2300000000 -61.57016518
  .2350000000 -60.25893985
  .2400000000 -59.00134183
  .2450000000 -57.79775642
  .2500000000 -56.64363730
  .2550000000 -55.53347248
  .2600000000 -54.46440592
  .2650000000 -53.43379775
  .2700000000 -52.44647773
  .2750000000 -51.49392153
  .2800000000 -50.57303045
  .2850000000 -49.68371238
  .2900000000 -48.82955647
  .2950000000 -48.00149187
  .3000000000 -47.19819133
  .3050000000 -46.42741735
  .3100000000 -45.67814574
  .3150000000 -44.95070411
  .3200000000 -44.25079904
  .3250000000 -43.56860871
  .3300000000 -42.90835255
  .3350000000 -42.26884940
  .3400000000 -41.64398658
  .3450000000 -41.04340504
  .3500000000 -40.45551991
  .3550000000 -39.88645325
  .3600000000 -39.33239090
  .3650000000 -38.79270231
  .3700000000 -38.26954941
  .3750000000 -37.75733458
  .3800000000 -37.26244539
  .3850000000 -36.77595713
  .3900000000 -36.30692644
  .3950000000 -35.84455856
  .4000000000 -35.39919773
  .4050000000 -34.95947092
  .4100000000 -34.53578679
  .4150000000 -34.11733621
  .4200000000 -33.71351225
  .4250000000 -33.31507662
  .4300000000 -32.92945617
  .4350000000 -32.54986811
  .4400000000 -32.18093940
  .4450000000 -31.81911689
  .4500000000 -31.46549956
  .4550000000 -31.12043830
  .4600000000 -30.78087131
  .4650000000 -30.45163797
  .4700000000 -30.12592591
  .4750000000 -29.81069483
  .4800000000 -29.49971181
  .4850000000  .0023072374
  .4900000000  .0021073571
  .4950000000  .0018974357
  .5000000000  .0016773156
  .5050000000  .0014468492
  .5100000000  .0012059026
  .5150000000  .0009543602
  .5200000000  .0006921306
  .5250000000  .0004191543
  .5300000000  .0001354117
  .5350000000 -24.74390349
  .5400000000 -25.01320070
  .5450000000 -25.28775598
  .5500000000 -25.56998271
  .5550000000 -25.85593808
  .5600000000 -26.15185617
  .5650000000 -26.45115625
  .5700000000 -26.76066742
  .5750000000 -27.07472675
  .5800000000 -27.39842248
  .5850000000 -27.72814540
  .5900000000 -28.06730302
  .5950000000 -28.41366547
  .6000000000 -28.76968431
  .6050000000 -29.13374129
  .6100000000 -29.50815546
  .6150000000 -29.89104950
  .6200000000 -30.28554239
  .6250000000 -30.68851311
  .6300000000 -31.10493369
  .6350000000 -31.52932870
  .6400000000 -31.96971006
  .6450000000 -32.41848783
  .6500000000 -32.88357760
  .6550000000 -33.35984674
  .6600000000 -33.85060565
  .6650000000 -34.35698335
  .6700000000 -34.87526998
  .6750000000 -35.41464736
  .6800000000 -35.96753810
  .6850000000 -36.53807757
  .6900000000 -37.12908663
  .6950000000 -37.73649015
  .7000000000 -38.36596336
  .7050000000 -39.01755310
  .7100000000 -39.68902753
  .7150000000 -40.38524502
  .7200000000 -41.10812863
  .7250000000 -41.85513367
  .7300000000 -42.62786275
  .7350000000 -43.43434008
  .7400000000 -44.27067197
  .7450000000 -45.13827396
  .7500000000 -46.03929960
  .7550000000 -46.97877934
  .7600000000 -47.95918883
  .7650000000 -48.98034117
  .7700000000 -50.04514461
  .7750000000 -51.15675288
  .7800000000 -52.31858847
  .7850000000 -53.53436857
  .7900000000 -54.80813401
  .7950000000 -56.14428151
  .8000000000 -57.54759983
  .8050000000 -59.02331037
  .8100000000 -60.57711277
  .8150000000 -62.21523648
  .8200000000 -63.94449898
  .8250000000 -65.77237197
  .8300000000 -67.70705675
  .8350000000 -69.75757027
  .8400000000 -71.93384396
  .8450000000 -74.25705850
  .8500000000 -76.73389035
  .8550000000 -79.37590200
  .8600000000 -82.21329246
  .8650000000 -85.25736012
  .8700000000 -88.53617604
  .8750000000 -92.07568874
  .8800000000 -95.91464333
  .8850000000 -100.0804139
  .8900000000 -104.6256943
  .8950000000 -109.6097021
&
@ s3 color  2
@ s3 linestyle  1
@target s3
@type xy
  .4825092909 -10.000
  .4825092909  10.000
  .5317684037  10.000
  .5317684037 -10.000
&
@ s4 color  3
@ s4 linestyle  1
@ legend string 4 "(3)-(7)"
@target s4
@type xy
  .1000000000 -141.6039326
  .1050000000 -134.8590876
  .1100000000 -128.7339704
  .1150000000 -123.1410933
  .1200000000 -118.0099467
  .1250000000 -113.2826148
  .1300000000 -108.9331682
  .1350000000 -104.8920739
  .1400000000 -101.1523501
  .1450000000 -97.65927884
  .1500000000 -94.40728463
  .1550000000 -91.36335212
  .1600000000 -88.50512123
  .1650000000 -85.82158342
  .1700000000 -83.30071275
  .1750000000 -80.92190766
  .1800000000 -78.67412052
  .1850000000 -76.54730304
  .1900000000 -74.53230074
  .1950000000 -72.62076054
  .2000000000 -70.80504977
  .2050000000 -69.07818471
  .2100000000 -67.43376756
  .2150000000 -65.86593050
  .2200000000 -64.36928600
  .2250000000 -62.93888257
  .2300000000 -61.57016518
  .2350000000 -60.25893986
  .2400000000 -59.00134184
  .2450000000 -57.79775643
  .2500000000 -56.64363731
  .2550000000 -55.53347249
  .2600000000 -54.46440592
  .2650000000 -53.43379776
  .2700000000 -52.44647774
  .2750000000 -51.49392154
  .2800000000 -50.57303046
  .2850000000 -49.68371239
  .2900000000 -48.82955648
  .2950000000 -48.00149188
  .3000000000 -47.19819134
  .3050000000 -46.42741736
  .3100000000 -45.67814576
  .3150000000 -44.95070412
  .3200000000 -44.25079906
  .3250000000 -43.56860873
  .3300000000 -42.90835256
  .3350000000 -42.26884942
  .3400000000 -41.64398660
  .3450000000 -41.04340506
  .3500000000 -40.45551992
  .3550000000 -39.88645326
  .3600000000 -39.33239091
  .3650000000 -38.79270232
  .3700000000 -38.26954942
  .3750000000 -37.75733458
  .3800000000 -37.26244540
  .3850000000 -36.77595714
  .3900000000 -36.30692644
  .3950000000 -35.84455857
  .4000000000 -35.39919773
  .4050000000 -34.95947092
  .4100000000 -34.53578679
  .4150000000 -34.11733621
  .4200000000 -33.71351224
  .4250000000 -33.31507661
  .4300000000 -32.92945616
  .4350000000 -32.54986810
  .4400000000 -32.18093938
  .4450000000 -31.81911687
  .4500000000 -31.46549953
  .4550000000 -31.12043828
  .4600000000 -30.78087128
  .4650000000 -30.45163794
  .4700000000 -30.12592587
  .4750000000 -29.81069478
  .4800000000 -29.49971176
  .4850000000  .0023072909
  .4900000000  .0021074145
  .4950000000  .0018974972
  .5000000000  .0016773815
  .5050000000  .0014469197
  .5100000000  .0012059782
  .5150000000  .0009544412
  .5200000000  .0006922175
  .5250000000  .0004192475
  .5300000000  .0001355116
  .5350000000 -24.74390336
  .5400000000 -25.01320057
  .5450000000 -25.28775584
  .5500000000 -25.56998256
  .5550000000 -25.85593793
  .5600000000 -26.15185601
  .5650000000 -26.45115608
  .5700000000 -26.76066725
  .5750000000 -27.07472657
  .5800000000 -27.39842230
  .5850000000 -27.72814521
  .5900000000 -28.06730282
  .5950000000 -28.41366526
  .6000000000 -28.76968409
  .6050000000 -29.13374106
  .6100000000 -29.50815523
  .6150000000 -29.89104926
  .6200000000 -30.28554214
  .6250000000 -30.68851284
  .6300000000 -31.10493342
  .6350000000 -31.52932842
  .6400000000 -31.96970977
  .6450000000 -32.41848754
  .6500000000 -32.88357729
  .6550000000 -33.35984642
  .6600000000 -33.85060532
  .6650000000 -34.35698301
  .6700000000 -34.87526963
  .6750000000 -35.41464701
  .6800000000 -35.96753775
  .6850000000 -36.53807720
  .6900000000 -37.12908625
  .6950000000 -37.73648977
  .7000000000 -38.36596297
  .7050000000 -39.01755270
  .7100000000 -39.68902712
  .7150000000 -40.38524461
  .7200000000 -41.10812821
  .7250000000 -41.85513324
  .7300000000 -42.62786232
  .7350000000 -43.43433964
  .7400000000 -44.27067153
  .7450000000 -45.13827351
  .7500000000 -46.03929914
  .7550000000 -46.97877887
  .7600000000 -47.95918836
  .7650000000 -48.98034069
  .7700000000 -50.04514413
  .7750000000 -51.15675239
  .7800000000 -52.31858797
  .7850000000 -53.53436807
  .7900000000 -54.80813350
  .7950000000 -56.14428099
  .8000000000 -57.54759930
  .8050000000 -59.02330983
  .8100000000 -60.57711223
  .8150000000 -62.21523592
  .8200000000 -63.94449841
  .8250000000 -65.77237140
  .8300000000 -67.70705616
  .8350000000 -69.75756967
  .8400000000 -71.93384335
  .8450000000 -74.25705787
  .8500000000 -76.73388971
  .8550000000 -79.37590135
  .8600000000 -82.21329179
  .8650000000 -85.25735944
  .8700000000 -88.53617534
  .8750000000 -92.07568803
  .8800000000 -95.91464261
  .8850000000 -100.0804132
  .8900000000 -104.6256936
  .8950000000 -109.6097013
&
@ s5 color  3
@ s5 linestyle  1
@target s5
@type xy
  .4825092909 -10.000
  .4825092909  10.000
  .5317684037  10.000
  .5317684037 -10.000
&
@ s6 color  4
@ s6 linestyle  1
@ legend string 6 "(4)-(8)"
@target s6
@type xy
  .1000000000 -141.6039330
  .1050000000 -134.8590879
  .1100000000 -128.7339708
  .1150000000 -123.1410936
  .1200000000 -118.0099470
  .1250000000 -113.2826151
  .1300000000 -108.9331685
  .1350000000 -104.8920741
  .1400000000 -101.1523502
  .1450000000 -97.65927900
  .1500000000 -94.40728477
  .1550000000 -91.36335223
  .1600000000 -88.50512132
  .1650000000 -85.82158349
  .1700000000 -83.30071281
  .1750000000 -80.92190771
  .1800000000 -78.67412055
  .1850000000 -76.54730307
  .1900000000 -74.53230076
  .1950000000 -72.62076056
  .2000000000 -70.80504978
  .2050000000 -69.07818472
  .2100000000 -67.43376758
  .2150000000 -65.86593053
  .2200000000 -64.36928604
  .2250000000 -62.93888263
  .2300000000 -61.57016526
  .2350000000 -60.25893996
  .2400000000 -59.00134197
  .2450000000 -57.79775659
  .2500000000 -56.64363751
  .2550000000 -55.53347273
  .2600000000 -54.46440622
  .2650000000 -53.43379810
  .2700000000 -52.44647814
  .2750000000 -51.49392200
  .2800000000 -50.57303098
  .2850000000 -49.68371297
  .2900000000 -48.82955714
  .2950000000 -48.00149261
  .3000000000 -47.19819214
  .3050000000 -46.42741824
  .3100000000 -45.67814672
  .3150000000 -44.95070516
  .3200000000 -44.25080018
  .3250000000 -43.56860994
  .3300000000 -42.90835386
  .3350000000 -42.26885080
  .3400000000 -41.64398807
  .3450000000 -41.04340662
  .3500000000 -40.45552158
  .3550000000 -39.88645501
  .3600000000 -39.33239275
  .3650000000 -38.79270425
  .3700000000 -38.26955144
  .3750000000 -37.75733670
  .3800000000 -37.26244761
  .3850000000 -36.77595945
  .3900000000 -36.30692885
  .3950000000 -35.84456107
  .4000000000 -35.39920034
  .4050000000 -34.95947363
  .4100000000 -34.53578960
  .4150000000 -34.11733912
  .4200000000 -33.71351527
  .4250000000 -33.31507974
  .4300000000 -32.92945940
  .4350000000 -32.54987146
  .4400000000 -32.18094286
  .4450000000 -31.81912047
  .4500000000 -31.46550325
  .4550000000 -31.12044213
  .4600000000 -30.78087526
  .4650000000 -30.45164206
  .4700000000 -30.12593012
  .4750000000 -29.81069919
  .4800000000 -29.49971631
  .4850000000  .0023024715
  .4900000000  .0021024252
  .4950000000  .0018923333
  .5000000000  .0016720382
  .5050000000  .0014413925
  .5100000000  .0012002623
  .5150000000  .0009485321
  .5200000000  .0006861107
  .5250000000  .0004129386
  .5300000000  .0001289965
  .5350000000 -24.74391004
  .5400000000 -25.01320746
  .5450000000 -25.28776295
  .5500000000 -25.56998991
  .5550000000 -25.85594551
  .5600000000 -26.15186383
  .5650000000 -26.45116415
  .5700000000 -26.76067557
  .5750000000 -27.07473515
  .5800000000 -27.39843114
  .5850000000 -27.72815431
  .5900000000 -28.06731220
  .5950000000 -28.41367491
  .6000000000 -28.76969402
  .6050000000 -29.13375127
  .6100000000 -29.50816571
  .6150000000 -29.89106002
  .6200000000 -30.28555318
  .6250000000 -30.68852416
  .6300000000 -31.10494501
  .6350000000 -31.52934028
  .6400000000 -31.96972190
  .6450000000 -32.41849993
  .6500000000 -32.88358993
  .6550000000 -33.35985932
  .6600000000 -33.85061846
  .6650000000 -34.35699639
  .6700000000 -34.87528324
  .6750000000 -35.41466084
  .6800000000 -35.96755178
  .6850000000 -36.53809144
  .6900000000 -37.12910069
  .6950000000 -37.73650439
  .7000000000 -38.36597777
  .7050000000 -39.01756767
  .7100000000 -39.68904226
  .7150000000 -40.38525991
  .7200000000 -41.10814366
  .7250000000 -41.85514884
  .7300000000 -42.62787807
  .7350000000 -43.43435553
  .7400000000 -44.27068755
  .7450000000 -45.13828967
  .7500000000 -46.03931543
  .7550000000 -46.97879530
  .7600000000 -47.95920493
  .7650000000 -48.98035740
  .7700000000 -50.04516098
  .7750000000 -51.15676938
  .7800000000 -52.31860511
  .7850000000 -53.53438537
  .7900000000 -54.80815097
  .7950000000 -56.14429864
  .8000000000 -57.54761715
  .8050000000 -59.02332788
  .8100000000 -60.57713049
  .8150000000 -62.21525442
  .8200000000 -63.94451716
  .8250000000 -65.77239042
  .8300000000 -67.70707548
  .8350000000 -69.75758931
  .8400000000 -71.93386333
  .8450000000 -74.25707823
  .8500000000 -76.73391047
  .8550000000 -79.37592252
  .8600000000 -82.21331342
  .8650000000 -85.25738153
  .8700000000 -88.53619791
  .8750000000 -92.07571104
  .8800000000 -95.91466602
  .8850000000 -100.0804369
  .8900000000 -104.6257174
  .8950000000 -109.6097250
&
@ s7 color  4
@ s7 linestyle  1
@target s7
@type xy
  .4825092909 -10.000
  .4825092909  10.000
  .5317684037  10.000
  .5317684037 -10.000
&
@ s8 color  5
@ s8 linestyle  1
@ legend string 8 "(5)-(1)"
@target s8
@type xy
  .1000000000 -115.0889340
  .1050000000 -109.6097247
  .1100000000 -104.6257171
  .1150000000 -100.0804366
  .1200000000 -95.91466576
  .1250000000 -92.07571079
  .1300000000 -88.53619766
  .1350000000 -85.25738129
  .1400000000 -82.21331318
  .1450000000 -79.37592229
  .1500000000 -76.73391024
  .1550000000 -74.25707801
  .1600000000 -71.93386311
  .1650000000 -69.75758909
  .1700000000 -67.70707527
  .1750000000 -65.77239022
  .1800000000 -63.94451696
  .1850000000 -62.21525422
  .1900000000 -60.57713030
  .1950000000 -59.02332768
  .2000000000 -57.54761696
  .2050000000 -56.14429846
  .2100000000 -54.80815079
  .2150000000 -53.53438519
  .2200000000 -52.31860494
  .2250000000 -51.15676921
  .2300000000 -50.04516080
  .2350000000 -48.98035723
  .2400000000 -47.95920476
  .2450000000 -46.97879513
  .2500000000 -46.03931527
  .2550000000 -45.13828950
  .2600000000 -44.27068739
  .2650000000 -43.43435537
  .2700000000 -42.62787791
  .2750000000 -41.85514869
  .2800000000 -41.10814351
  .2850000000 -40.38525976
  .2900000000 -39.68904212
  .2950000000 -39.01756753
  .3000000000 -38.36597763
  .3050000000 -37.73650425
  .3100000000 -37.12910055
  .3150000000 -36.53809131
  .3200000000 -35.96755165
  .3250000000 -35.41466071
  .3300000000 -34.87528311
  .3350000000 -34.35699626
  .3400000000 -33.85061834
  .3450000000 -33.35985920
  .3500000000 -32.88358982
  .3550000000 -32.41849982
  .3600000000 -31.96972180
  .3650000000 -31.52934018
  .3700000000 -31.10494491
  .3750000000 -30.68852407
  .3800000000 -30.28555309
  .3850000000 -29.89105993
  .3900000000 -29.50816563
  .3950000000 -29.13375119
  .4000000000 -28.76969395
  .4050000000 -28.41367484
  .4100000000 -28.06731213
  .4150000000 -27.72815425
  .4200000000 -27.39843108
  .4250000000 -27.07473509
  .4300000000 -26.76067552
  .4350000000 -26.45116410
  .4400000000 -26.15186379
  .4450000000 -25.85594547
  .4500000000 -25.56998987
  .4550000000 -25.28776292
  .4600000000 -25.01320743
  .4650000000 -24.74391002
  .4700000000  .0001290396
  .4750000000  .0004129798
  .4800000000  .0006861498
  .4850000000  .0009485689
  .4900000000  .0012002967
  .4950000000  .0014414244
  .5000000000  .0016720674
  .5050000000  .0018923598
  .5100000000  .0021024491
  .5150000000  .0023024928
  .5200000000 -29.49971630
  .5250000000 -29.81069917
  .5300000000 -30.12593011
  .5350000000 -30.45164204
  .5400000000 -30.78087525
  .5450000000 -31.12044211
  .5500000000 -31.46550324
  .5550000000 -31.81912046
  .5600000000 -32.18094285
  .5650000000 -32.54987145
  .5700000000 -32.92945940
  .5750000000 -33.31507974
  .5800000000 -33.71351526
  .5850000000 -34.11733912
  .5900000000 -34.53578960
  .5950000000 -34.95947363
  .6000000000 -35.39920034
  .6050000000 -35.84456107
  .6100000000 -36.30692885
  .6150000000 -36.77595945
  .6200000000 -37.26244761
  .6250000000 -37.75733671
  .6300000000 -38.26955144
  .6350000000 -38.79270425
  .6400000000 -39.33239275
  .6450000000 -39.88645501
  .6500000000 -40.45552158
  .6550000000 -41.04340663
  .6600000000 -41.64398807
  .6650000000 -42.26885081
  .6700000000 -42.90835387
  .6750000000 -43.56860994
  .6800000000 -44.25080019
  .6850000000 -44.95070517
  .6900000000 -45.67814672
  .6950000000 -46.42741824
  .7000000000 -47.19819214
  .7050000000 -48.00149261
  .7100000000 -48.82955714
  .7150000000 -49.68371298
  .7200000000 -50.57303098
  .7250000000 -51.49392200
  .7300000000 -52.44647814
  .7350000000 -53.43379811
  .7400000000 -54.46440622
  .7450000000 -55.53347274
  .7500000000 -56.64363751
  .7550000000 -57.79775659
  .7600000000 -59.00134197
  .7650000000 -60.25893996
  .7700000000 -61.57016526
  .7750000000 -62.93888263
  .7800000000 -64.36928604
  .7850000000 -65.86593053
  .7900000000 -67.43376758
  .7950000000 -69.07818472
  .8000000000 -70.80504978
  .8050000000 -72.62076056
  .8100000000 -74.53230076
  .8150000000 -76.54730307
  .8200000000 -78.67412055
  .8250000000 -80.92190771
  .8300000000 -83.30071281
  .8350000000 -85.82158349
  .8400000000 -88.50512132
  .8450000000 -91.36335223
  .8500000000 -94.40728477
  .8550000000 -97.65927900
  .8600000000 -101.1523502
  .8650000000 -104.8920741
  .8700000000 -108.9331685
  .8750000000 -113.2826151
  .8800000000 -118.0099470
  .8850000000 -123.1410936
  .8900000000 -128.7339708
  .8950000000 -134.8590879
&
@ s9 color  5
@ s9 linestyle  1
@target s9
@type xy
  .4682315962 -10.000
  .4682315962  10.000
  .5174907090  10.000
  .5174907090 -10.000
&
@ s10 color  1
@ s10 linestyle  2
@ legend string 10 "(6)-(2)"
@target s10
@type xy
  .1000000000 -115.0889119
  .1050000000 -109.6097021
  .1100000000 -104.6256943
  .1150000000 -100.0804139
  .1200000000 -95.91464333
  .1250000000 -92.07568874
  .1300000000 -88.53617604
  .1350000000 -85.25736012
  .1400000000 -82.21329246
  .1450000000 -79.37590200
  .1500000000 -76.73389035
  .1550000000 -74.25705850
  .1600000000 -71.93384396
  .1650000000 -69.75757027
  .1700000000 -67.70705675
  .1750000000 -65.77237197
  .1800000000 -63.94449898
  .1850000000 -62.21523648
  .1900000000 -60.57711277
  .1950000000 -59.02331037
  .2000000000 -57.54759983
  .2050000000 -56.14428151
  .2100000000 -54.80813401
  .2150000000 -53.53436857
  .2200000000 -52.31858847
  .2250000000 -51.15675288
  .2300000000 -50.04514461
  .2350000000 -48.98034117
  .2400000000 -47.95918883
  .2450000000 -46.97877934
  .2500000000 -46.03929960
  .2550000000 -45.13827396
  .2600000000 -44.27067197
  .2650000000 -43.43434008
  .2700000000 -42.62786275
  .2750000000 -41.85513367
  .2800000000 -41.10812863
  .2850000000 -40.38524502
  .2900000000 -39.68902753
  .2950000000 -39.01755310
  .3000000000 -38.36596336
  .3050000000 -37.73649015
  .3100000000 -37.12908663
  .3150000000 -36.53807757
  .3200000000 -35.96753810
  .3250000000 -35.41464736
  .3300000000 -34.87526998
  .3350000000 -34.35698335
  .3400000000 -33.85060565
  .3450000000 -33.35984674
  .3500000000 -32.88357760
  .3550000000 -32.41848783
  .3600000000 -31.96971006
  .3650000000 -31.52932870
  .3700000000 -31.10493369
  .3750000000 -30.68851311
  .3800000000 -30.28554239
  .3850000000 -29.89104950
  .3900000000 -29.50815546
  .3950000000 -29.13374129
  .4000000000 -28.76968431
  .4050000000 -28.41366547
  .4100000000 -28.06730302
  .4150000000 -27.72814540
  .4200000000 -27.39842248
  .4250000000 -27.07472675
  .4300000000 -26.76066742
  .4350000000 -26.45115625
  .4400000000 -26.15185617
  .4450000000 -25.85593808
  .4500000000 -25.56998271
  .4550000000 -25.28775598
  .4600000000 -25.01320070
  .4650000000 -24.74390349
  .4700000000  .0001354117
  .4750000000  .0004191543
  .4800000000  .0006921306
  .4850000000  .0009543602
  .4900000000  .0012059026
  .4950000000  .0014468492
  .5000000000  .0016773156
  .5050000000  .0018974357
  .5100000000  .0021073571
  .5150000000  .0023072374
  .5200000000 -29.49971181
  .5250000000 -29.81069483
  .5300000000 -30.12592591
  .5350000000 -30.45163797
  .5400000000 -30.78087131
  .5450000000 -31.12043830
  .5500000000 -31.46549956
  .5550000000 -31.81911689
  .5600000000 -32.18093940
  .5650000000 -32.54986811
  .5700000000 -32.92945617
  .5750000000 -33.31507662
  .5800000000 -33.71351225
  .5850000000 -34.11733621
  .5900000000 -34.53578679
  .5950000000 -34.95947092
  .6000000000 -35.39919773
  .6050000000 -35.84455856
  .6100000000 -36.30692644
  .6150000000 -36.77595713
  .6200000000 -37.26244539
  .6250000000 -37.75733458
  .6300000000 -38.26954941
  .6350000000 -38.79270231
  .6400000000 -39.33239090
  .6450000000 -39.88645325
  .6500000000 -40.45551991
  .6550000000 -41.04340504
  .6600000000 -41.64398658
  .6650000000 -42.26884940
  .6700000000 -42.90835255
  .6750000000 -43.56860871
  .6800000000 -44.25079904
  .6850000000 -44.95070411
  .6900000000 -45.67814574
  .6950000000 -46.42741735
  .7000000000 -47.19819133
  .7050000000 -48.00149187
  .7100000000 -48.82955647
  .7150000000 -49.68371238
  .7200000000 -50.57303045
  .7250000000 -51.49392153
  .7300000000 -52.44647773
  .7350000000 -53.43379775
  .7400000000 -54.46440592
  .7450000000 -55.53347248
  .7500000000 -56.64363730
  .7550000000 -57.79775642
  .7600000000 -59.00134183
  .7650000000 -60.25893985
  .7700000000 -61.57016518
  .7750000000 -62.93888257
  .7800000000 -64.36928600
  .7850000000 -65.86593050
  .7900000000 -67.43376756
  .7950000000 -69.07818471
  .8000000000 -70.80504976
  .8050000000 -72.62076054
  .8100000000 -74.53230074
  .8150000000 -76.54730304
  .8200000000 -78.67412052
  .8250000000 -80.92190766
  .8300000000 -83.30071275
  .8350000000 -85.82158342
  .8400000000 -88.50512123
  .8450000000 -91.36335212
  .8500000000 -94.40728463
  .8550000000 -97.65927884
  .8600000000 -101.1523501
  .8650000000 -104.8920739
  .8700000000 -108.9331682
  .8750000000 -113.2826148
  .8800000000 -118.0099467
  .8850000000 -123.1410933
  .8900000000 -128.7339704
  .8950000000 -134.8590876
&
@ s11 color  1
@ s11 linestyle  2
@target s11
@type xy
  .4682315962 -10.000
  .4682315962  10.000
  .5174907090  10.000
  .5174907090 -10.000
&
@ s12 color  2
@ s12 linestyle  2
@ legend string 12 "(7)-(3)"
@target s12
@type xy
  .1000000000 -115.0889112
  .1050000000 -109.6097013
  .1100000000 -104.6256936
  .1150000000 -100.0804132
  .1200000000 -95.91464261
  .1250000000 -92.07568803
  .1300000000 -88.53617534
  .1350000000 -85.25735944
  .1400000000 -82.21329179
  .1450000000 -79.37590135
  .1500000000 -76.73388971
  .1550000000 -74.25705787
  .1600000000 -71.93384335
  .1650000000 -69.75756967
  .1700000000 -67.70705616
  .1750000000 -65.77237140
  .1800000000 -63.94449841
  .1850000000 -62.21523592
  .1900000000 -60.57711223
  .1950000000 -59.02330983
  .2000000000 -57.54759930
  .2050000000 -56.14428099
  .2100000000 -54.80813350
  .2150000000 -53.53436807
  .2200000000 -52.31858797
  .2250000000 -51.15675239
  .2300000000 -50.04514413
  .2350000000 -48.98034069
  .2400000000 -47.95918836
  .2450000000 -46.97877887
  .2500000000 -46.03929914
  .2550000000 -45.13827351
  .2600000000 -44.27067153
  .2650000000 -43.43433964
  .2700000000 -42.62786232
  .2750000000 -41.85513324
  .2800000000 -41.10812821
  .2850000000 -40.38524461
  .2900000000 -39.68902712
  .2950000000 -39.01755270
  .3000000000 -38.36596297
  .3050000000 -37.73648977
  .3100000000 -37.12908625
  .3150000000 -36.53807720
  .3200000000 -35.96753775
  .3250000000 -35.41464701
  .3300000000 -34.87526963
  .3350000000 -34.35698301
  .3400000000 -33.85060532
  .3450000000 -33.35984642
  .3500000000 -32.88357729
  .3550000000 -32.41848754
  .3600000000 -31.96970977
  .3650000000 -31.52932842
  .3700000000 -31.10493342
  .3750000000 -30.68851284
  .3800000000 -30.28554214
  .3850000000 -29.89104926
  .3900000000 -29.50815523
  .3950000000 -29.13374106
  .4000000000 -28.76968409
  .4050000000 -28.41366526
  .4100000000 -28.06730282
  .4150000000 -27.72814521
  .4200000000 -27.39842230
  .4250000000 -27.07472657
  .4300000000 -26.76066725
  .4350000000 -26.45115608
  .4400000000 -26.15185601
  .4450000000 -25.85593793
  .4500000000 -25.56998256
  .4550000000 -25.28775584
  .4600000000 -25.01320057
  .4650000000 -24.74390336
  .4700000000  .0001355116
  .4750000000  .0004192475
  .4800000000  .0006922175
  .4850000000  .0009544412
  .4900000000  .0012059782
  .4950000000  .0014469197
  .5000000000  .0016773815
  .5050000000  .0018974972
  .5100000000  .0021074145
  .5150000000  .0023072909
  .5200000000 -29.49971176
  .5250000000 -29.81069478
  .5300000000 -30.12592587
  .5350000000 -30.45163794
  .5400000000 -30.78087128
  .5450000000 -31.12043828
  .5500000000 -31.46549953
  .5550000000 -31.81911687
  .5600000000 -32.18093938
  .5650000000 -32.54986810
  .5700000000 -32.92945616
  .5750000000 -33.31507661
  .5800000000 -33.71351224
  .5850000000 -34.11733621
  .5900000000 -34.53578679
  .5950000000 -34.95947092
  .6000000000 -35.39919773
  .6050000000 -35.84455857
  .6100000000 -36.30692644
  .6150000000 -36.77595714
  .6200000000 -37.26244540
  .6250000000 -37.75733458
  .6300000000 -38.26954942
  .6350000000 -38.79270232
  .6400000000 -39.33239091
  .6450000000 -39.88645326
  .6500000000 -40.45551992
  .6550000000 -41.04340506
  .6600000000 -41.64398660
  .6650000000 -42.26884942
  .6700000000 -42.90835256
  .6750000000 -43.56860873
  .6800000000 -44.25079906
  .6850000000 -44.95070412
  .6900000000 -45.67814576
  .6950000000 -46.42741736
  .7000000000 -47.19819134
  .7050000000 -48.00149188
  .7100000000 -48.82955648
  .7150000000 -49.68371239
  .7200000000 -50.57303046
  .7250000000 -51.49392154
  .7300000000 -52.44647774
  .7350000000 -53.43379776
  .7400000000 -54.46440592
  .7450000000 -55.53347249
  .7500000000 -56.64363731
  .7550000000 -57.79775643
  .7600000000 -59.00134184
  .7650000000 -60.25893986
  .7700000000 -61.57016518
  .7750000000 -62.93888257
  .7800000000 -64.36928600
  .7850000000 -65.86593050
  .7900000000 -67.43376756
  .7950000000 -69.07818471
  .8000000000 -70.80504977
  .8050000000 -72.62076054
  .8100000000 -74.53230074
  .8150000000 -76.54730304
  .8200000000 -78.67412052
  .8250000000 -80.92190766
  .8300000000 -83.30071275
  .8350000000 -85.82158342
  .8400000000 -88.50512123
  .8450000000 -91.36335212
  .8500000000 -94.40728463
  .8550000000 -97.65927884
  .8600000000 -101.1523501
  .8650000000 -104.8920739
  .8700000000 -108.9331682
  .8750000000 -113.2826148
  .8800000000 -118.0099467
  .8850000000 -123.1410933
  .8900000000 -128.7339704
  .8950000000 -134.8590876
&
@ s13 color  2
@ s13 linestyle  2
@target s13
@type xy
  .4682315962 -10.000
  .4682315962  10.000
  .5174907090  10.000
  .5174907090 -10.000
&
@ s14 color  3
@ s14 linestyle  2
@ legend string 14 "(8)-(4)"
@target s14
@type xy
  .1000000000 -115.0889342
  .1050000000 -109.6097250
  .1100000000 -104.6257174
  .1150000000 -100.0804369
  .1200000000 -95.91466602
  .1250000000 -92.07571104
  .1300000000 -88.53619791
  .1350000000 -85.25738153
  .1400000000 -82.21331342
  .1450000000 -79.37592252
  .1500000000 -76.73391047
  .1550000000 -74.25707823
  .1600000000 -71.93386333
  .1650000000 -69.75758931
  .1700000000 -67.70707548
  .1750000000 -65.77239042
  .1800000000 -63.94451716
  .1850000000 -62.21525442
  .1900000000 -60.57713049
  .1950000000 -59.02332788
  .2000000000 -57.54761715
  .2050000000 -56.14429864
  .2100000000 -54.80815097
  .2150000000 -53.53438537
  .2200000000 -52.31860511
  .2250000000 -51.15676938
  .2300000000 -50.04516098
  .2350000000 -48.98035740
  .2400000000 -47.95920493
  .2450000000 -46.97879530
  .2500000000 -46.03931543
  .2550000000 -45.13828967
  .2600000000 -44.27068755
  .2650000000 -43.43435553
  .2700000000 -42.62787807
  .2750000000 -41.85514884
  .2800000000 -41.10814366
  .2850000000 -40.38525991
  .2900000000 -39.68904226
  .2950000000 -39.01756767
  .3000000000 -38.36597777
  .3050000000 -37.73650439
  .3100000000 -37.12910069
  .3150000000 -36.53809144
  .3200000000 -35.96755178
  .3250000000 -35.41466084
  .3300000000 -34.87528324
  .3350000000 -34.35699639
  .3400000000 -33.85061846
  .3450000000 -33.35985932
  .3500000000 -32.88358993
  .3550000000 -32.41849993
  .3600000000 -31.96972190
  .3650000000 -31.52934028
  .3700000000 -31.10494501
  .3750000000 -30.68852416
  .3800000000 -30.28555318
  .3850000000 -29.89106002
  .3900000000 -29.50816571
  .3950000000 -29.13375127
  .4000000000 -28.76969402
  .4050000000 -28.41367491
  .4100000000 -28.06731220
  .4150000000 -27.72815431
  .4200000000 -27.39843114
  .4250000000 -27.07473515
  .4300000000 -26.76067557
  .4350000000 -26.45116415
  .4400000000 -26.15186383
  .4450000000 -25.85594551
  .4500000000 -25.56998991
  .4550000000 -25.28776295
  .4600000000 -25.01320746
  .4650000000 -24.74391004
  .4700000000  .0001289965
  .4750000000  .0004129386
  .4800000000  .0006861107
  .4850000000  .0009485321
  .4900000000  .0012002623
  .4950000000  .0014413925
  .5000000000  .0016720382
  .5050000000  .0018923333
  .5100000000  .0021024252
  .5150000000  .0023024715
  .5200000000 -29.49971631
  .5250000000 -29.81069919
  .5300000000 -30.12593012
  .5350000000 -30.45164206
  .5400000000 -30.78087526
  .5450000000 -31.12044213
  .5500000000 -31.46550325
  .5550000000 -31.81912047
  .5600000000 -32.18094286
  .5650000000 -32.54987146
  .5700000000 -32.92945940
  .5750000000 -33.31507974
  .5800000000 -33.71351527
  .5850000000 -34.11733912
  .5900000000 -34.53578960
  .5950000000 -34.95947363
  .6000000000 -35.39920034
  .6050000000 -35.84456107
  .6100000000 -36.30692885
  .6150000000 -36.77595945
  .6200000000 -37.26244761
  .6250000000 -37.75733670
  .6300000000 -38.26955144
  .6350000000 -38.79270425
  .6400000000 -39.33239275
  .6450000000 -39.88645501
  .6500000000 -40.45552158
  .6550000000 -41.04340662
  .6600000000 -41.64398807
  .6650000000 -42.26885080
  .6700000000 -42.90835386
  .6750000000 -43.56860994
  .6800000000 -44.25080018
  .6850000000 -44.95070516
  .6900000000 -45.67814672
  .6950000000 -46.42741824
  .7000000000 -47.19819214
  .7050000000 -48.00149261
  .7100000000 -48.82955714
  .7150000000 -49.68371297
  .7200000000 -50.57303098
  .7250000000 -51.49392200
  .7300000000 -52.44647814
  .7350000000 -53.43379810
  .7400000000 -54.46440622
  .7450000000 -55.53347273
  .7500000000 -56.64363751
  .7550000000 -57.79775659
  .7600000000 -59.00134197
  .7650000000 -60.25893996
  .7700000000 -61.57016526
  .7750000000 -62.93888263
  .7800000000 -64.36928604
  .7850000000 -65.86593053
  .7900000000 -67.43376758
  .7950000000 -69.07818472
  .8000000000 -70.80504978
  .8050000000 -72.62076056
  .8100000000 -74.53230076
  .8150000000 -76.54730307
  .8200000000 -78.67412055
  .8250000000 -80.92190771
  .8300000000 -83.30071281
  .8350000000 -85.82158349
  .8400000000 -88.50512132
  .8450000000 -91.36335223
  .8500000000 -94.40728477
  .8550000000 -97.65927900
  .8600000000 -101.1523502
  .8650000000 -104.8920741
  .8700000000 -108.9331685
  .8750000000 -113.2826151
  .8800000000 -118.0099470
  .8850000000 -123.1410936
  .8900000000 -128.7339708
  .8950000000 -134.8590879
&
@ s15 color  3
@ s15 linestyle  2
@target s15
@type xy
  .4682315962 -10.000
  .4682315962  10.000
  .5174907090  10.000
  .5174907090 -10.000
&
