   1    1   -1    0    0    0.000028 -0.059976  0.049549
   1    1    1    0    0   -0.000028  0.059976 -0.049549
   1    1   -1    1    0   -0.061911 -0.036353 -0.040660
   1    1    0   -1    0    0.061962 -0.038884 -0.039827
   1    1    0    1    0   -0.061962  0.038884  0.039827
   1    1    1   -1    0    0.061911  0.036353  0.040660
   1    1   -2    1    0    0.001097  0.003591  0.000789
   1    1   -1   -1    0   -0.001113  0.003494  0.000727
   1    1    1    1    0    0.001113 -0.003494 -0.000727
   1    1    2   -1    0   -0.001097 -0.003591 -0.000789
   1    1   -1    2    0   -0.005900 -0.000534 -0.000258
   1    1    1   -2    0    0.005900  0.000534  0.000258
   1    1   -2    0    0    0.000001 -0.044307 -0.007853
   1    1    2    0    0   -0.000001  0.044307  0.007853
   1    1   -2    2    0   -0.032650 -0.026043 -0.009345
   1    1    0   -2    0    0.032620 -0.025894 -0.008296
   1    1    0    2    0   -0.032620  0.025894  0.008296
   1    1    2   -2    0    0.032650  0.026043  0.009345
   1    1   -3    1    0   -0.002759 -0.003813 -0.005738
   1    1   -2   -1    0    0.002753 -0.003773 -0.006156
   1    1    2    1    0   -0.002753  0.003773  0.006156
   1    1   -3    2    0   -0.001038 -0.005603  0.004597
   1    1    3   -1    0    0.002759  0.003813  0.005738
   1    1   -1   -2    0    0.001055 -0.004825  0.004834
   1    1    1    2    0   -0.001055  0.004825 -0.004834
   1    1    3   -2    0    0.001038  0.005603 -0.004597
   1    1   -2    3    0   -0.001016  0.003498  0.005019
   1    1   -1    3    0   -0.001024 -0.002869 -0.004868
   1    1    1   -3    0    0.001024  0.002869  0.004868
   1    1    2   -3    0    0.001016 -0.003498 -0.005019
   1    1   -3    0    0   -0.000006  0.019409  0.003661
   1    1    3    0    0    0.000006 -0.019409 -0.003661
