   5    6    0    0    0    0.005671 -0.000577 -0.001034
   5    6    0    0    1   -0.005648  0.000599 -0.001043
   5    7    0    0    0   -0.003334 -0.000725 -0.002679
   5    7    1    0    0   -0.003331  0.000728  0.002679
   5    8    0    0    0   -0.004659 -0.001697  0.002724
   5    8    0    1    0    0.004619 -0.001664 -0.002725
   5    6    0    1    0   -0.002428 -0.003113  0.000199
   5    6    0    1    1    0.002431  0.003128  0.000199
   5    7    0    0    1    0.003164  0.000725 -0.000533
   5    7    1    0    1    0.003165 -0.000725  0.000533
   5    8    1    0    0    0.001495 -0.002962 -0.000486
   5    8    1    1    0   -0.001493 -0.002928  0.000489
   5    6   -1    0    0    0.002596  0.003008 -0.000105
   5    6   -1    0    1   -0.002592 -0.003017 -0.000104
   5    7    0   -1    0   -0.002899 -0.000260  0.000366
   5    7    1   -1    0   -0.002897  0.000261 -0.000366
   5    8    0    0   -1   -0.001794  0.003710  0.000425
   5    8    0    1   -1    0.001802  0.003716 -0.000428
   5    5   -1    0    0   -0.000114  0.001054  0.000076
   5    5    0   -1    0   -0.000031 -0.001080 -0.000032
   5    5    0    0   -1   -0.000525  0.000867 -0.000050
   5    5    0    0    1   -0.000525  0.000867 -0.000050
   5    5    0    1    0   -0.000031 -0.001080 -0.000032
   5    5    1    0    0   -0.000114  0.001054  0.000076
   5    6   -1    1    0   -0.004311  0.001470  0.000101
   5    6   -1    1    1    0.004352 -0.001538  0.000102
   5    7    0   -1    1    0.002027  0.004586  0.000320
   5    7    1   -1    1    0.002027 -0.004585 -0.000320
   5    8    1    0   -1   -0.002081 -0.000428 -0.000139
   5    8    1    1   -1    0.002041 -0.000431  0.000140
   5    6    1    0    0   -0.000462 -0.000683 -0.000077
   5    6    1    0    1    0.000478  0.000678 -0.000076
   5    7    0    1    0    0.000374  0.000351  0.000149
   5    7    1    1    0    0.000374 -0.000350 -0.000149
   5    8    0    0    1    0.000856 -0.000462  0.000088
   5    8    0    1    1   -0.000872 -0.000466 -0.000089
   5    6    0   -1    0   -0.000598  0.001211 -0.000143
   5    6    0   -1    1    0.000607 -0.001210 -0.000142
   5    7    0    0   -1   -0.000753  0.000248 -0.000086
   5    7    1    0   -1   -0.000753 -0.000248  0.000086
   5    8   -1    0    0   -0.000953  0.000597 -0.000164
   5    8   -1    1    0    0.000941  0.000601  0.000163
   5    5   -1   -1    0   -0.000497 -0.001119 -0.000145
   5    5   -1    0   -1    0.000834 -0.001309  0.000095
   5    5   -1    0    1   -0.000436  0.000574  0.000008
   5    5   -1    1    0   -0.000711  0.000194  0.000324
   5    5    0   -1   -1    0.000803  0.000384 -0.000033
   5    5    0   -1    1   -0.000122  0.000511 -0.000143
   5    5    0    1   -1   -0.000122  0.000511 -0.000143
   5    5    0    1    1    0.000803  0.000384 -0.000033
   5    5    1   -1    0   -0.000711  0.000194  0.000324
   5    5    1    0   -1   -0.000436  0.000574  0.000008
   5    5    1    0    1    0.000834 -0.001309  0.000095
   5    5    1    1    0   -0.000497 -0.001119 -0.000145
   5    6    1    1    0   -0.000669 -0.000184 -0.000155
   5    6    1    1    1    0.000664  0.000173 -0.000155
   5    7    0    1    1   -0.001852  0.000787 -0.000076
   5    7    1    1    1   -0.001853 -0.000787  0.000076
   5    8    1    0    1    0.000033  0.001456  0.000077
   5    8    1    1    1   -0.000031  0.001461 -0.000076
   5    6    0    0   -1    0.002373 -0.002388 -0.000100
   5    7   -1    0    0    0.000461 -0.002257 -0.000017
   5    7    2    0    0    0.000460  0.002257  0.000017
   5    8    0   -1    0    0.002297 -0.000022  0.000024
   5    8    0    2    0   -0.002299 -0.000028 -0.000024
   5    6    0    0    2   -0.002370  0.002383 -0.000099
   5    6   -1   -1    0   -0.000545  0.000178 -0.000163
   5    6   -1   -1    1    0.000542 -0.000173 -0.000165
   5    7    0   -1   -1    0.000645  0.000610 -0.000028
   5    7    1   -1   -1    0.000645 -0.000610  0.000029
   5    8   -1    0   -1   -0.000289 -0.001055  0.000097
   5    8   -1    1   -1    0.000288 -0.001065 -0.000097
   5    6    0    1   -1    0.000289  0.000306 -0.000009
   5    7   -1    0    1    0.000133 -0.000317  0.000030
   5    8    1   -1    0   -0.000200 -0.000301  0.000050
   5    6    0    1    2   -0.000288 -0.000307 -0.000008
   5    7    2    0    1    0.000133  0.000317 -0.000030
   5    8    1    2    0    0.000198 -0.000300 -0.000048
   5    6   -1    0   -1   -0.000446 -0.000460 -0.000052
   5    7   -1   -1    0   -0.000226  0.000438 -0.000015
   5    8    0   -1   -1    0.000317  0.000051  0.000027
   5    6   -1    0    2    0.000450  0.000451 -0.000051
   5    7    2   -1    0   -0.000227 -0.000438  0.000015
   5    8    0    2   -1   -0.000318  0.000053 -0.000027
   5    5   -1   -1   -1    0.000181 -0.000106 -0.000064
   5    5   -1   -1    1   -0.001209 -0.000468 -0.000010
   5    5   -1    1   -1    0.000586  0.000023 -0.000061
   5    5   -1    1    1    0.000134  0.001241 -0.000074
   5    5    1   -1   -1    0.000134  0.001241 -0.000074
   5    5    1   -1    1    0.000586  0.000023 -0.000061
   5    5    1    1   -1   -0.001209 -0.000468 -0.000010
   5    5    1    1    1    0.000181 -0.000106 -0.000064
   5    6    0    2    0   -0.000435  0.000260 -0.000046
   5    6    0    2    1    0.000437 -0.000261 -0.000046
   5    7    0    0    2   -0.000068  0.000490  0.000037
   5    7    1    0    2   -0.000068 -0.000490 -0.000037
   5    8    2    0    0   -0.000095  0.000139 -0.000116
   5    8    2    1    0    0.000092  0.000140  0.000117
   5    6   -1    1   -1    0.000095  0.000339  0.000015
   5    6   -1    1    2   -0.000100 -0.000339  0.000016
   5    6    1   -1    0    0.000009  0.000099  0.000063
   5    6    1   -1    1   -0.000009 -0.000097  0.000063
   5    7   -1   -1    1    0.000022  0.000051  0.000036
   5    7    0    1   -1    0.000171 -0.000074 -0.000017
   5    7    1    1   -1    0.000171  0.000074  0.000017
   5    7    2   -1    1    0.000022 -0.000051 -0.000036
   5    8   -1    0    1    0.000026 -0.000127  0.000024
   5    8   -1    1    1   -0.000027 -0.000127 -0.000024
   5    8    1   -1   -1   -0.000321 -0.000062 -0.000050
   5    8    1    2   -1    0.000322 -0.000062  0.000051
   5    8    0    0   -2   -0.000212 -0.000043  0.000016
   5    8    0    1   -2    0.000210 -0.000039 -0.000016
   5    6   -2    0    0   -0.000277  0.000209 -0.000017
   5    6   -2    0    1    0.000276 -0.000205 -0.000017
   5    7    0   -2    0   -0.000013  0.000103  0.000151
   5    7    1   -2    0   -0.000013 -0.000103 -0.000151
   5    6    1    0   -1    0.000541  0.000064 -0.000019
   5    6    1    0    2   -0.000539 -0.000065 -0.000019
   5    7   -1    1    0    0.000471 -0.000508 -0.000010
   5    7    0   -1    2   -0.000034  0.000460 -0.000026
   5    7    1   -1    2   -0.000034 -0.000460  0.000026
   5    7    2    1    0    0.000471  0.000508  0.000010
   5    8    0   -1    1   -0.000156 -0.000309  0.000020
   5    8    0    2    1    0.000155 -0.000309 -0.000020
   5    8    2    0   -1   -0.000624 -0.000152 -0.000010
   5    8    2    1   -1    0.000623 -0.000164  0.000010
   5    6   -1    2    0   -0.000310  0.000670 -0.000007
   5    6   -1    2    1    0.000307 -0.000672 -0.000006
   5    6   -2    1    0   -0.000257  0.000788  0.000003
   5    6   -2    1    1    0.000256 -0.000780  0.000003
   5    6    0   -1   -1    0.000460 -0.000415  0.000003
   5    6    0   -1    2   -0.000461  0.000414  0.000003
   5    7   -1    0   -1   -0.000193 -0.000357 -0.000045
   5    7    0   -2    1   -0.000264  0.000234  0.000015
   5    7    1   -2    1   -0.000265 -0.000234 -0.000015
   5    7    2    0   -1   -0.000193  0.000357  0.000045
   5    8   -1   -1    0    0.000471  0.000182 -0.000025
   5    8   -1    2    0   -0.000472  0.000183  0.000025
   5    8    1    0   -2   -0.001011  0.000001  0.000005
   5    8    1    1   -2    0.001012  0.000006 -0.000004
   5    5   -2    0    0    0.000119 -0.000039 -0.000068
   5    5    0   -2    0   -0.000241 -0.000120 -0.000007
   5    5    0    0   -2    0.000049  0.000294  0.000069
   5    5    0    0    2    0.000049  0.000294  0.000069
   5    5    0    2    0   -0.000241 -0.000120 -0.000007
   5    5    2    0    0    0.000119 -0.000039 -0.000068
   5    6    1    1   -1    0.000185 -0.000237 -0.000068
   5    6    1    1    2   -0.000183  0.000241 -0.000068
   5    7   -1    1    1   -0.000376 -0.000106 -0.000009
   5    7    2    1    1   -0.000376  0.000106  0.000009
   5    8    1   -1    1    0.000145  0.000383 -0.000054
   5    8    1    2    1   -0.000141  0.000381  0.000053
   5    6   -1   -1   -1    0.000556  0.000144 -0.000021
   5    7   -1   -1   -1    0.000308 -0.000479  0.000010
   5    8   -1   -1   -1   -0.000182 -0.000281  0.000023
   5    8   -1    2   -1    0.000181 -0.000279 -0.000023
   5    6   -1   -1    2   -0.000557 -0.000142 -0.000021
   5    7    2   -1   -1    0.000308  0.000479 -0.000010
   5    6    1    2    0   -0.000003 -0.000159  0.000001
   5    6    1    2    1    0.000003  0.000161  0.000001
   5    7    0    1    2   -0.000127 -0.000029  0.000009
   5    7    1    1    2   -0.000127  0.000029 -0.000009
   5    8    2    0    1    0.000144  0.000091 -0.000034
   5    8    2    1    1   -0.000142  0.000092  0.000034
   5    6   -2   -1    0    0.000090 -0.000106 -0.000000
   5    6   -2   -1    1   -0.000093  0.000107 -0.000000
   5    7    0   -2   -1   -0.000077 -0.000090  0.000017
   5    7    1   -2   -1   -0.000077  0.000090 -0.000017
   5    8   -1    0   -2    0.000094  0.000051  0.000004
   5    8   -1    1   -2   -0.000095  0.000050 -0.000004
   5    5   -2   -1    0   -0.000183 -0.000052  0.000007
   5    5   -2    0   -1    0.000047 -0.000022  0.000001
   5    5   -2    0    1    0.000199 -0.000178 -0.000008
   5    5   -2    1    0   -0.000226  0.000043  0.000069
   5    5   -1   -2    0   -0.000196 -0.000044  0.000006
   5    5   -1    0   -2    0.000097 -0.000035 -0.000023
   5    5   -1    0    2   -0.000026  0.000112  0.000004
   5    5   -1    2    0   -0.000020 -0.000191  0.000044
   5    5    0   -2   -1    0.000127  0.000163  0.000000
   5    5    0   -2    1   -0.000063  0.000246  0.000015
   5    5    0   -1   -2    0.000105  0.000224 -0.000051
   5    5    0   -1    2    0.000254 -0.000001 -0.000007
   5    5    0    1   -2    0.000254 -0.000001 -0.000007
   5    5    0    1    2    0.000105  0.000224 -0.000051
   5    5    0    2   -1   -0.000063  0.000246  0.000015
   5    5    0    2    1    0.000127  0.000163  0.000000
   5    5    1   -2    0   -0.000020 -0.000191  0.000044
   5    5    1    0   -2   -0.000026  0.000112  0.000004
   5    5    1    0    2    0.000097 -0.000035 -0.000023
   5    5    1    2    0   -0.000196 -0.000044  0.000006
   5    5    2   -1    0   -0.000226  0.000043  0.000069
   5    5    2    0   -1    0.000199 -0.000178 -0.000008
   5    5    2    0    1    0.000047 -0.000022  0.000001
   5    5    2    1    0   -0.000183 -0.000052  0.000007
   5    6    0    2   -1    0.000119 -0.000123 -0.000015
   5    6    0    2    2   -0.000121  0.000123 -0.000015
   5    6    2    0    0    0.000040 -0.000104  0.000023
   5    6    2    0    1   -0.000042  0.000107  0.000023
   5    7   -1    0    2   -0.000065 -0.000111  0.000011
   5    7    0    2    0   -0.000040 -0.000008  0.000029
   5    7    1    2    0   -0.000039  0.000007 -0.000029
   5    7    2    0    2   -0.000065  0.000111 -0.000011
   5    8    0    0    2    0.000081  0.000007  0.000006
   5    8    0    1    2   -0.000079  0.000007 -0.000006
   5    8    2   -1    0    0.000101  0.000081 -0.000051
   5    8    2    2    0   -0.000101  0.000079  0.000050
   5    6    1   -1   -1   -0.000071  0.000184 -0.000002
   5    6    1   -1    2    0.000071 -0.000187 -0.000002
   5    7   -1    1   -1   -0.000063 -0.000059  0.000023
   5    7    2    1   -1   -0.000063  0.000059 -0.000023
   5    8   -1   -1    1   -0.000099 -0.000085 -0.000011
   5    8   -1    2    1    0.000098 -0.000086  0.000011
   5    6   -2    0   -1    0.000044 -0.000007 -0.000012
   5    6   -2    0    2   -0.000043  0.000008 -0.000012
   5    6    0   -2    0    0.000186 -0.000025  0.000023
   5    6    0   -2    1   -0.000187  0.000025  0.000023
   5    7   -1   -2    0   -0.000033 -0.000033  0.000055
   5    7    0    0   -2    0.000035 -0.000205 -0.000002
   5    7    1    0   -2    0.000035  0.000205  0.000002
   5    7    2   -2    0   -0.000033  0.000033 -0.000055
   5    8   -2    0    0    0.000041 -0.000073 -0.000026
   5    8   -2    1    0   -0.000040 -0.000072  0.000027
   5    8    0   -1   -2    0.000008  0.000048 -0.000020
   5    8    0    2   -2   -0.000008  0.000049  0.000019
   5    6    2    1    0    0.000042 -0.000056  0.000005
   5    6    2    1    1   -0.000043  0.000056  0.000005
   5    7    0    2    1    0.000085 -0.000070 -0.000003
   5    7    1    2    1    0.000085  0.000070  0.000003
   5    8    1    0    2    0.000066 -0.000130 -0.000023
   5    8    1    1    2   -0.000067 -0.000130  0.000022
   5    6   -1    2   -1   -0.000013 -0.000016 -0.000002
   5    6   -1    2    2    0.000010  0.000016 -0.000002
   5    7   -1   -1    2   -0.000145 -0.000030 -0.000023
   5    7    2   -1    2   -0.000144  0.000030  0.000023
   5    8    2   -1   -1    0.000078  0.000152  0.000024
   5    8    2    2   -1   -0.000079  0.000152 -0.000024
   5    6   -2    1   -1    0.000091 -0.000017  0.000002
   5    6   -2    1    2   -0.000090  0.000019  0.000002
   5    7   -1   -2    1    0.000022 -0.000126 -0.000009
   5    8    1   -1   -2    0.000033 -0.000019  0.000028
   5    8    1    2   -2   -0.000032 -0.000019 -0.000028
   5    7    2   -2    1    0.000022  0.000126  0.000009
   5    6   -1   -2    0    0.000188 -0.000017 -0.000004
   5    6   -1   -2    1   -0.000189  0.000017 -0.000004
   5    7    0   -1   -2   -0.000118 -0.000190  0.000002
   5    7    1   -1   -2   -0.000118  0.000190 -0.000002
   5    8   -2    0   -1   -0.000009  0.000103  0.000008
   5    8   -2    1   -1    0.000010  0.000105 -0.000008
   5    5   -2   -1   -1   -0.000037  0.000064  0.000030
   5    5   -2   -1    1   -0.000079 -0.000274  0.000005
   5    5   -2    1   -1    0.000049  0.000248 -0.000006
   5    5   -2    1    1   -0.000031 -0.000095  0.000014
   5    5   -1   -2   -1   -0.000023  0.000049  0.000017
   5    5   -1   -2    1   -0.000157 -0.000105  0.000003
   5    5   -1   -1   -2   -0.000061  0.000072  0.000040
   5    5   -1   -1    2    0.000058 -0.000053  0.000022
   5    5   -1    1   -2    0.000250 -0.000148  0.000021
   5    5   -1    1    2   -0.000217  0.000167  0.000031
   5    5   -1    2   -1    0.000022  0.000042  0.000021
   5    5   -1    2    1    0.000183  0.000061 -0.000019
   5    5    1   -2   -1    0.000183  0.000061 -0.000019
   5    5    1   -2    1    0.000022  0.000042  0.000021
   5    5    1   -1   -2   -0.000217  0.000167  0.000031
   5    5    1   -1    2    0.000250 -0.000148  0.000021
   5    5    1    1   -2    0.000058 -0.000053  0.000022
   5    5    1    1    2   -0.000061  0.000072  0.000040
   5    5    1    2   -1   -0.000157 -0.000105  0.000003
   5    5    1    2    1   -0.000023  0.000049  0.000017
   5    5    2   -1   -1   -0.000031 -0.000095  0.000014
   5    5    2   -1    1    0.000049  0.000248 -0.000006
   5    5    2    1   -1   -0.000079 -0.000274  0.000005
   5    5    2    1    1   -0.000037  0.000064  0.000030
   5    6    0    0   -2   -0.000028  0.000023  0.000009
   5    6   -2    2    0   -0.000242  0.000151 -0.000034
   5    6   -2    2    1    0.000242 -0.000151 -0.000033
   5    6    0    0    3    0.000026 -0.000023  0.000009
   5    7   -2    0    0   -0.000058  0.000028  0.000003
   5    7    0   -2    2    0.000027  0.000237 -0.000019
   5    7    1   -2    2    0.000027 -0.000237  0.000019
   5    7    3    0    0   -0.000058 -0.000028 -0.000003
   5    8    0   -2    0   -0.000025  0.000078 -0.000011
   5    8    0    3    0    0.000026  0.000078  0.000011
   5    8    2    0   -2   -0.000132 -0.000019  0.000008
   5    8    2    1   -2    0.000132 -0.000020 -0.000008
   5    6    1    2   -1   -0.000068  0.000012  0.000007
   5    6    1    2    2    0.000069 -0.000010  0.000007
   5    7   -1    1    2    0.000025  0.000048  0.000027
   5    7    2    1    2    0.000025 -0.000048 -0.000027
   5    8    2   -1    1   -0.000008 -0.000033 -0.000012
   5    8    2    2    1    0.000008 -0.000032  0.000011
   5    6    0    1   -2    0.000018 -0.000059 -0.000005
   5    7   -2    0    1   -0.000038 -0.000036  0.000010
   5    8   -1    0    2    0.000007  0.000047  0.000008
   5    8   -1    1    2   -0.000007  0.000046 -0.000008
   5    6    0    1    3   -0.000018  0.000057 -0.000005
   5    6    2   -1    0    0.000009  0.000002  0.000027
   5    6    2   -1    1   -0.000007 -0.000003  0.000027
   5    7    0    2   -1   -0.000073  0.000008  0.000006
   5    7    1    2   -1   -0.000073 -0.000007 -0.000006
   5    7    3    0    1   -0.000038  0.000036 -0.000010
   5    8    1   -2    0    0.000037  0.000085 -0.000012
   5    8    1    3    0   -0.000038  0.000085  0.000012
   5    6   -1    0   -2    0.000097  0.000068 -0.000003
   5    6    1   -2    0   -0.000004  0.000009  0.000020
   5    6    1   -2    1    0.000005 -0.000010  0.000020
   5    7   -2   -1    0    0.000062 -0.000080  0.000022
   5    7    0    1   -2   -0.000054 -0.000006 -0.000008
   5    7    1    1   -2   -0.000054  0.000006  0.000008
   5    8   -2    0    1   -0.000017  0.000026 -0.000004
   5    8   -2    1    1    0.000017  0.000025  0.000004
   5    6   -1    0    3   -0.000096 -0.000066 -0.000003
   5    7    3   -1    0    0.000062  0.000080 -0.000022
   5    8    0   -2   -1   -0.000051 -0.000031 -0.000018
   5    8    0    3   -1    0.000051 -0.000031  0.000018
   5    6   -2   -1   -1   -0.000056  0.000024  0.000002
   5    6   -2   -1    2    0.000057 -0.000025  0.000002
   5    7   -1   -2   -1   -0.000041  0.000050  0.000003
   5    7    2   -2   -1   -0.000041 -0.000050 -0.000003
   5    8   -1   -1   -2   -0.000013  0.000020 -0.000021
   5    8   -1    2   -2    0.000013  0.000020  0.000021
   5    6    2    0   -1    0.000022  0.000024  0.000002
   5    8    0   -1    2   -0.000014  0.000016  0.000009
   5    6    2    0    2   -0.000023 -0.000024  0.000002
   5    7   -1    2    0   -0.000029  0.000003  0.000025
   5    7    2    2    0   -0.000029 -0.000003 -0.000025
   5    8    0    2    2    0.000015  0.000016 -0.000009
   5    6   -1    1   -2    0.000128 -0.000127  0.000007
   5    7   -2   -1    1   -0.000003 -0.000123 -0.000008
   5    8    1   -2   -1    0.000115  0.000005  0.000020
   5    6   -1    1    3   -0.000129  0.000128  0.000007
   5    7    3   -1    1   -0.000003  0.000123  0.000008
   5    8    1    3   -1   -0.000113  0.000006 -0.000020
   5    6    0   -2   -1    0.000014 -0.000060 -0.000005
   5    6    0   -2    2   -0.000015  0.000059 -0.000005
   5    7   -1    0   -2    0.000023 -0.000033 -0.000002
   5    7    2    0   -2    0.000022  0.000033  0.000002
   5    8   -2   -1    0    0.000036 -0.000051 -0.000023
   5    8   -2    2    0   -0.000035 -0.000052  0.000022
   5    6    2    1   -1   -0.000019  0.000012  0.000011
   5    6    2    1    2    0.000020 -0.000011  0.000011
   5    7   -1    2    1    0.000058  0.000007  0.000017
   5    7    2    2    1    0.000058 -0.000007 -0.000017
   5    8    1   -1    2   -0.000007 -0.000038 -0.000006
   5    8    1    2    2    0.000007 -0.000038  0.000006
   5    6    0    3    0    0.000049 -0.000079  0.000004
   5    6    0    3    1   -0.000049  0.000079  0.000004
   5    7    0    0    3   -0.000012 -0.000066  0.000007
   5    7    1    0    3   -0.000012  0.000066 -0.000007
   5    8    3    0    0    0.000073 -0.000008  0.000013
   5    8    3    1    0   -0.000072 -0.000007 -0.000013
   5    6    1    0   -2    0.000025  0.000068  0.000015
   5    7   -2    1    0    0.000008 -0.000009  0.000022
   5    8    0   -2    1   -0.000051 -0.000007  0.000014
   5    6    1    0    3   -0.000025 -0.000068  0.000015
   5    7    3    1    0    0.000008  0.000009 -0.000022
   5    8    0    3    1    0.000051 -0.000008 -0.000013
   5    6    0   -1   -2    0.000020 -0.000066 -0.000003
   5    7   -2    0   -1   -0.000032 -0.000035 -0.000006
   5    6    0   -1    3   -0.000020  0.000066 -0.000003
   5    7    3    0   -1   -0.000032  0.000035  0.000006
   5    8   -1   -2    0    0.000053  0.000056 -0.000028
   5    8   -1    3    0   -0.000052  0.000057  0.000028
   5    6   -3    0    0    0.000038 -0.000041 -0.000005
   5    6   -3    0    1   -0.000037  0.000040 -0.000005
   5    6   -1   -2   -1    0.000015  0.000009  0.000010
   5    6   -1   -2    2   -0.000015 -0.000008  0.000010
   5    7   -1   -1   -2   -0.000025 -0.000023  0.000006
   5    7    2   -1   -2   -0.000025  0.000023 -0.000006
   5    8   -2   -1   -1    0.000009  0.000037 -0.000013
   5    8   -2    2   -1   -0.000009  0.000037  0.000013
   5    8    0    0   -3    0.000046  0.000013 -0.000008
   5    8    0    1   -3   -0.000047  0.000013  0.000008
   5    7    0   -3    0   -0.000007 -0.000013 -0.000022
   5    7    1   -3    0   -0.000006  0.000013  0.000022
   5    5   -2   -2    0    0.000014 -0.000027  0.000027
   5    5   -2    0   -2    0.000016  0.000007  0.000010
   5    5   -2    0    2    0.000013  0.000013 -0.000007
   5    5   -2    2    0    0.000007 -0.000028 -0.000026
   5    5    0   -2   -2   -0.000007 -0.000012  0.000020
   5    5    0   -2    2    0.000000 -0.000010 -0.000005
   5    5    0    2   -2    0.000000 -0.000010 -0.000005
   5    5    0    2    2   -0.000007 -0.000012  0.000020
   5    5    2   -2    0    0.000007 -0.000028 -0.000026
   5    5    2    0   -2    0.000013  0.000013 -0.000007
   5    5    2    0    2    0.000016  0.000007  0.000010
   5    5    2    2    0    0.000014 -0.000027  0.000027
   5    6    2    2    0   -0.000005  0.000003  0.000022
   5    6    2    2    1    0.000006 -0.000003  0.000022
   5    7    0    2    2   -0.000037  0.000011  0.000010
   5    7    1    2    2   -0.000037 -0.000011 -0.000010
   5    8    2    0    2   -0.000018  0.000033 -0.000007
   5    8    2    1    2    0.000018  0.000032  0.000007
   5    6    1    1   -2   -0.000026 -0.000019 -0.000003
   5    7   -2    1    1   -0.000008  0.000009  0.000019
   5    6   -1    3    0    0.000030 -0.000008 -0.000001
   5    6   -1    3    1   -0.000030  0.000008 -0.000001
   5    6    1    1    3    0.000025  0.000020 -0.000004
   5    7    0   -1    3    0.000014 -0.000050 -0.000003
   5    7    1   -1    3    0.000014  0.000050  0.000003
   5    7    3    1    1   -0.000008 -0.000009 -0.000019
   5    8    1   -2    1    0.000022 -0.000016  0.000007
   5    8    1    3    1   -0.000022 -0.000016 -0.000007
   5    8    3    0   -1   -0.000015 -0.000011 -0.000005
   5    8    3    1   -1    0.000016 -0.000008  0.000005
   5    6   -2    2   -1   -0.000108  0.000184 -0.000002
   5    6   -2    2    2    0.000108 -0.000184 -0.000002
   5    7   -1   -2    2   -0.000009  0.000122  0.000003
   5    7    2   -2    2   -0.000009 -0.000122 -0.000003
   5    8    2   -1   -2   -0.000192  0.000005  0.000004
   5    8    2    2   -2    0.000192  0.000005 -0.000004
   5    6   -1   -1   -2    0.000005  0.000019  0.000005
   5    7   -2   -1   -1   -0.000003 -0.000021  0.000001
   5    6   -3    1    0   -0.000004 -0.000120  0.000010
   5    6   -3    1    1    0.000003  0.000119  0.000010
   5    6   -1   -1    3   -0.000004 -0.000019  0.000005
   5    8   -1   -2   -1   -0.000007  0.000003 -0.000016
   5    8    1    0   -3    0.000135 -0.000038  0.000003
   5    8    1    1   -3   -0.000134 -0.000038 -0.000004
   5    7    0   -3    1    0.000037  0.000009  0.000005
   5    7    1   -3    1    0.000037 -0.000009 -0.000005
   5    7    3   -1   -1   -0.000003  0.000021 -0.000001
   5    8   -1    3   -1    0.000007  0.000004  0.000016
   5    6   -2   -2    0    0.000017 -0.000005  0.000016
   5    6   -2   -2    1   -0.000017  0.000005  0.000016
   5    7    0   -2   -2   -0.000029 -0.000017 -0.000003
   5    7    1   -2   -2   -0.000029  0.000017  0.000003
   5    8   -2    0   -2    0.000018  0.000025 -0.000007
   5    8   -2    1   -2   -0.000018  0.000025  0.000007
   5    8   -1   -1    2    0.000096  0.000074 -0.000004
   5    8   -1    2    2   -0.000095  0.000074  0.000004
   5    6    2   -1   -1    0.000046 -0.000084  0.000007
   5    6    2   -1    2   -0.000047  0.000085  0.000007
   5    7   -1    2   -1   -0.000061 -0.000037  0.000001
   5    7    2    2   -1   -0.000062  0.000037 -0.000001
   5    6    1   -2   -1    0.000098 -0.000022  0.000009
   5    6    1   -2    2   -0.000099  0.000023  0.000009
   5    7   -1    1   -2    0.000063 -0.000104  0.000009
   5    7    2    1   -2    0.000063  0.000104 -0.000009
   5    8   -2   -1    1    0.000008 -0.000052 -0.000001
   5    8   -2    2    1   -0.000006 -0.000053  0.000001
   5    5   -2   -2   -1    0.000012  0.000027  0.000014
   5    5   -2   -2    1   -0.000052 -0.000065 -0.000018
   5    5   -2   -1   -2   -0.000022 -0.000001  0.000010
   5    5   -2   -1    2    0.000064  0.000018 -0.000011
   5    5   -2    1   -2    0.000068  0.000013 -0.000006
   5    5   -2    1    2   -0.000042 -0.000029 -0.000005
   5    5   -2    2   -1   -0.000034  0.000048 -0.000000
   5    5   -2    2    1    0.000016 -0.000061 -0.000014
   5    5   -1   -2   -2    0.000019 -0.000021  0.000005
   5    5   -1   -2    2    0.000021  0.000047 -0.000002
   5    5   -1    2   -2   -0.000019 -0.000000 -0.000007
   5    5   -1    2    2   -0.000005  0.000049 -0.000004
   5    5    1   -2   -2   -0.000005  0.000049 -0.000004
   5    5    1   -2    2   -0.000019 -0.000000 -0.000007
   5    5    1    2   -2    0.000021  0.000047 -0.000002
   5    5    1    2    2    0.000019 -0.000021  0.000005
   5    5    2   -2   -1    0.000016 -0.000061 -0.000014
   5    5    2   -2    1   -0.000034  0.000048 -0.000000
   5    5    2   -1   -2   -0.000042 -0.000029 -0.000005
   5    5    2   -1    2    0.000068  0.000013 -0.000006
   5    5    2    1   -2    0.000064  0.000018 -0.000011
   5    5    2    1    2   -0.000022 -0.000001  0.000010
   5    5    2    2   -1   -0.000052 -0.000065 -0.000018
   5    5    2    2    1    0.000012  0.000027  0.000014
   5    5   -3    0    0    0.000017 -0.000025  0.000006
   5    5    0   -3    0   -0.000047 -0.000013  0.000007
   5    5    0    0   -3    0.000029  0.000048 -0.000002
   5    5    0    0    3    0.000029  0.000048 -0.000002
   5    5    0    3    0   -0.000047 -0.000013  0.000007
   5    5    3    0    0    0.000017 -0.000025  0.000006
