  Type    Harmonic   (l)             Total
     1
                 0     0  317.976916543705
                 1     1 -.008534740792034
                 2     1 -.008577314884108
                 3     1 -.008460008740600
                 4     2 -.037158562936349
                 5     2 -.037174682357516
                 6     2 -.000105350374923
                 7     2 -.037181753228253
                 8     2 -.000110021922591
                 9     3  .013457532106446
                10     3  .038720985088149
                11     3  .000606743956096
                12     3 -.011004243400762
                13     3  .012858203391266
                14     3 -.007752449931172
                15     3 -.004024154526114
                16     4  .014212911446024
                17     4 -.003103709045970
                18     4  .002050806261536
                19     4 -.014029944867053
                20     4 -.006438937941622
                21     4  .012574469754058
                22     4  .000012279737841
                23     4 -.006947704564786
                24     4 -.005460178672466
                25     5  .000372360209361
                26     5 -.000000326377655
                27     5  .012543503403339
                28     5  .000000420601269
                29     5 -.039224017405102
                30     5 -.012169648141636
                31     5 -.009641042813186
                32     5  .022359303598626
                33     5 -.026228115431433
                34     5 -.032373029253578
                35     5 -.030231080155830
                36     6  .001216836851058
                37     6  .010338952417361
                38     6 -.004819897866125
                39     6 -.001307883756347
                40     6  .009195213430490
                41     6  .000800439085202
                42     6 -.000999940714490
                43     6  .004975127660320
                44     6  .027777068333706
                45     6  .007906971291557
                46     6  .002636933945093
                47     6  .004685956937478
                48     6 -.018723522117208
                49     7 -.002459443276464
                50     7 -.002586314859312
                51     7 -.006103568559996
                52     7  .000000243441891
                53     7  .003337812514216
                54     7 -.002811533407496
                55     7 -.004214673955098
                56     7  .004800038225683
                57     7  .001774620770007
                58     7  .000255372668890
                59     7  .007755037113588
                60     7 -.001420214816456
                61     7 -.000675586326203
                62     7 -.006862902868029
                63     7  .002906047753757
                64     8 -.000314409219664
                65     8  .002618683123245
                66     8  .002987619616154
                67     8  .001334384116284
                68     8 -.000793216135967
                69     8  .001806068010584
                70     8  .001877959770147
                71     8 -.001132571475300
                72     8  .001744512484603
                73     8 -.002093547732487
                74     8  .000000265217342
                75     8 -.002440698102856
                76     8  .000927718687420
                77     8  .000681948507258
                78     8 -.000000589432181
                79     8 -.001541441953885
                80     8  .001412534124882
     2
                 0     0  317.976961449580
                 1     1  .008390370202789
                 2     1 -.008356093954467
                 3     1  .008470464286169
                 4     2 -.037226061530935
                 5     2  .037201698231102
                 6     2  .000120964421340
                 7     2  .037205622146658
                 8     2  .000100360095590
                 9     3 -.013472953516199
                10     3  .038749999572586
                11     3 -.000708721450430
                12     3 -.011067133729208
                13     3 -.012885064326728
                14     3 -.007716953485195
                15     3  .003963228917077
                16     4  .014219853600821
                17     4  .003120576575893
                18     4  .002037364170957
                19     4  .014015611399136
                20     4 -.006434977033844
                21     4 -.012572261469071
                22     4 -.000022621939642
                23     4  .006933582023983
                24     4 -.005427154052732
                25     5 -.000370395397133
                26     5 -.000001153066519
                27     5 -.012543405019792
                28     5  .000000044883620
                29     5  .039211656289868
                30     5 -.012162594385142
                31     5  .009652767537726
                32     5  .022349012535007
                33     5  .026240811937270
                34     5 -.032368055517688
                35     5  .030245920869774
                36     6  .001217215591927
                37     6 -.010339658528130
                38     6 -.004820420108298
                39     6  .001308818708018
                40     6  .009194707375361
                41     6 -.000803586226428
                42     6 -.000996403545438
                43     6 -.004976690358394
                44     6  .027770735442561
                45     6 -.007908655682471
                46     6  .002642932237234
                47     6 -.004689447332186
                48     6 -.018725007017827
                49     7  .002460906396338
                50     7 -.002587381043651
                51     7  .006105012899675
                52     7  .000000264845613
                53     7 -.003336004464223
                54     7 -.002812909134311
                55     7  .004212027308210
                56     7  .004799961431021
                57     7 -.001775439462367
                58     7  .000254247978681
                59     7 -.007757242125203
                60     7 -.001421568389305
                61     7  .000674277405872
                62     7 -.006860647512964
                63     7 -.002907430173896
                64     8 -.000314579860669
                65     8 -.002618593949153
                66     8  .002988213631516
                67     8 -.001334830135258
                68     8 -.000792728502816
                69     8 -.001805936433220
                70     8  .001877985735854
                71     8  .001132691741627
                72     8  .001742880422842
                73     8  .002093754040632
                74     8 -.000000895263916
                75     8  .002441226896101
                76     8  .000927427408403
                77     8 -.000682009428112
                78     8  .000000470097630
                79     8  .001541595642963
                80     8  .001413927086020
     3
                 0     0  317.976907823046
                 1     1  .008551275715831
                 2     1  .008595304767936
                 3     1 -.008496574404556
                 4     2  .037153248919826
                 5     2 -.037164790339980
                 6     2 -.000077935911735
                 7     2  .037173240942455
                 8     2 -.000099920378032
                 9     3 -.013454011095049
                10     3  .038715138268054
                11     3 -.000608477569174
                12     3  .010997365128255
                13     3  .012857540808334
                14     3  .007756625956383
                15     3 -.004008710417986
                16     4 -.014214213993856
                17     4 -.003101111614239
                18     4 -.002053927323915
                19     4 -.014030688839707
                20     4 -.006443157833050
                21     4 -.012573600595574
                22     4  .000008421651128
                23     4  .006951188275684
                24     4 -.005462761097955
                25     5 -.000373191376999
                26     5 -.000000404882172
                27     5 -.012542252628010
                28     5  .000000362530474
                29     5  .039222759004607
                30     5  .012169513285081
                31     5 -.009640875369058
                32     5 -.022360018596544
                33     5 -.026228835266561
                34     5  .032372357853076
                35     5 -.030233302632000
                36     6 -.001216543847273
                37     6  .010338705247688
                38     6  .004820039392449
                39     6 -.001307820182579
                40     6 -.009194618498287
                41     6  .000800273887121
                42     6 -.000999348940301
                43     6 -.004974863970234
                44     6  .027777457756991
                45     6 -.007907103388987
                46     6  .002636215848963
                47     6 -.004685669775215
                48     6 -.018724527862338
                49     7  .002459487399801
                50     7 -.002586073978258
                51     7  .006103431384208
                52     7  .000000237417348
                53     7 -.003337816442201
                54     7 -.002811280974210
                55     7  .004214509710219
                56     7 -.004799817353653
                57     7  .001774664974394
                58     7 -.000255233940078
                59     7  .007755285014836
                60     7  .001419987227743
                61     7 -.000675122918171
                62     7  .006862964816918
                63     7  .002906095050429
                64     8  .000314431643135
                65     8  .002618663895878
                66     8 -.002987537306914
                67     8  .001334332266546
                68     8  .000793181318153
                69     8  .001805983246200
                70     8 -.001877947056090
                71     8 -.001132519493909
                72     8  .001744467712779
                73     8  .002093517557170
                74     8  .000000095357819
                75     8  .002440688115204
                76     8  .000927791218488
                77     8 -.000681862582583
                78     8 -.000000524046340
                79     8  .001541436246070
                80     8  .001412704833401
     4
                 0     0  317.976964967116
                 1     1 -.008402979330625
                 2     1  .008340293907484
                 3     1  .008451970031137
                 4     2  .037227152263930
                 5     2  .037208053259069
                 6     2  .000082503325627
                 7     2 -.037205247183687
                 8     2  .000124049799426
                 9     3  .013472684165871
                10     3  .038751701515566
                11     3  .000697357252308
                12     3  .011076890478955
                13     3 -.012886596884565
                14     3  .007706101104088
                15     3  .003966844267401
                16     4 -.014219337487673
                17     4  .003121734489177
                18     4 -.002037025260087
                19     4  .014016433313886
                20     4 -.006436491742504
                21     4  .012571764068638
                22     4 -.000018077502807
                23     4 -.006931630015148
                24     4 -.005423106547526
                25     5  .000369753144686
                26     5 -.000001190265683
                27     5  .012544274873559
                28     5  .000000171409392
                29     5 -.039214633918609
                30     5  .012161643395367
                31     5  .009652757558801
                32     5 -.022347665137194
                33     5  .026240612484588
                34     5  .032366323843171
                35     5  .030244881563163
                36     6 -.001217212087770
                37     6 -.010339479276423
                38     6  .004820468775442
                39     6  .001308620512425
                40     6 -.009195091261062
                41     6 -.000803473925084
                42     6 -.000996062378804
                43     6  .004976856027008
                44     6  .027771042447080
                45     6  .007908501370680
                46     6  .002643329609218
                47     6  .004689746357518
                48     6 -.018724067603236
                49     7 -.002460975252705
                50     7 -.002587460522694
                51     7 -.006105100747749
                52     7  .000000285900340
                53     7  .003336310916193
                54     7 -.002812973291504
                55     7 -.004212373735869
                56     7 -.004800065698724
                57     7 -.001775540024231
                58     7 -.000254478912658
                59     7 -.007756991897946
                60     7  .001421855616286
                61     7  .000674325401884
                62     7  .006860277637624
                63     7 -.002907500031440
                64     8  .000314573454599
                65     8 -.002618552918368
                66     8 -.002988237512397
                67     8 -.001334847079549
                68     8  .000792754556933
                69     8 -.001806008744726
                70     8 -.001878032641371
                71     8  .001132709370614
                72     8  .001742915670803
                73     8 -.002093742493040
                74     8 -.000000569220495
                75     8 -.002441241974430
                76     8  .000927230597463
                77     8  .000682025388142
                78     8  .000000536105353
                79     8 -.001541538460999
                80     8  .001413963526028
     5
                 0     0  235.833748643966
                 1     1 -.036894710667204
                 2     1 -.036750127092786
                 3     1 -.036826854338854
                 4     2 -.025210207957202
                 5     2 -.025233884864979
                 6     2 -.000013687924540
                 7     2 -.025208387410485
                 8     2  .000056363616071
                 9     3 -.007213805381433
                10     3 -.054731416291486
                11     3  .058485464917536
                12     3 -.030163513268874
                13     3 -.021579303920415
                14     3  .050654252015778
                15     3 -.054835614153755
                16     4 -.010502616859837
                17     4 -.025012991438319
                18     4 -.030701361933092
                19     4  .020682419201566
                20     4 -.012973391279610
                21     4  .001029914504744
                22     4  .000003604633337
                23     4  .032428570400571
                24     4 -.010958801887309
                25     5  .014802312704022
                26     5  .000000058864555
                27     5 -.017550393743519
                28     5  .000000126426808
                29     5  .027448588452092
                30     5  .014501320507231
                31     5  .023948147236965
                32     5 -.002648158718839
                33     5  .019169350876497
                34     5  .032607507835776
                35     5  .018427510418179
                36     6  .005916817874741
                37     6  .004730072034746
                38     6  .004377473174780
                39     6 -.004918312586471
                40     6  .008293169665583
                41     6  .008737780192202
                42     6 -.001748180605587
                43     6  .004947029341334
                44     6  .025233052409001
                45     6 -.001074963175452
                46     6  .004627531337729
                47     6  .009864877932004
                48     6 -.017014262285982
                49     7 -.000387837017734
                50     7  .002713259745534
                51     7  .004969550656101
                52     7 -.000000035389611
                53     7 -.004607395283887
                54     7  .002949655269569
                55     7  .007253545948147
                56     7 -.003128663658901
                57     7 -.004251564077615
                58     7  .002865352648131
                59     7 -.007216424967853
                60     7 -.000385727528175
                61     7 -.002600864283848
                62     7  .008974927037065
                63     7 -.004667986404262
                64     8  .000691153246038
                65     8  .000491511148210
                66     8  .002002568981141
                67     8  .001862216621747
                68     8 -.000631902599341
                69     8 -.000025270468432
                70     8 -.000603935675928
                71     8 -.001241871017098
                72     8  .001852642555192
                73     8 -.000433312207242
                74     8  .000000147377857
                75     8 -.001453205207417
                76     8  .000985343138277
                77     8  .001690560703370
                78     8 -.000000146581406
                79     8  .000307703385108
                80     8  .001501175060582
     6
                 0     0  235.831613780856
                 1     1  .036761540266649
                 2     1 -.036890689602002
                 3     1  .036805973614392
                 4     2 -.025227109529382
                 5     2  .025208525310093
                 6     2  .000016227696605
                 7     2  .025231541509287
                 8     2 -.000054618107621
                 9     3  .007177740322476
                10     3 -.054731132417051
                11     3 -.058515294750597
                12     3 -.030111019843968
                13     3  .021599421200940
                14     3  .050649592921412
                15     3  .054858615912661
                16     4 -.010501435888830
                17     4  .025000070753619
                18     4 -.030711372912294
                19     4 -.020677895507319
                20     4 -.012977733409716
                21     4 -.001035065402542
                22     4 -.000002984662792
                23     4 -.032440150591135
                24     4 -.010966747863094
                25     5 -.014805604718994
                26     5 -.000000160047774
                27     5  .017544867318494
                28     5 -.000000348000841
                29     5 -.027448727265345
                30     5  .014494914867445
                31     5 -.023945386612093
                32     5 -.002648203237907
                33     5 -.019171347463942
                34     5  .032610465418624
                35     5 -.018430426130164
                36     6  .005916905835665
                37     6 -.004731903755102
                38     6  .004377754448365
                39     6  .004919093431351
                40     6  .008291426266366
                41     6 -.008737946066879
                42     6 -.001749832122862
                43     6 -.004946606489711
                44     6  .025234406148254
                45     6  .001076540680239
                46     6  .004626481308278
                47     6 -.009863448115553
                48     6 -.017011394934751
                49     7  .000387842782720
                50     7  .002713228730768
                51     7 -.004969802046900
                52     7  .000000033620215
                53     7  .004607678774500
                54     7  .002949613862228
                55     7 -.007253515042135
                56     7 -.003128689489668
                57     7  .004250995133794
                58     7  .002865487985119
                59     7  .007215242523393
                60     7 -.000385950810243
                61     7  .002600558914532
                62     7  .008974729079739
                63     7  .004667886690803
                64     8  .000691158499331
                65     8 -.000491543010717
                66     8  .002002643830083
                67     8 -.001862222637063
                68     8 -.000631834153838
                69     8  .000025365921641
                70     8 -.000603952913251
                71     8  .001241790421611
                72     8  .001852550796767
                73     8  .000433299826200
                74     8 -.000000102932101
                75     8  .001453162306225
                76     8  .000985164203036
                77     8 -.001690644305805
                78     8  .000000199580570
                79     8 -.000307588506993
                80     8  .001501178130986
     7
                 0     0  235.834178023626
                 1     1  .036887771673346
                 2     1  .036766050775242
                 3     1 -.036820551470464
                 4     2  .025209202334657
                 5     2 -.025230397592871
                 6     2 -.000015254686201
                 7     2  .025209870956109
                 8     2  .000045679590590
                 9     3  .007209668175653
                10     3 -.054731475732780
                11     3 -.058484792302533
                12     3  .030158072743442
                13     3 -.021577905913694
                14     3 -.050651829186013
                15     3 -.054837793007565
                16     4  .010502693401131
                17     4 -.025011053387971
                18     4  .030700840408323
                19     4  .020681890472489
                20     4 -.012971791038786
                21     4 -.001030127737993
                22     4  .000003158347864
                23     4 -.032429272211467
                24     4 -.010958090123911
                25     5 -.014802944569398
                26     5  .000000065756231
                27     5  .017550102118344
                28     5  .000000076006306
                29     5 -.027448334344917
                30     5 -.014500788512941
                31     5  .023948288724913
                32     5  .002647877006714
                33     5  .019169104204381
                34     5 -.032607867469841
                35     5  .018427743935452
                36     6 -.005916796523919
                37     6  .004730384540080
                38     6 -.004377456615989
                39     6 -.004918479718848
                40     6 -.008293286096664
                41     6  .008737800392173
                42     6 -.001748263609101
                43     6 -.004946995110421
                44     6  .025233326705130
                45     6  .001075021323398
                46     6  .004627584740991
                47     6 -.009864833769708
                48     6 -.017014035048260
                49     7  .000387830817406
                50     7  .002713268861003
                51     7 -.004969652792428
                52     7 -.000000028641710
                53     7  .004607522580562
                54     7  .002949661454476
                55     7 -.007253603161747
                56     7  .003128680249898
                57     7 -.004251571901782
                58     7 -.002865359345821
                59     7 -.007216438945515
                60     7  .000385734922142
                61     7 -.002600858540775
                62     7 -.008974994234752
                63     7 -.004667977053056
                64     8 -.000691154188558
                65     8  .000491520239581
                66     8 -.002002567181519
                67     8  .001862212848268
                68     8  .000631911038801
                69     8 -.000025286198775
                70     8  .000603934732155
                71     8 -.001241860246966
                72     8  .001852659726722
                73     8  .000433310544078
                74     8  .000000121998142
                75     8  .001453204951196
                76     8  .000985356069531
                77     8 -.001690561570706
                78     8 -.000000112932591
                79     8 -.000307696262196
                80     8  .001501191634875
     8
                 0     0  235.831486844774
                 1     1 -.036753113249349
                 2     1  .036875568772506
                 3     1  .036828567853820
                 4     2  .025230792152697
                 5     2  .025209434843439
                 6     2  .000030651917091
                 7     2 -.025227626211157
                 8     2 -.000045971933298
                 9     3 -.007177682985054
                10     3 -.054731119496116
                11     3  .058520060342441
                12     3  .030116419158322
                13     3  .021603971391094
                14     3 -.050648350595273
                15     3  .054851655040303
                16     4  .010501351301440
                17     4  .025000676479977
                18     4  .030713442665327
                19     4 -.020678014661374
                20     4 -.012978843034911
                21     4  .001034222630398
                22     4 -.000003198377055
                23     4  .032438195649086
                24     4 -.010966266183412
                25     5  .014805414768964
                26     5 -.000000211550135
                27     5 -.017544545985704
                28     5 -.000000297342327
                29     5  .027449154474958
                30     5 -.014495575600791
                31     5 -.023945208401881
                32     5  .002647932057761
                33     5 -.019172275384015
                34     5 -.032610004986299
                35     5 -.018429843455496
                36     6 -.005916931625583
                37     6 -.004731811396370
                38     6 -.004377824981860
                39     6  .004919044354025
                40     6 -.008291100419030
                41     6 -.008737930710545
                42     6 -.001750171637221
                43     6  .004946693935315
                44     6  .025234168892217
                45     6 -.001076307325594
                46     6  .004626326125605
                47     6  .009863664713037
                48     6 -.017011707842436
                49     7 -.000387849251592
                50     7  .002713219835058
                51     7  .004969727924157
                52     7  .000000032271997
                53     7 -.004607574683564
                54     7  .002949618276674
                55     7  .007253447613715
                56     7  .003128696479022
                57     7  .004250973514562
                58     7 -.002865470527273
                59     7  .007215208845762
                60     7  .000385920816005
                61     7  .002600573703561
                62     7 -.008974832979726
                63     7  .004667912435564
                64     8 -.000691161001118
                65     8 -.000491541146680
                66     8 -.002002654888006
                67     8 -.001862227823565
                68     8  .000631813977433
                69     8  .000025363476127
                70     8  .000603950135152
                71     8  .001241793835441
                72     8  .001852554951601
                73     8 -.000433300669329
                74     8 -.000000077111150
                75     8 -.001453163604266
                76     8  .000985111496924
                77     8  .001690631718793
                78     8  .000000171508315
                79     8  .000307604464211
                80     8  .001501194187499
