 energy and charge average matrices
  type  L       (e_i|H|e_j)                    (e_i|e_j)       
     0  0  .054738084  .002000350        .330530582  .074726391
           .002000350  .000576513        .074726391  .031125994
     0  1  .181102462  .039869355        .347186337  .083406460
           .039869355  .010260997        .083406460  .029321921
     0  2  .006254836  .009440160        .010749501  .011704757
           .009440160 -5.10734846        .011704757  4.98203129
     0  3  .003057355  .000299412        .005106778  .000191837
           .000299412 -.000056175        .000191837  .000846846
     0  4  .000671501  .000012555        .001087708 -.000052283
           .000012555 -.000110324       -.000052283  .000173829
     0  5  .000149006 -.000003173        .000241350 -.000021144
          -.000003173 -.000051620       -.000021144  .000042204
     0  6  .000037243 -.000001302        .000060885 -.000005955
          -.000001302 -.000018886       -.000005955  .000011027
     0  7  .000011811 -.000000325        .000018137 -.000001242
          -.000000325 -.000006094       -.000001242  .000002831
     0  8  .000002872  .000000002        .000004382 -.000000198
           .000000002 -.000001820       -.000000198  .000000782
     1  0  .054739770  .001999876        .330532983  .074725977
           .001999876  .000576487        .074725977  .031126008
     1  1  .181101642  .039869199        .347186043  .083406425
           .039869199  .010260998        .083406425  .029321954
     1  2  .006255004  .009440337        .010749734  .011705022
           .009440337 -5.10735432        .011705022  4.98203164
     1  3  .003057519  .000299407        .005106998  .000191830
           .000299407 -.000056176        .000191830  .000846845
     1  4  .000671521  .000012555        .001087732 -.000052284
           .000012555 -.000110324       -.000052284  .000173829
     1  5  .000149004 -.000003174        .000241347 -.000021144
          -.000003174 -.000051620       -.000021144  .000042204
     1  6  .000037244 -.000001302        .000060885 -.000005955
          -.000001302 -.000018886       -.000005955  .000011027
     1  7  .000011812 -.000000325        .000018137 -.000001242
          -.000000325 -.000006094       -.000001242  .000002831
     1  8  .000002872  .000000002        .000004383 -.000000198
           .000000002 -.000001820       -.000000198  .000000782
     2  0  .054737758  .002000434        .330530133  .074726470
           .002000434  .000576521        .074726470  .031125990
     2  1  .181102623  .039869385        .347186401  .083406475
           .039869385  .010260999        .083406475  .029321915
     2  2  .006254801  .009440125        .010749452  .011704706
           .009440125 -5.10734761        .011704706  4.98203122
     2  3  .003057323  .000299413        .005106736  .000191838
           .000299413 -.000056175        .000191838  .000846847
     2  4  .000671498  .000012556        .001087703 -.000052283
           .000012556 -.000110324       -.000052283  .000173829
     2  5  .000149007 -.000003173        .000241351 -.000021144
          -.000003173 -.000051620       -.000021144  .000042204
     2  6  .000037243 -.000001302        .000060885 -.000005955
          -.000001302 -.000018886       -.000005955  .000011027
     2  7  .000011811 -.000000325        .000018137 -.000001242
          -.000000325 -.000006094       -.000001242  .000002831
     2  8  .000002872  .000000002        .000004382 -.000000198
           .000000002 -.000001820       -.000000198  .000000782
     3  0  .054739856  .001999839        .330533187  .074725952
           .001999839  .000576480        .074725952  .031126009
     3  1  .181101611  .039869191        .347186113  .083406431
           .039869191  .010260995        .083406431  .029321958
     3  2  .006255013  .009440351        .010749747  .011705045
           .009440351 -5.10735577        .011705045  4.98203169
     3  3  .003057533  .000299407        .005107015  .000191830
           .000299407 -.000056176        .000191830  .000846845
     3  4  .000671522  .000012555        .001087734 -.000052284
           .000012555 -.000110324       -.000052284  .000173829
     3  5  .000149004 -.000003174        .000241347 -.000021144
          -.000003174 -.000051620       -.000021144  .000042204
     3  6  .000037244 -.000001302        .000060885 -.000005955
          -.000001302 -.000018886       -.000005955  .000011027
     3  7  .000011812 -.000000325        .000018137 -.000001242
          -.000000325 -.000006094       -.000001242  .000002831
     3  8  .000002872  .000000002        .000004383 -.000000198
           .000000002 -.000001820       -.000000198  .000000782
     4  0  .025422565  .003983730        .078157868  .015341060
           .003983730 -5.47689611        .015341060  1.00198118
     4  1  .027192366  .012639178        .057463383  .026758149
           .012639178 -9.02143968        .026758149  2.99790361
     4  2  1.50781460  .054753142        2.26767159  .083327356
           .054753142  .003665583        .083327356  .008619032
     4  3  .001686602 -.000012556        .003487786 -.000140458
          -.000012556  .000198776       -.000140458  .001162182
     4  4  .000303489 -.000074476        .000661349 -.000189077
          -.000074476 -.000015172       -.000189077  .000297943
     4  5  .000047675 -.000020271        .000102610 -.000043266
          -.000020271 -.000016431       -.000043266  .000080198
     4  6  .000006438 -.000002746        .000014409 -.000006036
          -.000002746 -.000008773       -.000006036  .000018366
     4  7  .000000821 -.000000296        .000001827 -.000000603
          -.000000296 -.000003108       -.000000603  .000004308
     4  8  .000000126 -.000000034        .000000255 -.000000059
          -.000000034 -.000000966       -.000000059  .000001061
     5  0  .025421641  .003983693        .078154778  .015340794
           .003983693 -5.47685038        .015340794  1.00198116
     5  1  .027191095  .012638935        .057460731  .026757544
           .012638935 -9.02130697        .026757544  2.99790325
     5  2  1.50739418  .054744806        2.26702304  .083313842
           .054744806  .003665507        .083313842  .008618780
     5  3  .001686586 -.000012550        .003487765 -.000140457
          -.000012550  .000198769       -.000140457  .001162174
     5  4  .000303492 -.000074477        .000661353 -.000189079
          -.000074477 -.000015172       -.000189079  .000297943
     5  5  .000047676 -.000020270        .000102611 -.000043265
          -.000020270 -.000016431       -.000043265  .000080197
     5  6  .000006438 -.000002746        .000014409 -.000006036
          -.000002746 -.000008773       -.000006036  .000018366
     5  7  .000000821 -.000000296        .000001827 -.000000603
          -.000000296 -.000003108       -.000000603  .000004308
     5  8  .000000126 -.000000034        .000000255 -.000000059
          -.000000034 -.000000966       -.000000059  .000001061
     6  0  .025422742  .003983738        .078158465  .015341112
           .003983738 -5.47690493        .015341112  1.00198119
     6  1  .027192612  .012639226        .057463898  .026758268
           .012639226 -9.02146525        .026758268  2.99790368
     6  2  1.50789543  .054754735        2.26779633  .083329939
           .054754735  .003665597        .083329939  .008619079
     6  3  .001686606 -.000012557        .003487790 -.000140458
          -.000012557  .000198777       -.000140458  .001162184
     6  4  .000303489 -.000074476        .000661348 -.000189077
          -.000074476 -.000015172       -.000189077  .000297943
     6  5  .000047675 -.000020271        .000102610 -.000043266
          -.000020271 -.000016431       -.000043266  .000080198
     6  6  .000006438 -.000002746        .000014409 -.000006036
          -.000002746 -.000008773       -.000006036  .000018366
     6  7  .000000821 -.000000296        .000001827 -.000000603
          -.000000296 -.000003108       -.000000603  .000004308
     6  8  .000000126 -.000000034        .000000255 -.000000059
          -.000000034 -.000000966       -.000000059  .000001061
     7  0  .025421573  .003983690        .078154560  .015340776
           .003983690 -5.47684707        .015340776  1.00198116
     7  1  .027191005  .012638918        .057460548  .026757504
           .012638918 -9.02129737        .026757504  2.99790322
     7  2  1.50736306  .054744166        2.26697522  .083312811
           .054744166  .003665499        .083312811  .008618759
     7  3  .001686585 -.000012550        .003487764 -.000140456
          -.000012550  .000198769       -.000140456  .001162173
     7  4  .000303492 -.000074477        .000661353 -.000189079
          -.000074477 -.000015172       -.000189079  .000297943
     7  5  .000047676 -.000020270        .000102611 -.000043265
          -.000020270 -.000016431       -.000043265  .000080197
     7  6  .000006438 -.000002746        .000014409 -.000006036
          -.000002746 -.000008773       -.000006036  .000018366
     7  7  .000000821 -.000000296        .000001827 -.000000603
          -.000000296 -.000003108       -.000000603  .000004308
     7  8  .000000126 -.000000034        .000000255 -.000000059
          -.000000034 -.000000966       -.000000059  .000001061
