 ( 4i3 )
  1  8  8  2 npan, lm, ntype, spins
 ( 2i3 )
  3  2    ntls, nsets
 ( 3e22.14 )
 -0.55836677088304E+01 -0.55836629621229E+01 -0.55836582154155E+01
 ( 3e22.14 )
  0.12503562889456E+00  0.50781004932303E+00  0.58234727101060E+00
  0.65630468336769E+00  0.69422605947644E+00  0.69870310730307E+00
  0.68911535203856E+00  0.70291468011105E+00  0.71004235622351E+00
  0.12530290271423E+00  0.48573385214311E+00  0.54686785070986E+00
  0.62551824705599E+00  0.65823070521725E+00  0.67127771100273E+00
  0.66462568292548E+00  0.66178449112539E+00  0.66710906812984E+00
  0.20612247124332E-01  0.38893292951837E+00 -0.10164875946548E+01
  0.31736213850603E-01 -0.67073164637165E+00 -0.14638076137655E+01
 -0.20957575229209E+01 -0.24771613587571E+01 -0.25211495723800E+01
  0.27946233778033E-01  0.37759838406516E+00 -0.10158773867406E+01
 -0.16660245718987E-01 -0.68202130151983E+00 -0.13907089851263E+01
 -0.20179725863931E+01 -0.24878015552189E+01 -0.25691764925997E+01
  0.12503584420283E+00  0.50780960744025E+00  0.58234751818664E+00
  0.65630518968784E+00  0.69422638738589E+00  0.69870303408930E+00
  0.68911554236371E+00  0.70291486588404E+00  0.71004263692239E+00
  0.12530324635620E+00  0.48573331268140E+00  0.54686739676156E+00
  0.62551811220824E+00  0.65823075659304E+00  0.67127785064504E+00
  0.66462584649746E+00  0.66178465496558E+00  0.66710917656111E+00
  0.20611812578045E-01  0.38893279610903E+00 -0.10164879102940E+01
  0.31735189595273E-01 -0.67073142426015E+00 -0.14638068530063E+01
 -0.20957576757561E+01 -0.24771612905064E+01 -0.25211491248517E+01
  0.27945952315602E-01  0.37759823547904E+00 -0.10158777405887E+01
 -0.16660004256452E-01 -0.68202053138820E+00 -0.13907080400337E+01
 -0.20179723499923E+01 -0.24878015530186E+01 -0.25691762029716E+01
  0.12503594353415E+00  0.50781017619455E+00  0.58234743576589E+00
  0.65630469491383E+00  0.69422605084029E+00  0.69870316621790E+00
  0.68911545017153E+00  0.70291482609191E+00  0.71004245609069E+00
  0.12530320838484E+00  0.48573401351269E+00  0.54686805180627E+00
  0.62551833426304E+00  0.65823070581136E+00  0.67127769635748E+00
  0.66462566328907E+00  0.66178454662711E+00  0.66710911722466E+00
  0.20612467470543E-01  0.38893301422783E+00 -0.10164873421236E+01
  0.31736352712171E-01 -0.67073218036293E+00 -0.14638076849608E+01
 -0.20957577157423E+01 -0.24771612421266E+01 -0.25211494553510E+01
  0.27946297454016E-01  0.37759832085420E+00 -0.10158771269521E+01
 -0.16660259917390E-01 -0.68202175204707E+00 -0.13907092024761E+01
 -0.20179727515980E+01 -0.24878015895543E+01 -0.25691766642593E+01
  0.12503636478037E+00  0.50780974899076E+00  0.58234777356765E+00
  0.65630531327408E+00  0.69422643152178E+00  0.69870309937502E+00
  0.68911573072671E+00  0.70291515872105E+00  0.71004289586382E+00
  0.12530377157481E+00  0.48573345457914E+00  0.54686763775668E+00
  0.62551820741065E+00  0.65823077940761E+00  0.67127788407193E+00
  0.66462588686415E+00  0.66178478149559E+00  0.66710927637061E+00
  0.20611901883426E-01  0.38893278149856E+00 -0.10164875594765E+01
  0.31735160080388E-01 -0.67073192499771E+00 -0.14638065540953E+01
 -0.20957576880802E+01 -0.24771612062158E+01 -0.25211491323824E+01
  0.27946171142786E-01  0.37759825986955E+00 -0.10158773859728E+01
 -0.16659887032174E-01 -0.68202098031409E+00 -0.13907083829136E+01
 -0.20179727500370E+01 -0.24878015283083E+01 -0.25691761955925E+01
  0.32338591703725E+00  0.47325961682550E+00  0.66447873901229E+00
  0.50877635848331E+00  0.50096910508829E+00  0.46075139556909E+00
  0.44176446793389E+00  0.43919486453804E+00  0.48541017926742E+00
  0.30948788248840E+00  0.45993900437098E+00  0.63409211240051E+00
  0.48413004276138E+00  0.48211351408613E+00  0.45110182801555E+00
  0.45151864850352E+00  0.45882768326076E+00  0.49055992113557E+00
 -0.53077197795417E+01 -0.29491748863450E+01  0.44134355595214E+00
  0.17589170071617E+00 -0.34035123411723E+00 -0.81000398670804E+00
 -0.10215878671925E+01 -0.10186381754578E+01 -0.10595467879306E+01
 -0.54045491213599E+01 -0.30425120218369E+01  0.39610550549222E+00
  0.14985061676465E+00 -0.31199140297286E+00 -0.74471341292040E+00
 -0.10044678277746E+01 -0.10475859747535E+01 -0.10707348459060E+01
  0.32338617390339E+00  0.47325971608938E+00  0.66448053287145E+00
  0.50877645741431E+00  0.50096972199224E+00  0.46075232758582E+00
  0.44176569787137E+00  0.43919616359831E+00  0.48541110226662E+00
  0.30948823616478E+00  0.45993930075305E+00  0.63409625033458E+00
  0.48413009583256E+00  0.48211410383757E+00  0.45110217505237E+00
  0.45151904920918E+00  0.45882779973908E+00  0.49056002419572E+00
 -0.53077119560701E+01 -0.29491670800088E+01  0.44134549244289E+00
  0.17589105934326E+00 -0.34035223690033E+00 -0.81000322374269E+00
 -0.10215870528466E+01 -0.10186371609218E+01 -0.10595464162193E+01
 -0.54045406125470E+01 -0.30425034925645E+01  0.39610967738971E+00
  0.14984939196401E+00 -0.31199223250372E+00 -0.74470926972268E+00
 -0.10044664148653E+01 -0.10475848881778E+01 -0.10707348540029E+01
  0.32338586057683E+00  0.47325949394436E+00  0.66447865997878E+00
  0.50877635378733E+00  0.50096904183815E+00  0.46075141677463E+00
  0.44176432109758E+00  0.43919482522745E+00  0.48541005722263E+00
  0.30948783233820E+00  0.45993901593872E+00  0.63409080810706E+00
  0.48413011099461E+00  0.48211345452163E+00  0.45110192200372E+00
  0.45151860496105E+00  0.45882782562610E+00  0.49056015051337E+00
 -0.53077203554979E+01 -0.29491754779256E+01  0.44134377842892E+00
  0.17589174489841E+00 -0.34035157030284E+00 -0.81000371389239E+00
 -0.10215879072535E+01 -0.10186380642947E+01 -0.10595467415362E+01
 -0.54045513487833E+01 -0.30425142876127E+01  0.39610452587237E+00
  0.14985075671899E+00 -0.31199144876560E+00 -0.74471431981506E+00
 -0.10044681126958E+01 -0.10475861355761E+01 -0.10707348325283E+01
  0.32338614015621E+00  0.47325955395380E+00  0.66448087951857E+00
  0.50877647854513E+00  0.50096972535668E+00  0.46075238773799E+00
  0.44176556271960E+00  0.43919624361934E+00  0.48541121097286E+00
  0.30948822870273E+00  0.45993940590010E+00  0.63409505320512E+00
  0.48413020436022E+00  0.48211417057850E+00  0.45110256213762E+00
  0.45151928288262E+00  0.45882815644352E+00  0.49056030644638E+00
 -0.53077112043760E+01 -0.29491663497594E+01  0.44134622443236E+00
  0.17589094831537E+00 -0.34035288486854E+00 -0.81000251454146E+00
 -0.10215870424693E+01 -0.10186369497111E+01 -0.10595463328150E+01
 -0.54045423099189E+01 -0.30425052357114E+01  0.39610896881695E+00
  0.14984937070029E+00 -0.31199237924919E+00 -0.74470996585289E+00
 -0.10044665639999E+01 -0.10475848669699E+01 -0.10707347726883E+01
