   5    6    0    0    0    0.428294
   5    6    0    0    1    0.428302
   5    7    0    0    0    0.428659
   5    7    1    0    0    0.428642
   5    8    0    0    0    0.425782
   5    8    0    1    0    0.426292
   5    6    0    1    0   -0.065058
   5    6    0    1    1   -0.064921
   5    7    0    0    1   -0.063915
   5    7    1    0    1   -0.063921
   5    8    1    0    0   -0.064594
   5    8    1    1    0   -0.064679
   5    6   -1    0    0   -0.084637
   5    6   -1    0    1   -0.084390
   5    7    0   -1    0   -0.083371
   5    7    1   -1    0   -0.083384
   5    8    0    0   -1   -0.082591
   5    8    0    1   -1   -0.082684
   5    5   -1    0    0    0.087303
   5    5    0   -1    0    0.086759
   5    5    0    0   -1    0.088296
   5    5    0    0    1    0.088296
   5    5    0    1    0    0.086759
   5    5    1    0    0    0.087303
   5    6   -1    1    0    0.025392
   5    6   -1    1    1    0.025643
   5    7    0   -1    1    0.026566
   5    7    1   -1    1    0.026556
   5    8    1    0   -1    0.026145
   5    8    1    1   -1    0.025965
   5    6    1    0    0    0.039424
   5    6    1    0    1    0.039578
   5    7    0    1    0    0.039123
   5    7    1    1    0    0.039117
   5    8    0    0    1    0.039044
   5    8    0    1    1    0.038915
   5    6    0   -1    0    0.029125
   5    6    0   -1    1    0.029276
   5    7    0    0   -1    0.028684
   5    7    1    0   -1    0.028675
   5    8   -1    0    0    0.028973
   5    8   -1    1    0    0.028939
   5    5   -1   -1    0   -0.005448
   5    5   -1    0   -1   -0.005668
   5    5   -1    0    1    0.015255
   5    5   -1    1    0    0.015147
   5    5    0   -1   -1   -0.005708
   5    5    0   -1    1    0.015337
   5    5    0    1   -1    0.015337
   5    5    0    1    1   -0.005708
   5    5    1   -1    0    0.015147
   5    5    1    0   -1    0.015255
   5    5    1    0    1   -0.005668
   5    5    1    1    0   -0.005448
   5    6    1    1    0   -0.015649
   5    6    1    1    1   -0.015765
   5    7    0    1    1   -0.015628
   5    7    1    1    1   -0.015620
   5    8    1    0    1   -0.015884
   5    8    1    1    1   -0.015885
   5    6    0    0   -1    0.028626
   5    7   -1    0    0    0.029080
   5    7    2    0    0    0.029085
   5    8    0   -1    0    0.028966
   5    8    0    2    0    0.028980
   5    6    0    0    2    0.028542
   5    6   -1   -1    0   -0.011925
   5    6   -1   -1    1   -0.011941
   5    7    0   -1   -1   -0.011981
   5    7    1   -1   -1   -0.011985
   5    8   -1    0   -1   -0.011913
   5    8   -1    1   -1   -0.011794
   5    6    0    1   -1    0.001567
   5    7   -1    0    1    0.001169
   5    8    1   -1    0    0.001543
   5    6    0    1    2    0.001607
   5    7    2    0    1    0.001167
   5    8    1    2    0    0.001504
   5    6   -1    0   -1   -0.007917
   5    7   -1   -1    0   -0.007763
   5    8    0   -1   -1   -0.007945
   5    6   -1    0    2   -0.007869
   5    7    2   -1    0   -0.007765
   5    8    0    2   -1   -0.007986
   5    5   -1   -1   -1    0.000080
   5    5   -1   -1    1    0.009749
   5    5   -1    1   -1    0.009607
   5    5   -1    1    1    0.009406
   5    5    1   -1   -1    0.009406
   5    5    1   -1    1    0.009607
   5    5    1    1   -1    0.009749
   5    5    1    1    1    0.000080
   5    6    0    2    0    0.008001
   5    6    0    2    1    0.007942
   5    7    0    0    2    0.007866
   5    7    1    0    2    0.007869
   5    8    2    0    0    0.007890
   5    8    2    1    0    0.007902
   5    6   -1    1   -1    0.007795
   5    6   -1    1    2    0.007917
   5    6    1   -1    0    0.001816
   5    6    1   -1    1    0.001844
   5    7   -1   -1    1    0.007636
   5    7    0    1   -1    0.001749
   5    7    1    1   -1    0.001748
   5    7    2   -1    1    0.007632
   5    8   -1    0    1    0.001814
   5    8   -1    1    1    0.001782
   5    8    1   -1   -1    0.007618
   5    8    1    2   -1    0.007506
   5    8    0    0   -2    0.000798
   5    8    0    1   -2    0.000811
   5    6   -2    0    0    0.000951
   5    6   -2    0    1    0.000971
   5    7    0   -2    0    0.000836
   5    7    1   -2    0    0.000834
   5    6    1    0   -1   -0.000105
   5    6    1    0    2   -0.000008
   5    7   -1    1    0   -0.000012
   5    7    0   -1    2   -0.000106
   5    7    1   -1    2   -0.000107
   5    7    2    1    0   -0.000019
   5    8    0   -1    1   -0.000148
   5    8    0    2    1   -0.000130
   5    8    2    0   -1   -0.000059
   5    8    2    1   -1   -0.000147
   5    6   -1    2    0   -0.000108
   5    6   -1    2    1   -0.000048
   5    6   -2    1    0    0.000946
   5    6   -2    1    1    0.001080
   5    6    0   -1   -1    0.004023
   5    6    0   -1    2    0.003999
   5    7   -1    0   -1    0.004016
   5    7    0   -2    1    0.000867
   5    7    1   -2    1    0.000861
   5    7    2    0   -1    0.004020
   5    8   -1   -1    0    0.004025
   5    8   -1    2    0    0.003956
   5    8    1    0   -2    0.001041
   5    8    1    1   -2    0.000935
   5    5   -2    0    0    0.000591
   5    5    0   -2    0    0.000793
   5    5    0    0   -2    0.000821
   5    5    0    0    2    0.000821
   5    5    0    2    0    0.000793
   5    5    2    0    0    0.000591
   5    6    1    1   -1   -0.002934
   5    6    1    1    2   -0.002959
   5    7   -1    1    1   -0.003149
   5    7    2    1    1   -0.003148
   5    8    1   -1    1   -0.002993
   5    8    1    2    1   -0.002973
   5    6   -1   -1   -1   -0.006471
   5    7   -1   -1   -1   -0.006465
   5    8   -1   -1   -1   -0.006499
   5    8   -1    2   -1   -0.006478
   5    6   -1   -1    2   -0.006482
   5    7    2   -1   -1   -0.006464
   5    6    1    2    0   -0.000091
   5    6    1    2    1   -0.000098
   5    7    0    1    2   -0.000097
   5    7    1    1    2   -0.000097
   5    8    2    0    1   -0.000089
   5    8    2    1    1   -0.000069
   5    6   -2   -1    0    0.000086
   5    6   -2   -1    1    0.000080
   5    7    0   -2   -1    0.000055
   5    7    1   -2   -1    0.000056
   5    8   -1    0   -2    0.000034
   5    8   -1    1   -2    0.000039
   5    5   -2   -1    0   -0.002475
   5    5   -2    0   -1   -0.001567
   5    5   -2    0    1   -0.001889
   5    5   -2    1    0   -0.000313
   5    5   -1   -2    0   -0.001588
   5    5   -1    0   -2   -0.002462
   5    5   -1    0    2   -0.000390
   5    5   -1    2    0   -0.001748
   5    5    0   -2   -1   -0.002453
   5    5    0   -2    1   -0.000393
   5    5    0   -1   -2   -0.001616
   5    5    0   -1    2   -0.001790
   5    5    0    1   -2   -0.001790
   5    5    0    1    2   -0.001616
   5    5    0    2   -1   -0.000393
   5    5    0    2    1   -0.002453
   5    5    1   -2    0   -0.001748
   5    5    1    0   -2   -0.000390
   5    5    1    0    2   -0.002462
   5    5    1    2    0   -0.001588
   5    5    2   -1    0   -0.000313
   5    5    2    0   -1   -0.001889
   5    5    2    0    1   -0.001567
   5    5    2    1    0   -0.002475
   5    6    0    2   -1    0.000243
   5    6    0    2    2    0.000242
   5    6    2    0    0   -0.003263
   5    6    2    0    1   -0.003225
   5    7   -1    0    2    0.000261
   5    7    0    2    0   -0.003232
   5    7    1    2    0   -0.003234
   5    7    2    0    2    0.000260
   5    8    0    0    2   -0.003236
   5    8    0    1    2   -0.003243
   5    8    2   -1    0    0.000187
   5    8    2    2    0    0.000220
   5    6    1   -1   -1    0.004207
   5    6    1   -1    2    0.004246
   5    7   -1    1   -1    0.004199
   5    7    2    1   -1    0.004199
   5    8   -1   -1    1    0.004178
   5    8   -1    2    1    0.004127
   5    6   -2    0   -1   -0.000158
   5    6   -2    0    2   -0.000177
   5    6    0   -2    0   -0.001203
   5    6    0   -2    1   -0.001190
   5    7   -1   -2    0   -0.000173
   5    7    0    0   -2   -0.001265
   5    7    1    0   -2   -0.001265
   5    7    2   -2    0   -0.000172
   5    8   -2    0    0   -0.001206
   5    8   -2    1    0   -0.001232
   5    8    0   -1   -2   -0.000135
   5    8    0    2   -2   -0.000146
   5    6    2    1    0   -0.001146
   5    6    2    1    1   -0.001140
   5    7    0    2    1   -0.001166
   5    7    1    2    1   -0.001167
   5    8    1    0    2   -0.001179
   5    8    1    1    2   -0.001167
   5    6   -1    2   -1    0.002498
   5    6   -1    2    2    0.002491
   5    7   -1   -1    2    0.002473
   5    7    2   -1    2    0.002474
   5    8    2   -1   -1    0.002432
   5    8    2    2   -1    0.002407
   5    6   -2    1   -1    0.001256
   5    6   -2    1    2    0.001268
   5    7   -1   -2    1    0.001188
   5    8    1   -1   -2    0.001197
   5    8    1    2   -2    0.001214
   5    7    2   -2    1    0.001187
   5    6   -1   -2    0   -0.000054
   5    6   -1   -2    1   -0.000050
   5    7    0   -1   -2   -0.000071
   5    7    1   -1   -2   -0.000070
   5    8   -2    0   -1   -0.000063
   5    8   -2    1   -1   -0.000092
   5    5   -2   -1   -1    0.002083
   5    5   -2   -1    1   -0.001275
   5    5   -2    1   -1   -0.000145
   5    5   -2    1    1   -0.002804
   5    5   -1   -2   -1    0.002086
   5    5   -1   -2    1   -0.000024
   5    5   -1   -1   -2    0.002075
   5    5   -1   -1    2   -0.002895
   5    5   -1    1   -2   -0.001209
   5    5   -1    1    2    0.000060
   5    5   -1    2   -1   -0.002876
   5    5   -1    2    1   -0.001323
   5    5    1   -2   -1   -0.001323
   5    5    1   -2    1   -0.002876
   5    5    1   -1   -2    0.000060
   5    5    1   -1    2   -0.001209
   5    5    1    1   -2   -0.002895
   5    5    1    1    2    0.002075
   5    5    1    2   -1   -0.000024
   5    5    1    2    1    0.002086
   5    5    2   -1   -1   -0.002804
   5    5    2   -1    1   -0.000145
   5    5    2    1   -1   -0.001275
   5    5    2    1    1    0.002083
   5    6    0    0   -2   -0.000566
   5    6   -2    2    0    0.001671
   5    6   -2    2    1    0.001683
   5    6    0    0    3   -0.000566
   5    7   -2    0    0   -0.000555
   5    7    0   -2    2    0.001582
   5    7    1   -2    2    0.001583
   5    7    3    0    0   -0.000555
   5    8    0   -2    0   -0.000569
   5    8    0    3    0   -0.000573
   5    8    2    0   -2    0.001610
   5    8    2    1   -2    0.001584
   5    6    1    2   -1    0.000468
   5    6    1    2    2    0.000476
   5    7   -1    1    2    0.000480
   5    7    2    1    2    0.000480
   5    8    2   -1    1    0.000484
   5    8    2    2    1    0.000487
   5    6    0    1   -2   -0.001509
   5    7   -2    0    1   -0.001445
   5    8   -1    0    2   -0.000312
   5    8   -1    1    2   -0.000307
   5    6    0    1    3   -0.001523
   5    6    2   -1    0   -0.000291
   5    6    2   -1    1   -0.000291
   5    7    0    2   -1   -0.000290
   5    7    1    2   -1   -0.000290
   5    7    3    0    1   -0.001445
   5    8    1   -2    0   -0.001498
   5    8    1    3    0   -0.001471
   5    6   -1    0   -2   -0.001111
   5    6    1   -2    0   -0.000963
   5    6    1   -2    1   -0.000960
   5    7   -2   -1    0   -0.001080
   5    7    0    1   -2   -0.000948
   5    7    1    1   -2   -0.000949
   5    8   -2    0    1   -0.000965
   5    8   -2    1    1   -0.000957
   5    6   -1    0    3   -0.001113
   5    7    3   -1    0   -0.001080
   5    8    0   -2   -1   -0.001096
   5    8    0    3   -1   -0.001091
   5    6   -2   -1   -1   -0.000576
   5    6   -2   -1    2   -0.000574
   5    7   -1   -2   -1   -0.000552
   5    7    2   -2   -1   -0.000552
   5    8   -1   -1   -2   -0.000521
   5    8   -1    2   -2   -0.000525
   5    6    2    0   -1    0.000163
   5    8    0   -1    2    0.000203
   5    6    2    0    2    0.000167
   5    7   -1    2    0    0.000179
   5    7    2    2    0    0.000179
   5    8    0    2    2    0.000205
   5    6   -1    1   -2    0.000041
   5    7   -2   -1    1    0.000040
   5    8    1   -2   -1    0.000031
   5    6   -1    1    3    0.000026
   5    7    3   -1    1    0.000040
   5    8    1    3   -1    0.000051
   5    6    0   -2   -1   -0.000730
   5    6    0   -2    2   -0.000724
   5    7   -1    0   -2   -0.000689
   5    7    2    0   -2   -0.000689
   5    8   -2   -1    0   -0.000696
   5    8   -2    2    0   -0.000697
   5    6    2    1   -1   -0.000615
   5    6    2    1    2   -0.000610
   5    7   -1    2    1   -0.000598
   5    7    2    2    1   -0.000598
   5    8    1   -1    2   -0.000591
   5    8    1    2    2   -0.000595
   5    6    0    3    0    0.000545
   5    6    0    3    1    0.000534
   5    7    0    0    3    0.000475
   5    7    1    0    3    0.000475
   5    8    3    0    0    0.000483
   5    8    3    1    0    0.000493
   5    6    1    0   -2    0.000067
   5    7   -2    1    0    0.000089
   5    8    0   -2    1    0.000114
   5    6    1    0    3    0.000075
   5    7    3    1    0    0.000089
   5    8    0    3    1    0.000113
   5    6    0   -1   -2   -0.000459
   5    7   -2    0   -1   -0.000449
   5    6    0   -1    3   -0.000452
   5    7    3    0   -1   -0.000449
   5    8   -1   -2    0   -0.000424
   5    8   -1    3    0   -0.000431
   5    6   -3    0    0   -0.000258
   5    6   -3    0    1   -0.000268
   5    6   -1   -2   -1   -0.000687
   5    6   -1   -2    2   -0.000690
   5    7   -1   -1   -2   -0.000690
   5    7    2   -1   -2   -0.000689
   5    8   -2   -1   -1   -0.000701
   5    8   -2    2   -1   -0.000717
   5    8    0    0   -3   -0.000312
   5    8    0    1   -3   -0.000306
   5    7    0   -3    0   -0.000293
   5    7    1   -3    0   -0.000293
   5    5   -2   -2    0    0.000254
   5    5   -2    0   -2    0.000257
   5    5   -2    0    2    0.000868
   5    5   -2    2    0    0.000884
   5    5    0   -2   -2    0.000272
   5    5    0   -2    2    0.000875
   5    5    0    2   -2    0.000875
   5    5    0    2    2    0.000272
   5    5    2   -2    0    0.000884
   5    5    2    0   -2    0.000868
   5    5    2    0    2    0.000257
   5    5    2    2    0    0.000254
   5    6    2    2    0   -0.000399
   5    6    2    2    1   -0.000412
   5    7    0    2    2   -0.000415
   5    7    1    2    2   -0.000414
   5    8    2    0    2   -0.000420
   5    8    2    1    2   -0.000412
   5    6    1    1   -2    0.000017
   5    7   -2    1    1   -0.000010
   5    6   -1    3    0    0.000706
   5    6   -1    3    1    0.000707
   5    6    1    1    3    0.000007
   5    7    0   -1    3    0.000659
   5    7    1   -1    3    0.000659
   5    7    3    1    1   -0.000010
   5    8    1   -2    1    0.000010
   5    8    1    3    1    0.000017
   5    8    3    0   -1    0.000682
   5    8    3    1   -1    0.000681
   5    6   -2    2   -1   -0.000174
   5    6   -2    2    2   -0.000153
   5    7   -1   -2    2   -0.000180
   5    7    2   -2    2   -0.000181
   5    8    2   -1   -2   -0.000151
   5    8    2    2   -2   -0.000174
   5    6   -1   -1   -2   -0.000121
   5    7   -2   -1   -1   -0.000117
   5    6   -3    1    0    0.000999
   5    6   -3    1    1    0.000985
   5    6   -1   -1    3   -0.000126
   5    8   -1   -2   -1   -0.000132
   5    8    1    0   -3    0.000960
   5    8    1    1   -3    0.000955
   5    7    0   -3    1    0.000954
   5    7    1   -3    1    0.000955
   5    7    3   -1   -1   -0.000116
   5    8   -1    3   -1   -0.000134
   5    6   -2   -2    0   -0.000209
   5    6   -2   -2    1   -0.000210
   5    7    0   -2   -2   -0.000218
   5    7    1   -2   -2   -0.000218
   5    8   -2    0   -2   -0.000223
   5    8   -2    1   -2   -0.000221
   5    8   -1   -1    2   -0.000327
   5    8   -1    2    2   -0.000338
   5    6    2   -1   -1   -0.000354
   5    6    2   -1    2   -0.000358
   5    7   -1    2   -1   -0.000352
   5    7    2    2   -1   -0.000351
   5    6    1   -2   -1   -0.000824
   5    6    1   -2    2   -0.000812
   5    7   -1    1   -2   -0.000832
   5    7    2    1   -2   -0.000833
   5    8   -2   -1    1   -0.000840
   5    8   -2    2    1   -0.000846
   5    5   -2   -2   -1    0.000326
   5    5   -2   -2    1    0.000671
   5    5   -2   -1   -2    0.000334
   5    5   -2   -1    2    0.000350
   5    5   -2    1   -2    0.000679
   5    5   -2    1    2    0.000355
   5    5   -2    2   -1    0.000371
   5    5   -2    2    1    0.000324
   5    5   -1   -2   -2    0.000315
   5    5   -1   -2    2    0.000405
   5    5   -1    2   -2    0.000327
   5    5   -1    2    2    0.000701
   5    5    1   -2   -2    0.000701
   5    5    1   -2    2    0.000327
   5    5    1    2   -2    0.000405
   5    5    1    2    2    0.000315
   5    5    2   -2   -1    0.000324
   5    5    2   -2    1    0.000371
   5    5    2   -1   -2    0.000355
   5    5    2   -1    2    0.000679
   5    5    2    1   -2    0.000350
   5    5    2    1    2    0.000334
   5    5    2    2   -1    0.000671
   5    5    2    2    1    0.000326
   5    5   -3    0    0    0.000322
   5    5    0   -3    0    0.000347
   5    5    0    0   -3    0.000338
   5    5    0    0    3    0.000338
   5    5    0    3    0    0.000347
   5    5    3    0    0    0.000322
   6    5    0    0   -1    0.428302
   6    5    0    0    0    0.428294
   6    7    1   -1    0    0.426028
   6    7    1    0    0    0.426540
   6    8    0    0   -1    0.424880
   6    8    1    0   -1    0.424896
   6    5    0   -1   -1   -0.064921
   6    5    0   -1    0   -0.065058
   6    7    0   -1    0   -0.064618
   6    7    0    0    0   -0.064694
   6    8    0    0    0   -0.063614
   6    8    1    0    0   -0.063626
   6    5    1    0   -1   -0.084390
   6    5    1    0    0   -0.084637
   6    7    1   -1   -1   -0.082622
   6    7    1    0   -1   -0.082699
   6    8    0    1   -1   -0.083023
   6    8    1    1   -1   -0.083042
   6    6   -1    0    0    0.085577
   6    6    0   -1    0    0.086641
   6    6    0    0   -1    0.088256
   6    6    0    0    1    0.088256
   6    6    0    1    0    0.086641
   6    6    1    0    0    0.085577
   6    5    1   -1   -1    0.025643
   6    5    1   -1    0    0.025392
   6    7    0   -1   -1    0.026132
   6    7    0    0   -1    0.025968
   6    8    0    1    0    0.026641
   6    8    1    1    0    0.026618
   6    5   -1    0   -1    0.039578
   6    5   -1    0    0    0.039424
   6    7    1   -1    1    0.039043
   6    7    1    0    1    0.038923
   6    8    0   -1   -1    0.039071
   6    8    1   -1   -1    0.039057
   6    5    0    1   -1    0.029276
   6    5    0    1    0    0.029125
   6    7    2   -1    0    0.028973
   6    7    2    0    0    0.028948
   6    8    0    0   -2    0.028611
   6    8    1    0   -2    0.028600
   6    6   -1   -1    0   -0.005416
   6    6   -1    0   -1    0.015306
   6    6   -1    0    1   -0.005740
   6    6   -1    1    0    0.015080
   6    6    0   -1   -1    0.015295
   6    6    0   -1    1   -0.005859
   6    6    0    1   -1   -0.005859
   6    6    0    1    1    0.015295
   6    6    1   -1    0    0.015080
   6    6    1    0   -1   -0.005740
   6    6    1    0    1    0.015306
   6    6    1    1    0   -0.005416
   6    5   -1   -1   -1   -0.015765
   6    5   -1   -1    0   -0.015649
   6    7    0   -1    1   -0.015885
   6    7    0    0    1   -0.015894
   6    8    0   -1    0   -0.015557
   6    8    1   -1    0   -0.015549
   6    5    0    0    1    0.028626
   6    7    1   -2    0    0.028979
   6    7    1    1    0    0.028989
   6    8   -1    0   -1    0.028914
   6    8    2    0   -1    0.028920
   6    5    0    0   -2    0.028542
   6    5    1    1   -1   -0.011941
   6    5    1    1    0   -0.011925
   6    7    2   -1   -1   -0.011921
   6    7    2    0   -1   -0.011803
   6    8    0    1   -2   -0.011863
   6    8    1    1   -2   -0.011858
   6    5    0   -1    1    0.001567
   6    7    0    1    0    0.001502
   6    8   -1    0    0    0.001208
   6    5    0   -1   -2    0.001607
   6    7    0   -2    0    0.001539
   6    8    2    0    0    0.001205
   6    5    1    0    1   -0.007917
   6    7    1   -2   -1   -0.007949
   6    7    1    1   -1   -0.007987
   6    8   -1    1   -1   -0.007731
   6    5    1    0   -2   -0.007869
   6    8    2    1   -1   -0.007735
   6    6   -1   -1   -1    0.009608
   6    6   -1   -1    1    0.000129
   6    6   -1    1   -1    0.009463
   6    6   -1    1    1    0.009465
   6    6    1   -1   -1    0.009465
   6    6    1   -1    1    0.009463
   6    6    1    1   -1    0.000129
   6    6    1    1    1    0.009608
   6    5    0   -2   -1    0.007942
   6    5    0   -2    0    0.008001
   6    7   -1   -1    0    0.007895
   6    7   -1    0    0    0.007903
   6    8    0    0    1    0.007824
   6    8    1    0    1    0.007828
   6    5   -1    1   -1    0.001844
   6    5   -1    1    0    0.001816
   6    5    1   -1   -2    0.007917
   6    5    1   -1    1    0.007795
   6    7    0   -2   -1    0.007618
   6    7    0    1   -1    0.007513
   6    7    2   -1    1    0.001815
   6    7    2    0    1    0.001784
   6    8   -1    1    0    0.007582
   6    8    0   -1   -2    0.001737
   6    8    1   -1   -2    0.001735
   6    8    2    1    0    0.007571
   6    7    1   -1   -2    0.000794
   6    7    1    0   -2    0.000809
   6    5    2    0   -1    0.000971
   6    5    2    0    0    0.000951
   6    8    0    2   -1    0.000877
   6    8    1    2   -1    0.000876
   6    5   -1    0   -2   -0.000008
   6    5   -1    0    1   -0.000105
   6    7   -1   -1   -1   -0.000063
   6    7   -1    0   -1   -0.000147
   6    7    1   -2    1   -0.000151
   6    7    1    1    1   -0.000128
   6    8   -1   -1   -1   -0.000010
   6    8    0    1    1   -0.000076
   6    8    1    1    1   -0.000082
   6    8    2   -1   -1   -0.000015
   6    5    1   -2   -1   -0.000048
   6    5    1   -2    0   -0.000108
   6    5    0    1   -2    0.003999
   6    5    0    1    1    0.004023
   6    5    2   -1   -1    0.001080
   6    5    2   -1    0    0.000946
   6    7    0   -1   -2    0.001037
   6    7    0    0   -2    0.000938
   6    7    2   -2    0    0.004028
   6    7    2    1    0    0.003957
   6    8   -1    0   -2    0.003983
   6    8    0    2    0    0.000878
   6    8    1    2    0    0.000867
   6    8    2    0   -2    0.003983
   6    6   -2    0    0    0.000804
   6    6    0   -2    0    0.000774
   6    6    0    0   -2    0.000875
   6    6    0    0    2    0.000875
   6    6    0    2    0    0.000774
   6    6    2    0    0    0.000804
   6    5   -1   -1    1   -0.002934
   6    5   -1   -1   -2   -0.002959
   6    7    0   -2    1   -0.002993
   6    7    0    1    1   -0.002976
   6    8   -1   -1    0   -0.003125
   6    8    2   -1    0   -0.003122
   6    5    1    1    1   -0.006471
   6    7    2    1   -1   -0.006481
   6    8   -1    1   -2   -0.006420
   6    5    1    1   -2   -0.006482
   6    7    2   -2   -1   -0.006501
   6    8    2    1   -2   -0.006419
   6    5   -1   -2   -1   -0.000098
   6    5   -1   -2    0   -0.000091
   6    7   -1   -1    1   -0.000088
   6    7   -1    0    1   -0.000068
   6    8    0   -1    1   -0.000114
   6    8    1   -1    1   -0.000113
   6    5    2    1   -1    0.000080
   6    5    2    1    0    0.000086
   6    7    2   -1   -2    0.000036
   6    7    2    0   -2    0.000041
   6    8    0    2   -2    0.000027
   6    8    1    2   -2    0.000027
   6    6   -2   -1    0   -0.002448
   6    6   -2    0   -1   -0.001845
   6    6   -2    0    1   -0.001522
   6    6   -2    1    0   -0.000263
   6    6   -1   -2    0   -0.001564
   6    6   -1    0   -2   -0.000374
   6    6   -1    0    2   -0.002436
   6    6   -1    2    0   -0.001729
   6    6    0   -2   -1   -0.000370
   6    6    0   -2    1   -0.002428
   6    6    0   -1   -2   -0.001811
   6    6    0   -1    2   -0.001624
   6    6    0    1   -2   -0.001624
   6    6    0    1    2   -0.001811
   6    6    0    2   -1   -0.002428
   6    6    0    2    1   -0.000370
   6    6    1   -2    0   -0.001729
   6    6    1    0   -2   -0.002436
   6    6    1    0    2   -0.000374
   6    6    1    2    0   -0.001564
   6    6    2   -1    0   -0.000263
   6    6    2    0   -1   -0.001522
   6    6    2    0    1   -0.001845
   6    6    2    1    0   -0.002448
   6    5   -2    0   -1   -0.003225
   6    5   -2    0    0   -0.003263
   6    5    0   -2   -2    0.000242
   6    5    0   -2    1    0.000243
   6    7   -1   -2    0    0.000189
   6    7   -1    1    0    0.000222
   6    7    1   -1    2   -0.003237
   6    7    1    0    2   -0.003242
   6    8   -1    0    1    0.000229
   6    8    0   -2   -1   -0.003225
   6    8    1   -2   -1   -0.003227
   6    8    2    0    1    0.000230
   6    5   -1    1    1    0.004207
   6    5   -1    1   -2    0.004246
   6    7    2   -2    1    0.004182
   6    7    2    1    1    0.004133
   6    8   -1   -1   -2    0.004129
   6    8    2   -1   -2    0.004125
   6    5    0    2   -1   -0.001190
   6    5    0    2    0   -0.001203
   6    5    2    0   -2   -0.000177
   6    5    2    0    1   -0.000158
   6    7    1   -2   -2   -0.000134
   6    7    1    1   -2   -0.000145
   6    7    3   -1    0   -0.001207
   6    7    3    0    0   -0.001232
   6    8   -1    2   -1   -0.000188
   6    8    0    0   -3   -0.001257
   6    8    1    0   -3   -0.001259
   6    8    2    2   -1   -0.000187
   6    5   -2   -1   -1   -0.001140
   6    5   -2   -1    0   -0.001146
   6    7    0   -1    2   -0.001179
   6    7    0    0    2   -0.001167
   6    8    0   -2    0   -0.001174
   6    8    1   -2    0   -0.001174
   6    5    1   -2   -2    0.002491
   6    5    1   -2    1    0.002498
   6    7   -1   -2   -1    0.002434
   6    7   -1    1   -1    0.002408
   6    8   -1    1    1    0.002445
   6    8    2    1    1    0.002445
   6    5    2   -1   -2    0.001268
   6    5    2   -1    1    0.001256
   6    7    0   -2   -2    0.001199
   6    7    0    1   -2    0.001217
   6    8   -1    2    0    0.001156
   6    8    2    2    0    0.001155
   6    5    1    2   -1   -0.000050
   6    5    1    2    0   -0.000054
   6    7    3   -1   -1   -0.000064
   6    7    3    0   -1   -0.000093
   6    8    0    1   -3   -0.000057
   6    8    1    1   -3   -0.000058
   6    6   -2   -1   -1   -0.001247
   6    6   -2   -1    1    0.002106
   6    6   -2    1   -1   -0.002825
   6    6   -2    1    1   -0.000139
   6    6   -1   -2   -1   -0.000009
   6    6   -1   -2    1    0.002123
   6    6   -1   -1   -2   -0.002860
   6    6   -1   -1    2    0.002082
   6    6   -1    1   -2    0.000019
   6    6   -1    1    2   -0.001182
   6    6   -1    2   -1   -0.001328
   6    6   -1    2    1   -0.002837
   6    6    1   -2   -1   -0.002837
   6    6    1   -2    1   -0.001328
   6    6    1   -1   -2   -0.001182
   6    6    1   -1    2    0.000019
   6    6    1    1   -2    0.002082
   6    6    1    1    2   -0.002860
   6    6    1    2   -1    0.002123
   6    6    1    2    1   -0.000009
   6    6    2   -1   -1   -0.000139
   6    6    2   -1    1   -0.002825
   6    6    2    1   -1    0.002106
   6    6    2    1    1   -0.001247
   6    5    0    0    2   -0.000566
   6    7   -1   -1   -2    0.001609
   6    7   -1    0   -2    0.001584
   6    5    0    0   -3   -0.000566
   6    5    2   -2   -1    0.001683
   6    5    2   -2    0    0.001671
   6    7    1   -3    0   -0.000570
   6    7    1    2    0   -0.000574
   6    8   -2    0   -1   -0.000538
   6    8    0    2    1    0.001583
   6    8    1    2    1    0.001582
   6    8    3    0   -1   -0.000538
   6    5   -1   -2   -2    0.000476
   6    5   -1   -2    1    0.000468
   6    7   -1   -2    1    0.000484
   6    7   -1    1    1    0.000487
   6    8   -1   -1    1    0.000478
   6    8    2   -1    1    0.000478
   6    5    0   -1    2   -0.001509
   6    8   -2    0    0   -0.001452
   6    5   -2    1   -1   -0.000291
   6    5   -2    1    0   -0.000291
   6    5    0   -1   -3   -0.001523
   6    7    0    2    0   -0.001471
   6    7    2   -1    2   -0.000312
   6    7    2    0    2   -0.000307
   6    8    0   -2   -2   -0.000290
   6    8    1   -2   -2   -0.000290
   6    8    3    0    0   -0.001451
   6    7    0   -3    0   -0.001497
   6    5   -1    2   -1   -0.000960
   6    5   -1    2    0   -0.000963
   6    5    1    0    2   -0.001111
   6    8   -2    1   -1   -0.001090
   6    5    1    0   -3   -0.001113
   6    7    1   -3   -1   -0.001095
   6    7    1    2   -1   -0.001091
   6    7    3   -1    1   -0.000965
   6    7    3    0    1   -0.000957
   6    8    0   -1   -3   -0.000955
   6    8    1   -1   -3   -0.000955
   6    8    3    1   -1   -0.001090
   6    5    2    1   -2   -0.000574
   6    5    2    1    1   -0.000576
   6    7    2   -2   -2   -0.000523
   6    7    2    1   -2   -0.000526
   6    8   -1    2   -2   -0.000529
   6    8    2    2   -2   -0.000529
   6    5   -2    0    1    0.000163
   6    7    1    1    2    0.000205
   6    5   -2    0   -2    0.000167
   6    7    1   -2    2    0.000203
   6    8   -1   -2   -1    0.000170
   6    8    2   -2   -1    0.000170
   6    5    1   -1   -3    0.000026
   6    5    1   -1    2    0.000041
   6    7    0    2   -1    0.000052
   6    8   -2    1    0    0.000005
   6    7    0   -3   -1    0.000034
   6    8    3    1    0    0.000007
   6    5    0    2   -2   -0.000724
   6    5    0    2    1   -0.000730
   6    7    3   -2    0   -0.000695
   6    7    3    1    0   -0.000696
   6    8   -1    0   -3   -0.000693
   6    8    2    0   -3   -0.000694
   6    5   -2   -1   -2   -0.000610
   6    5   -2   -1    1   -0.000615
   6    7   -2   -1    0    0.000484
   6    7   -2    0    0    0.000494
   6    7    0   -2    2   -0.000591
   6    7    0    1    2   -0.000595
   6    8   -1   -2    0   -0.000596
   6    8    0    0    2    0.000462
   6    8    1    0    2    0.000463
   6    8    2   -2    0   -0.000597
   6    5    0   -3   -1    0.000534
   6    5    0   -3    0    0.000545
   6    5   -1    0    2    0.000067
   6    7    1    2    1    0.000114
   6    8   -2   -1   -1    0.000087
   6    5   -1    0   -3    0.000075
   6    7    1   -3    1    0.000114
   6    8    3   -1   -1    0.000086
   6    5    0    1    2   -0.000459
   6    8   -2    0   -2   -0.000456
   6    5    0    1   -3   -0.000452
   6    7    2    2    0   -0.000431
   6    8    3    0   -2   -0.000457
   6    7    2   -3    0   -0.000423
   6    5    1    2   -2   -0.000690
   6    5    1    2    1   -0.000687
   6    5    3    0   -1   -0.000268
   6    5    3    0    0   -0.000258
   6    7    1   -1   -3   -0.000311
   6    7    1    0   -3   -0.000305
   6    8   -1    1   -3   -0.000684
   6    7    3   -2   -1   -0.000702
   6    7    3    1   -1   -0.000718
   6    8    0    3   -1   -0.000309
   6    8    1    3   -1   -0.000308
   6    8    2    1   -3   -0.000684
   6    6   -2   -2    0    0.000270
   6    6   -2    0   -2    0.000867
   6    6   -2    0    2    0.000268
   6    6   -2    2    0    0.000884
   6    6    0   -2   -2    0.000878
   6    6    0   -2    2    0.000271
   6    6    0    2   -2    0.000271
   6    6    0    2    2    0.000878
   6    6    2   -2    0    0.000884
   6    6    2    0   -2    0.000268
   6    6    2    0    2    0.000867
   6    6    2    2    0    0.000270
   6    5   -2   -2   -1   -0.000412
   6    5   -2   -2    0   -0.000399
   6    7   -1   -1    2   -0.000420
   6    7   -1    0    2   -0.000413
   6    8    0   -2    1   -0.000420
   6    8    1   -2    1   -0.000419
   6    5   -1   -1    2    0.000017
   6    7    0    2    1    0.000016
   6    8   -2   -1    0    0.000003
   6    8    0    1    2    0.000660
   6    8    1    1    2    0.000660
   6    5   -1   -1   -3    0.000007
   6    5    1   -3   -1    0.000707
   6    5    1   -3    0    0.000706
   6    7   -2   -1   -1    0.000682
   6    7   -2    0   -1    0.000681
   6    7    0   -3    1    0.000010
   6    8    3   -1    0    0.000004
   6    7   -1    1   -2   -0.000174
   6    8   -1    2    1   -0.000179
   6    5    2   -2   -2   -0.000153
   6    5    2   -2    1   -0.000174
   6    7   -1   -2   -2   -0.000151
   6    8    2    2    1   -0.000181
   6    5    1    1    2   -0.000121
   6    8   -2    1   -2   -0.000104
   6    5    1    1   -3   -0.000126
   6    5    3   -1   -1    0.000985
   6    5    3   -1    0    0.000999
   6    7    0   -1   -3    0.000961
   6    7    0    0   -3    0.000955
   6    7    2    2   -1   -0.000135
   6    7    2   -3   -1   -0.000132
   6    8    0    3    0    0.000945
   6    8    1    3    0    0.000946
   6    8    3    1   -2   -0.000104
   6    5    2    2   -1   -0.000210
   6    5    2    2    0   -0.000209
   6    7    3   -1   -2   -0.000223
   6    7    3    0   -2   -0.000221
   6    8    0    2   -3   -0.000219
   6    8    1    2   -3   -0.000219
   6    7    2    1    2   -0.000337
   6    5   -2    1   -2   -0.000358
   6    5   -2    1    1   -0.000354
   6    7    2   -2    2   -0.000326
   6    8   -1   -2   -2   -0.000362
   6    8    2   -2   -2   -0.000362
   6    5   -1    2   -2   -0.000812
   6    5   -1    2    1   -0.000824
   6    7    3   -2    1   -0.000840
   6    7    3    1    1   -0.000845
   6    8   -1   -1   -3   -0.000836
   6    8    2   -1   -3   -0.000837
   6    6   -2   -2   -1    0.000672
   6    6   -2   -2    1    0.000313
   6    6   -2   -1   -2    0.000360
   6    6   -2   -1    2    0.000324
   6    6   -2    1   -2    0.000348
   6    6   -2    1    2    0.000679
   6    6   -2    2   -1    0.000306
   6    6   -2    2    1    0.000384
   6    6   -1   -2   -2    0.000408
   6    6   -1   -2    2    0.000317
   6    6   -1    2   -2    0.000694
   6    6   -1    2    2    0.000344
   6    6    1   -2   -2    0.000344
   6    6    1   -2    2    0.000694
   6    6    1    2   -2    0.000317
   6    6    1    2    2    0.000408
   6    6    2   -2   -1    0.000384
   6    6    2   -2    1    0.000306
   6    6    2   -1   -2    0.000679
   6    6    2   -1    2    0.000348
   6    6    2    1   -2    0.000324
   6    6    2    1    2    0.000360
   6    6    2    2   -1    0.000313
   6    6    2    2    1    0.000672
   6    6   -3    0    0    0.000343
   6    6    0   -3    0    0.000359
   6    6    0    0   -3    0.000346
   6    6    0    0    3    0.000346
   6    6    0    3    0    0.000359
   6    6    3    0    0    0.000343
   7    5   -1    0    0    0.428642
   7    5    0    0    0    0.428659
   7    6   -1    0    0    0.426540
   7    6   -1    1    0    0.426028
   7    8    0    1   -1    0.428468
   7    8    0    1    0    0.428395
   7    5   -1    0   -1   -0.063921
   7    5    0    0   -1   -0.063915
   7    6    0    0    0   -0.064694
   7    6    0    1    0   -0.064618
   7    8    0    0   -1   -0.064937
   7    8    0    0    0   -0.065064
   7    5   -1    1    0   -0.083384
   7    5    0    1    0   -0.083371
   7    6   -1    0    1   -0.082699
   7    6   -1    1    1   -0.082622
   7    8   -1    1   -1   -0.084408
   7    8   -1    1    0   -0.084645
   7    7   -1    0    0    0.087317
   7    7    0   -1    0    0.086880
   7    7    0    0   -1    0.088365
   7    7    0    0    1    0.088365
   7    7    0    1    0    0.086880
   7    7    1    0    0    0.087317
   7    8   -1    0   -1    0.025629
   7    8   -1    0    0    0.025400
   7    5   -1    1   -1    0.026556
   7    5    0    1   -1    0.026566
   7    6    0    0    1    0.025968
   7    6    0    1    1    0.026132
   7    5   -1   -1    0    0.039117
   7    5    0   -1    0    0.039123
   7    6   -1    0   -1    0.038923
   7    6   -1    1   -1    0.039043
   7    8    1    1   -1    0.039572
   7    8    1    1    0    0.039435
   7    5   -1    0    1    0.028675
   7    5    0    0    1    0.028684
   7    6   -2    0    0    0.028948
   7    6   -2    1    0    0.028973
   7    8    0    2   -1    0.029277
   7    8    0    2    0    0.029130
   7    7   -1   -1    0    0.015146
   7    7   -1    0   -1    0.015261
   7    7   -1    0    1   -0.005658
   7    7   -1    1    0   -0.005438
   7    7    0   -1   -1   -0.005707
   7    7    0   -1    1    0.015340
   7    7    0    1   -1    0.015340
   7    7    0    1    1   -0.005707
   7    7    1   -1    0   -0.005438
   7    7    1    0   -1   -0.005658
   7    7    1    0    1    0.015261
   7    7    1    1    0    0.015146
   7    5   -1   -1   -1   -0.015620
   7    5    0   -1   -1   -0.015628
   7    8    1    0   -1   -0.015768
   7    8    1    0    0   -0.015652
   7    6    0    0   -1   -0.015894
   7    6    0    1   -1   -0.015885
   7    5   -2    0    0    0.029085
   7    5    1    0    0    0.029080
   7    6   -1   -1    0    0.028989
   7    6   -1    2    0    0.028979
   7    8    0    1    1    0.028631
   7    8    0    1   -2    0.028548
   7    5   -1    1    1   -0.011985
   7    5    0    1    1   -0.011981
   7    8   -1    2   -1   -0.011937
   7    8   -1    2    0   -0.011937
   7    6   -2    0    1   -0.011803
   7    6   -2    1    1   -0.011921
   7    5    1    0   -1    0.001169
   7    6    0   -1    0    0.001502
   7    8    0    0    1    0.001568
   7    5   -2    0   -1    0.001167
   7    6    0    2    0    0.001539
   7    8    0    0   -2    0.001604
   7    5    1    1    0   -0.007763
   7    6   -1   -1    1   -0.007987
   7    8   -1    1    1   -0.007916
   7    5   -2    1    0   -0.007765
   7    6   -1    2    1   -0.007949
   7    8   -1    1   -2   -0.007872
   7    7   -1   -1   -1    0.009421
   7    7   -1   -1    1    0.009609
   7    7   -1    1   -1    0.009757
   7    7   -1    1    1    0.000075
   7    7    1   -1   -1    0.000075
   7    7    1   -1    1    0.009757
   7    7    1    1   -1    0.009609
   7    7    1    1    1    0.009421
   7    5   -1    0   -2    0.007869
   7    5    0    0   -2    0.007866
   7    6    1    0    0    0.007903
   7    6    1    1    0    0.007895
   7    8    0   -1   -1    0.007944
   7    8    0   -1    0    0.008002
   7    5   -2    1   -1    0.007632
   7    5   -1   -1    1    0.001748
   7    5    0   -1    1    0.001749
   7    5    1    1   -1    0.007636
   7    6   -2    0   -1    0.001784
   7    6   -2    1   -1    0.001815
   7    6    0   -1    1    0.007513
   7    6    0    2    1    0.007618
   7    8   -1    0   -2    0.007912
   7    8   -1    0    1    0.007805
   7    8    1    2   -1    0.001842
   7    8    1    2    0    0.001818
   7    6   -1    0    2    0.000809
   7    6   -1    1    2    0.000794
   7    5   -1    2    0    0.000834
   7    5    0    2    0    0.000836
   7    8   -2    1   -1    0.000970
   7    8   -2    1    0    0.000948
   7    5   -2   -1    0   -0.000019
   7    5   -1    1   -2   -0.000107
   7    5    0    1   -2   -0.000106
   7    5    1   -1    0   -0.000012
   7    6   -1   -1   -1   -0.000128
   7    6   -1    2   -1   -0.000151
   7    6    1    0    1   -0.000147
   7    6    1    1    1   -0.000063
   7    8   -1   -1   -1   -0.000055
   7    8   -1   -1    0   -0.000104
   7    8    1    1   -2   -0.000007
   7    8    1    1    1   -0.000107
   7    5   -2    0    1    0.004020
   7    5   -1    2   -1    0.000861
   7    5    0    2   -1    0.000867
   7    5    1    0    1    0.004016
   7    6   -2   -1    0    0.003957
   7    6   -2    2    0    0.004028
   7    6    0    0    2    0.000938
   7    6    0    1    2    0.001037
   7    8   -2    0   -1    0.001073
   7    8   -2    0    0    0.000952
   7    8    0    2   -2    0.003996
   7    8    0    2    1    0.004029
   7    7   -2    0    0    0.000587
   7    7    0   -2    0    0.000777
   7    7    0    0   -2    0.000815
   7    7    0    0    2    0.000815
   7    7    0    2    0    0.000777
   7    7    2    0    0    0.000587
   7    8    1    0    1   -0.002936
   7    5   -2   -1   -1   -0.003148
   7    5    1   -1   -1   -0.003149
   7    6    0   -1   -1   -0.002976
   7    6    0    2   -1   -0.002993
   7    8    1    0   -2   -0.002959
   7    5    1    1    1   -0.006465
   7    6   -2   -1    1   -0.006481
   7    8   -1    2    1   -0.006473
   7    5   -2    1    1   -0.006464
   7    6   -2    2    1   -0.006501
   7    8   -1    2   -2   -0.006482
   7    5   -1   -1   -2   -0.000097
   7    5    0   -1   -2   -0.000097
   7    6    1    0   -1   -0.000068
   7    6    1    1   -1   -0.000088
   7    8    1   -1   -1   -0.000096
   7    8    1   -1    0   -0.000092
   7    5   -1    2    1    0.000056
   7    5    0    2    1    0.000055
   7    6   -2    0    2    0.000041
   7    6   -2    1    2    0.000036
   7    8   -2    2   -1    0.000081
   7    8   -2    2    0    0.000086
   7    7   -2   -1    0   -0.000315
   7    7   -2    0   -1   -0.001889
   7    7   -2    0    1   -0.001567
   7    7   -2    1    0   -0.002478
   7    7   -1   -2    0   -0.001750
   7    7   -1    0   -2   -0.000393
   7    7   -1    0    2   -0.002465
   7    7   -1    2    0   -0.001590
   7    7    0   -2   -1   -0.002456
   7    7    0   -2    1   -0.000397
   7    7    0   -1   -2   -0.001619
   7    7    0   -1    2   -0.001793
   7    7    0    1   -2   -0.001793
   7    7    0    1    2   -0.001619
   7    7    0    2   -1   -0.000397
   7    7    0    2    1   -0.002456
   7    7    1   -2    0   -0.001590
   7    7    1    0   -2   -0.002465
   7    7    1    0    2   -0.000393
   7    7    1    2    0   -0.001750
   7    7    2   -1    0   -0.002478
   7    7    2    0   -1   -0.001567
   7    7    2    0    1   -0.001889
   7    7    2    1    0   -0.000315
   7    5   -2    0   -2    0.000260
   7    5   -1   -2    0   -0.003234
   7    5    0   -2    0   -0.003232
   7    5    1    0   -2    0.000261
   7    6   -1    0   -2   -0.003242
   7    6   -1    1   -2   -0.003237
   7    6    1   -1    0    0.000222
   7    6    1    2    0    0.000189
   7    8    0   -1   -2    0.000245
   7    8    0   -1    1    0.000242
   7    8    2    1   -1   -0.003225
   7    8    2    1    0   -0.003263
   7    5    1   -1    1    0.004199
   7    5   -2   -1    1    0.004199
   7    6   -2   -1   -1    0.004133
   7    6   -2    2   -1    0.004182
   7    8    1    2   -2    0.004245
   7    8    1    2    1    0.004212
   7    5   -2    2    0   -0.000172
   7    5   -1    0    2   -0.001265
   7    5    0    0    2   -0.001265
   7    5    1    2    0   -0.000173
   7    6   -3    0    0   -0.001232
   7    6   -3    1    0   -0.001207
   7    6   -1   -1    2   -0.000145
   7    6   -1    2    2   -0.000134
   7    8   -2    1   -2   -0.000177
   7    8   -2    1    1   -0.000157
   7    8    0    3   -1   -0.001192
   7    8    0    3    0   -0.001202
   7    5   -1   -2   -1   -0.001167
   7    5    0   -2   -1   -0.001166
   7    6    0    0   -2   -0.001167
   7    6    0    1   -2   -0.001179
   7    8    2    0   -1   -0.001139
   7    8    2    0    0   -0.001146
   7    5   -2    1   -2    0.002474
   7    5    1    1   -2    0.002473
   7    6    1   -1    1    0.002408
   7    6    1    2    1    0.002434
   7    8   -1   -1   -2    0.002490
   7    8   -1   -1    1    0.002501
   7    5    1    2   -1    0.001188
   7    6    0   -1    2    0.001217
   7    6    0    2    2    0.001199
   7    8   -2    0   -2    0.001270
   7    8   -2    0    1    0.001256
   7    5   -2    2   -1    0.001187
   7    5   -1    1    2   -0.000070
   7    5    0    1    2   -0.000071
   7    6   -3    0    1   -0.000093
   7    6   -3    1    1   -0.000064
   7    8   -1    3   -1   -0.000052
   7    8   -1    3    0   -0.000052
   7    7   -2   -1   -1   -0.002808
   7    7   -2   -1    1   -0.000143
   7    7   -2    1   -1   -0.001277
   7    7   -2    1    1    0.002081
   7    7   -1   -2   -1   -0.001326
   7    7   -1   -2    1   -0.002876
   7    7   -1   -1   -2    0.000059
   7    7   -1   -1    2   -0.001209
   7    7   -1    1   -2   -0.002897
   7    7   -1    1    2    0.002071
   7    7   -1    2   -1   -0.000023
   7    7   -1    2    1    0.002084
   7    7    1   -2   -1    0.002084
   7    7    1   -2    1   -0.000023
   7    7    1   -1   -2    0.002071
   7    7    1   -1    2   -0.002897
   7    7    1    1   -2   -0.001209
   7    7    1    1    2    0.000059
   7    7    1    2   -1   -0.002876
   7    7    1    2    1   -0.001326
   7    7    2   -1   -1    0.002081
   7    7    2   -1    1   -0.001277
   7    7    2    1   -1   -0.000143
   7    7    2    1    1   -0.002808
   7    6    1    0    2    0.001584
   7    6    1    1    2    0.001609
   7    8    0    1    2   -0.000567
   7    5   -3    0    0   -0.000555
   7    5   -1    2   -2    0.001583
   7    5    0    2   -2    0.001582
   7    5    2    0    0   -0.000555
   7    6   -1   -2    0   -0.000574
   7    6   -1    3    0   -0.000570
   7    8   -2   -1   -1    0.001681
   7    8   -2   -1    0    0.001673
   7    8    0    1   -3   -0.000567
   7    5   -2   -1   -2    0.000480
   7    5    1   -1   -2    0.000480
   7    6    1   -1   -1    0.000487
   7    6    1    2   -1    0.000484
   7    8    1   -1   -2    0.000476
   7    8    1   -1    1    0.000468
   7    5    2    0   -1   -0.001445
   7    8    0    0    2   -0.001511
   7    5   -3    0   -1   -0.001445
   7    5   -1   -2    1   -0.000290
   7    5    0   -2    1   -0.000290
   7    6   -2    0   -2   -0.000307
   7    6   -2    1   -2   -0.000312
   7    6    0   -2    0   -0.001471
   7    8    0    0   -3   -0.001521
   7    8    2    2   -1   -0.000291
   7    8    2    2    0   -0.000292
   7    6    0    3    0   -0.001497
   7    5   -1   -1    2   -0.000949
   7    5    0   -1    2   -0.000948
   7    5    2    1    0   -0.001080
   7    8   -1    1    2   -0.001111
   7    5   -3    1    0   -0.001080
   7    6   -3    0   -1   -0.000957
   7    6   -3    1   -1   -0.000965
   7    6   -1   -2    1   -0.001091
   7    6   -1    3    1   -0.001095
   7    8   -1    1   -3   -0.001112
   7    8    1    3   -1   -0.000959
   7    8    1    3    0   -0.000963
   7    5   -2    2    1   -0.000552
   7    5    1    2    1   -0.000552
   7    6   -2   -1    2   -0.000526
   7    6   -2    2    2   -0.000523
   7    8   -2    2   -2   -0.000575
   7    8   -2    2    1   -0.000577
   7    6   -1   -1   -2    0.000205
   7    5   -2   -2    0    0.000179
   7    5    1   -2    0    0.000179
   7    6   -1    2   -2    0.000203
   7    8    2    1   -2    0.000167
   7    8    2    1    1    0.000164
   7    5    2    1   -1    0.000040
   7    6    0   -2    1    0.000052
   7    8   -1    0   -3    0.000028
   7    8   -1    0    2    0.000041
   7    5   -3    1   -1    0.000040
   7    6    0    3    1    0.000034
   7    5   -2    0    2   -0.000689
   7    5    1    0    2   -0.000689
   7    6   -3   -1    0   -0.000696
   7    6   -3    2    0   -0.000695
   7    8    0    3   -2   -0.000724
   7    8    0    3    1   -0.000730
   7    5   -2   -2   -1   -0.000598
   7    5    1   -2   -1   -0.000598
   7    6    0   -1   -2   -0.000595
   7    6    0    2   -2   -0.000591
   7    6    2    0    0    0.000494
   7    6    2    1    0    0.000484
   7    8    0   -2   -1    0.000535
   7    8    0   -2    0    0.000544
   7    8    2    0   -2   -0.000611
   7    8    2    0    1   -0.000615
   7    5   -1    0   -3    0.000475
   7    5    0    0   -3    0.000475
   7    5    2   -1    0    0.000089
   7    8    1    1    2    0.000067
   7    6   -1   -2   -1    0.000114
   7    8    1    1   -3    0.000075
   7    5   -3   -1    0    0.000089
   7    6   -1    3   -1    0.000114
   7    5    2    0    1   -0.000449
   7    8    0    2    2   -0.000458
   7    5   -3    0    1   -0.000449
   7    6   -2   -2    0   -0.000431
   7    6   -2    3    0   -0.000423
   7    8    0    2   -3   -0.000452
   7    5   -2    1    2   -0.000689
   7    5    1    1    2   -0.000690
   7    6   -1    0    3   -0.000305
   7    6   -1    1    3   -0.000311
   7    8   -3    1   -1   -0.000267
   7    8   -3    1    0   -0.000258
   7    8   -1    3    1   -0.000686
   7    5   -1    3    0   -0.000293
   7    5    0    3    0   -0.000293
   7    6   -3   -1    1   -0.000718
   7    6   -3    2    1   -0.000702
   7    8   -1    3   -2   -0.000691
   7    7   -2   -2    0    0.000884
   7    7   -2    0   -2    0.000868
   7    7   -2    0    2    0.000256
   7    7   -2    2    0    0.000253
   7    7    0   -2   -2    0.000270
   7    7    0   -2    2    0.000875
   7    7    0    2   -2    0.000875
   7    7    0    2    2    0.000270
   7    7    2   -2    0    0.000253
   7    7    2    0   -2    0.000256
   7    7    2    0    2    0.000868
   7    7    2    2    0    0.000884
   7    5   -1   -2   -2   -0.000414
   7    5    0   -2   -2   -0.000415
   7    6    1    0   -2   -0.000413
   7    6    1    1   -2   -0.000420
   7    8    2   -1   -1   -0.000411
   7    8    2   -1    0   -0.000399
   7    5    2   -1   -1   -0.000010
   7    8    1    0    2    0.000016
   7    5   -3   -1   -1   -0.000010
   7    5   -1    1   -3    0.000659
   7    5    0    1   -3    0.000659
   7    6    0   -2   -1    0.000016
   7    6    0    3   -1    0.000010
   7    6    2    0    1    0.000681
   7    6    2    1    1    0.000682
   7    8   -1   -2   -1    0.000707
   7    8   -1   -2    0    0.000706
   7    8    1    0   -3    0.000007
   7    6    1   -1    2   -0.000174
   7    8   -2   -1    1   -0.000173
   7    5   -2    2   -2   -0.000181
   7    5    1    2   -2   -0.000180
   7    6    1    2    2   -0.000151
   7    8   -2   -1   -2   -0.000155
   7    5    2    1    1   -0.000117
   7    8   -1    2    2   -0.000122
   7    6   -2   -2    1   -0.000135
   7    6    0    0    3    0.000955
   7    6    0    1    3    0.000961
   7    8   -3    0   -1    0.000985
   7    8   -3    0    0    0.001000
   7    5   -3    1    1   -0.000116
   7    5   -1    3   -1    0.000955
   7    5    0    3   -1    0.000954
   7    6   -2    3    1   -0.000132
   7    8   -1    2   -3   -0.000126
   7    5   -1    2    2   -0.000218
   7    5    0    2    2   -0.000218
   7    6   -3    0    2   -0.000221
   7    6   -3    1    2   -0.000223
   7    8   -2    3   -1   -0.000209
   7    8   -2    3    0   -0.000209
   7    6   -2   -1   -2   -0.000337
   7    5   -2   -2    1   -0.000351
   7    5    1   -2    1   -0.000352
   7    6   -2    2   -2   -0.000326
   7    8    2    2   -2   -0.000359
   7    8    2    2    1   -0.000353
   7    5   -2   -1    2   -0.000833
   7    5    1   -1    2   -0.000832
   7    6   -3   -1   -1   -0.000845
   7    6   -3    2   -1   -0.000840
   7    8    1    3   -2   -0.000812
   7    8    1    3    1   -0.000823
   7    7   -2   -2   -1    0.000323
   7    7   -2   -2    1    0.000371
   7    7   -2   -1   -2    0.000355
   7    7   -2   -1    2    0.000680
   7    7   -2    1   -2    0.000349
   7    7   -2    1    2    0.000334
   7    7   -2    2   -1    0.000672
   7    7   -2    2    1    0.000326
   7    7   -1   -2   -2    0.000701
   7    7   -1   -2    2    0.000328
   7    7   -1    2   -2    0.000405
   7    7   -1    2    2    0.000316
   7    7    1   -2   -2    0.000316
   7    7    1   -2    2    0.000405
   7    7    1    2   -2    0.000328
   7    7    1    2    2    0.000701
   7    7    2   -2   -1    0.000326
   7    7    2   -2    1    0.000672
   7    7    2   -1   -2    0.000334
   7    7    2   -1    2    0.000349
   7    7    2    1   -2    0.000680
   7    7    2    1    2    0.000355
   7    7    2    2   -1    0.000371
   7    7    2    2    1    0.000323
   7    7   -3    0    0    0.000321
   7    7    0   -3    0    0.000346
   7    7    0    0   -3    0.000337
   7    7    0    0    3    0.000337
   7    7    0    3    0    0.000346
   7    7    3    0    0    0.000321
   8    5    0   -1    0    0.426292
   8    5    0    0    0    0.425782
   8    6   -1    0    1    0.424896
   8    6    0    0    1    0.424880
   8    7    0   -1    0    0.428395
   8    7    0   -1    1    0.428468
   8    5   -1   -1    0   -0.064679
   8    5   -1    0    0   -0.064594
   8    6   -1    0    0   -0.063626
   8    6    0    0    0   -0.063614
   8    7    0    0    0   -0.065064
   8    7    0    0    1   -0.064937
   8    5    0   -1    1   -0.082684
   8    5    0    0    1   -0.082591
   8    6   -1   -1    1   -0.083042
   8    6    0   -1    1   -0.083023
   8    7    1   -1    0   -0.084645
   8    7    1   -1    1   -0.084408
   8    8   -1    0    0    0.085583
   8    8    0   -1    0    0.086531
   8    8    0    0   -1    0.088296
   8    8    0    0    1    0.088296
   8    8    0    1    0    0.086531
   8    8    1    0    0    0.085583
   8    5   -1   -1    1    0.025965
   8    5   -1    0    1    0.026145
   8    6   -1   -1    0    0.026618
   8    6    0   -1    0    0.026641
   8    7    1    0    0    0.025400
   8    7    1    0    1    0.025629
   8    5    0   -1   -1    0.038915
   8    5    0    0   -1    0.039044
   8    6   -1    1    1    0.039057
   8    6    0    1    1    0.039071
   8    7   -1   -1    0    0.039435
   8    7   -1   -1    1    0.039572
   8    5    1   -1    0    0.028939
   8    5    1    0    0    0.028973
   8    6   -1    0    2    0.028600
   8    6    0    0    2    0.028611
   8    7    0   -2    0    0.029130
   8    7    0   -2    1    0.029277
   8    8   -1   -1    0    0.015086
   8    8   -1    0   -1   -0.005750
   8    8   -1    0    1    0.015305
   8    8   -1    1    0   -0.005416
   8    8    0   -1   -1    0.015290
   8    8    0   -1    1   -0.005855
   8    8    0    1   -1   -0.005855
   8    8    0    1    1    0.015290
   8    8    1   -1    0   -0.005416
   8    8    1    0   -1    0.015305
   8    8    1    0    1   -0.005750
   8    8    1    1    0    0.015086
   8    5   -1   -1   -1   -0.015885
   8    5   -1    0   -1   -0.015884
   8    6   -1    1    0   -0.015549
   8    6    0    1    0   -0.015557
   8    7   -1    0    0   -0.015652
   8    7   -1    0    1   -0.015768
   8    5    0   -2    0    0.028980
   8    5    0    1    0    0.028966
   8    6   -2    0    1    0.028920
   8    6    1    0    1    0.028914
   8    7    0   -1   -1    0.028631
   8    7    0   -1    2    0.028548
   8    5    1   -1    1   -0.011794
   8    5    1    0    1   -0.011913
   8    6   -1   -1    2   -0.011858
   8    6    0   -1    2   -0.011863
   8    7    1   -2    0   -0.011937
   8    7    1   -2    1   -0.011937
   8    5   -1    1    0    0.001543
   8    6    1    0    0    0.001208
   8    7    0    0   -1    0.001568
   8    5   -1   -2    0    0.001504
   8    6   -2    0    0    0.001205
   8    7    0    0    2    0.001604
   8    5    0   -2    1   -0.007986
   8    5    0    1    1   -0.007945
   8    6    1   -1    1   -0.007731
   8    7    1   -1   -1   -0.007916
   8    6   -2   -1    1   -0.007735
   8    7    1   -1    2   -0.007872
   8    8   -1   -1   -1    0.009473
   8    8   -1   -1    1    0.009458
   8    8   -1    1   -1    0.000130
   8    8   -1    1    1    0.009597
   8    8    1   -1   -1    0.009597
   8    8    1   -1    1    0.000130
   8    8    1    1   -1    0.009458
   8    8    1    1    1    0.009473
   8    5   -2   -1    0    0.007902
   8    5   -2    0    0    0.007890
   8    6   -1    0   -1    0.007828
   8    6    0    0   -1    0.007824
   8    7    0    1    0    0.008002
   8    7    0    1    1    0.007944
   8    5   -1   -2    1    0.007506
   8    5   -1    1    1    0.007618
   8    5    1   -1   -1    0.001782
   8    5    1    0   -1    0.001814
   8    6   -2   -1    0    0.007571
   8    6   -1    1    2    0.001735
   8    6    0    1    2    0.001737
   8    6    1   -1    0    0.007582
   8    7   -1   -2    0    0.001818
   8    7   -1   -2    1    0.001842
   8    7    1    0   -1    0.007805
   8    7    1    0    2    0.007912
   8    5    0   -1    2    0.000811
   8    5    0    0    2    0.000798
   8    6   -1   -2    1    0.000876
   8    6    0   -2    1    0.000877
   8    7    2   -1    0    0.000948
   8    7    2   -1    1    0.000970
   8    5   -2   -1    1   -0.000147
   8    5   -2    0    1   -0.000059
   8    5    0   -2   -1   -0.000130
   8    5    0    1   -1   -0.000148
   8    6   -2    1    1   -0.000015
   8    6   -1   -1   -1   -0.000082
   8    6    0   -1   -1   -0.000076
   8    6    1    1    1   -0.000010
   8    7   -1   -1   -1   -0.000107
   8    7   -1   -1    2   -0.000007
   8    7    1    1    0   -0.000104
   8    7    1    1    1   -0.000055
   8    5   -1   -1    2    0.000935
   8    5   -1    0    2    0.001041
   8    5    1   -2    0    0.003956
   8    5    1    1    0    0.004025
   8    6   -2    0    2    0.003983
   8    6   -1   -2    0    0.000867
   8    6    0   -2    0    0.000878
   8    6    1    0    2    0.003983
   8    7    0   -2   -1    0.004029
   8    7    0   -2    2    0.003996
   8    7    2    0    0    0.000952
   8    7    2    0    1    0.001073
   8    8   -2    0    0    0.000808
   8    8    0   -2    0    0.000787
   8    8    0    0   -2    0.000868
   8    8    0    0    2    0.000868
   8    8    0    2    0    0.000787
   8    8    2    0    0    0.000808
   8    5   -1   -2   -1   -0.002973
   8    5   -1    1   -1   -0.002993
   8    6   -2    1    0   -0.003122
   8    6    1    1    0   -0.003125
   8    7   -1    0   -1   -0.002936
   8    7   -1    0    2   -0.002959
   8    5    1   -2    1   -0.006478
   8    5    1    1    1   -0.006499
   8    6    1   -1    2   -0.006420
   8    6   -2   -1    2   -0.006419
   8    7    1   -2   -1   -0.006473
   8    7    1   -2    2   -0.006482
   8    5   -2   -1   -1   -0.000069
   8    5   -2    0   -1   -0.000089
   8    6   -1    1   -1   -0.000113
   8    6    0    1   -1   -0.000114
   8    7   -1    1    0   -0.000092
   8    7   -1    1    1   -0.000096
   8    5    1   -1    2    0.000039
   8    5    1    0    2    0.000034
   8    6   -1   -2    2    0.000027
   8    6    0   -2    2    0.000027
   8    7    2   -2    0    0.000086
   8    7    2   -2    1    0.000081
   8    8   -2   -1    0   -0.000262
   8    8   -2    0   -1   -0.001523
   8    8   -2    0    1   -0.001847
   8    8   -2    1    0   -0.002447
   8    8   -1   -2    0   -0.001726
   8    8   -1    0   -2   -0.002435
   8    8   -1    0    2   -0.000374
   8    8   -1    2    0   -0.001561
   8    8    0   -2   -1   -0.000367
   8    8    0   -2    1   -0.002427
   8    8    0   -1   -2   -0.001811
   8    8    0   -1    2   -0.001624
   8    8    0    1   -2   -0.001624
   8    8    0    1    2   -0.001811
   8    8    0    2   -1   -0.002427
   8    8    0    2    1   -0.000367
   8    8    1   -2    0   -0.001561
   8    8    1    0   -2   -0.000374
   8    8    1    0    2   -0.002435
   8    8    1    2    0   -0.001726
   8    8    2   -1    0   -0.002447
   8    8    2    0   -1   -0.001847
   8    8    2    0    1   -0.001523
   8    8    2    1    0   -0.000262
   8    5   -2   -2    0    0.000220
   8    5   -2    1    0    0.000187
   8    5    0   -1   -2   -0.003243
   8    5    0    0   -2   -0.003236
   8    6   -2    0   -1    0.000230
   8    6   -1    2    1   -0.003227
   8    6    0    2    1   -0.003225
   8    6    1    0   -1    0.000229
   8    7   -2   -1    0   -0.003263
   8    7   -2   -1    1   -0.003225
   8    7    0    1   -1    0.000242
   8    7    0    1    2    0.000245
   8    5    1   -2   -1    0.004127
   8    5    1    1   -1    0.004178
   8    6   -2    1    2    0.004125
   8    6    1    1    2    0.004129
   8    7   -1   -2   -1    0.004212
   8    7   -1   -2    2    0.004245
   8    5    0   -2    2   -0.000146
   8    5    0    1    2   -0.000135
   8    5    2   -1    0   -0.001232
   8    5    2    0    0   -0.001206
   8    6   -2   -2    1   -0.000187
   8    6   -1    0    3   -0.001259
   8    6    0    0    3   -0.001257
   8    6    1   -2    1   -0.000188
   8    7    2   -1   -1   -0.000157
   8    7    2   -1    2   -0.000177
   8    7    0   -3    0   -0.001202
   8    7    0   -3    1   -0.001192
   8    5   -1   -1   -2   -0.001167
   8    5   -1    0   -2   -0.001179
   8    6   -1    2    0   -0.001174
   8    6    0    2    0   -0.001174
   8    7   -2    0    0   -0.001146
   8    7   -2    0    1   -0.001139
   8    5   -2   -2    1    0.002407
   8    5   -2    1    1    0.002432
   8    6   -2   -1   -1    0.002445
   8    6    1   -1   -1    0.002445
   8    7    1    1   -1    0.002501
   8    7    1    1    2    0.002490
   8    5   -1   -2    2    0.001214
   8    5   -1    1    2    0.001197
   8    6    1   -2    0    0.001156
   8    7    2    0   -1    0.001256
   8    7    2    0    2    0.001270
   8    6   -2   -2    0    0.001155
   8    5    2   -1    1   -0.000092
   8    5    2    0    1   -0.000063
   8    6   -1   -1    3   -0.000058
   8    6    0   -1    3   -0.000057
   8    7    1   -3    0   -0.000052
   8    7    1   -3    1   -0.000052
   8    8   -2   -1   -1   -0.000142
   8    8   -2   -1    1   -0.002824
   8    8   -2    1   -1    0.002106
   8    8   -2    1    1   -0.001245
   8    8   -1   -2   -1   -0.002840
   8    8   -1   -2    1   -0.001327
   8    8   -1   -1   -2   -0.001183
   8    8   -1   -1    2    0.000020
   8    8   -1    1   -2    0.002084
   8    8   -1    1    2   -0.002857
   8    8   -1    2   -1    0.002125
   8    8   -1    2    1   -0.000008
   8    8    1   -2   -1   -0.000008
   8    8    1   -2    1    0.002125
   8    8    1   -1   -2   -0.002857
   8    8    1   -1    2    0.002084
   8    8    1    1   -2    0.000020
   8    8    1    1    2   -0.001183
   8    8    1    2   -1   -0.001327
   8    8    1    2    1   -0.002840
   8    8    2   -1   -1   -0.001245
   8    8    2   -1    1    0.002106
   8    8    2    1   -1   -0.002824
   8    8    2    1    1   -0.000142
   8    7    0   -1   -2   -0.000567
   8    5   -2   -1    2    0.001584
   8    5   -2    0    2    0.001610
   8    5    0   -3    0   -0.000573
   8    5    0    2    0   -0.000569
   8    6   -3    0    1   -0.000538
   8    6   -1   -2   -1    0.001582
   8    6    0   -2   -1    0.001583
   8    6    2    0    1   -0.000538
   8    7    0   -1    3   -0.000567
   8    7    2    1    0    0.001673
   8    7    2    1    1    0.001681
   8    5   -2   -2   -1    0.000487
   8    5   -2    1   -1    0.000484
   8    6   -2    1   -1    0.000478
   8    6    1    1   -1    0.000478
   8    7   -1    1   -1    0.000468
   8    7   -1    1    2    0.000476
   8    5    1   -1   -2   -0.000307
   8    5    1    0   -2   -0.000312
   8    6    2    0    0   -0.001452
   8    7    0    0   -2   -0.001511
   8    5   -1    2    0   -0.001498
   8    6   -3    0    0   -0.001451
   8    6   -1    2    2   -0.000290
   8    6    0    2    2   -0.000290
   8    7   -2   -2    0   -0.000292
   8    7   -2   -2    1   -0.000291
   8    7    0    0    3   -0.001521
   8    5   -1   -3    0   -0.001471
   8    5    2   -1   -1   -0.000957
   8    5    2    0   -1   -0.000965
   8    6    2   -1    1   -0.001090
   8    7    1   -1   -2   -0.001111
   8    5    0   -3    1   -0.001091
   8    5    0    2    1   -0.001096
   8    6   -3   -1    1   -0.001090
   8    6   -1    1    3   -0.000955
   8    6    0    1    3   -0.000955
   8    7   -1   -3    0   -0.000963
   8    7   -1   -3    1   -0.000959
   8    7    1   -1    3   -0.001112
   8    5    1   -2    2   -0.000525
   8    5    1    1    2   -0.000521
   8    6   -2   -2    2   -0.000529
   8    6    1   -2    2   -0.000529
   8    7    2   -2   -1   -0.000577
   8    7    2   -2    2   -0.000575
   8    5    0    1   -2    0.000203
   8    5    0   -2   -2    0.000205
   8    6   -2    2    1    0.000170
   8    6    1    2    1    0.000170
   8    7   -2   -1   -1    0.000164
   8    7   -2   -1    2    0.000167
   8    5   -1    2    1    0.000031
   8    6    2   -1    0    0.000005
   8    7    1    0   -2    0.000041
   8    5   -1   -3    1    0.000051
   8    6   -3   -1    0    0.000007
   8    7    1    0    3    0.000028
   8    5    2    1    0   -0.000696
   8    5    2   -2    0   -0.000697
   8    6   -2    0    3   -0.000694
   8    6    1    0    3   -0.000693
   8    7    0   -3   -1   -0.000730
   8    7    0   -3    2   -0.000724
   8    5   -1   -2   -2   -0.000595
   8    5   -1    1   -2   -0.000591
   8    6   -2    2    0   -0.000597
   8    6   -1    0   -2    0.000463
   8    6    0    0   -2    0.000462
   8    6    1    2    0   -0.000596
   8    7   -2    0   -1   -0.000615
   8    7   -2    0    2   -0.000611
   8    7    0    2    0    0.000544
   8    7    0    2    1    0.000535
   8    5   -3   -1    0    0.000493
   8    5   -3    0    0    0.000483
   8    5    0    2   -1    0.000114
   8    6    2    1    1    0.000087
   8    7   -1   -1   -2    0.000067
   8    5    0   -3   -1    0.000113
   8    6   -3    1    1    0.000086
   8    7   -1   -1    3    0.000075
   8    6    2    0    2   -0.000456
   8    7    0   -2   -2   -0.000458
   8    5    1    2    0   -0.000424
   8    6   -3    0    2   -0.000457
   8    5    1   -3    0   -0.000431
   8    7    0   -2    3   -0.000452
   8    5    0   -1    3   -0.000306
   8    5    0    0    3   -0.000312
   8    5    2   -2    1   -0.000717
   8    5    2    1    1   -0.000701
   8    6    1   -1    3   -0.000684
   8    7    1   -3   -1   -0.000686
   8    7    3   -1    0   -0.000258
   8    7    3   -1    1   -0.000267
   8    6   -2   -1    3   -0.000684
   8    6   -1   -3    1   -0.000308
   8    6    0   -3    1   -0.000309
   8    7    1   -3    2   -0.000691
   8    8   -2   -2    0    0.000884
   8    8   -2    0   -2    0.000267
   8    8   -2    0    2    0.000868
   8    8   -2    2    0    0.000270
   8    8    0   -2   -2    0.000878
   8    8    0   -2    2    0.000272
   8    8    0    2   -2    0.000272
   8    8    0    2    2    0.000878
   8    8    2   -2    0    0.000270
   8    8    2    0   -2    0.000868
   8    8    2    0    2    0.000267
   8    8    2    2    0    0.000884
   8    5   -2   -1   -2   -0.000412
   8    5   -2    0   -2   -0.000420
   8    6   -1    2   -1   -0.000419
   8    6    0    2   -1   -0.000420
   8    7   -2    1    0   -0.000399
   8    7   -2    1    1   -0.000411
   8    5   -1    2   -1    0.000010
   8    6   -1   -1   -2    0.000660
   8    6    0   -1   -2    0.000660
   8    6    2    1    0    0.000003
   8    7   -1    0   -2    0.000016
   8    5   -3   -1    1    0.000681
   8    5   -3    0    1    0.000682
   8    5   -1   -3   -1    0.000017
   8    6   -3    1    0    0.000004
   8    7   -1    0    3    0.000007
   8    7    1    2    0    0.000706
   8    7    1    2    1    0.000707
   8    6    1   -2   -1   -0.000179
   8    7    2    1   -1   -0.000173
   8    5   -2   -2    2   -0.000174
   8    5   -2    1    2   -0.000151
   8    6   -2   -2   -1   -0.000181
   8    7    2    1    2   -0.000155
   8    6    2   -1    2   -0.000104
   8    5   -1   -1    3    0.000955
   8    5   -1    0    3    0.000960
   8    5    1    2    1   -0.000132
   8    7    1   -2   -2   -0.000122
   8    7    3    0    0    0.001000
   8    7    3    0    1    0.000985
   8    5    1   -3    1   -0.000134
   8    6   -3   -1    2   -0.000104
   8    6   -1   -3    0    0.000946
   8    6    0   -3    0    0.000945
   8    7    1   -2    3   -0.000126
   8    5    2   -1    2   -0.000221
   8    5    2    0    2   -0.000223
   8    6   -1   -2    3   -0.000219
   8    6    0   -2    3   -0.000219
   8    7    2   -3    0   -0.000209
   8    7    2   -3    1   -0.000209
   8    5    1   -2   -2   -0.000338
   8    5    1    1   -2   -0.000327
   8    6   -2    2    2   -0.000362
   8    6    1    2    2   -0.000362
   8    7   -2   -2   -1   -0.000353
   8    7   -2   -2    2   -0.000359
   8    5    2   -2   -1   -0.000846
   8    5    2    1   -1   -0.000840
   8    6   -2    1    3   -0.000837
   8    6    1    1    3   -0.000836
   8    7   -1   -3   -1   -0.000823
   8    7   -1   -3    2   -0.000812
   8    8   -2   -2   -1    0.000383
   8    8   -2   -2    1    0.000306
   8    8   -2   -1   -2    0.000678
   8    8   -2   -1    2    0.000348
   8    8   -2    1   -2    0.000324
   8    8   -2    1    2    0.000362
   8    8   -2    2   -1    0.000313
   8    8   -2    2    1    0.000672
   8    8   -1   -2   -2    0.000343
   8    8   -1   -2    2    0.000694
   8    8   -1    2   -2    0.000317
   8    8   -1    2    2    0.000409
   8    8    1   -2   -2    0.000409
   8    8    1   -2    2    0.000317
   8    8    1    2   -2    0.000694
   8    8    1    2    2    0.000343
   8    8    2   -2   -1    0.000672
   8    8    2   -2    1    0.000313
   8    8    2   -1   -2    0.000362
   8    8    2   -1    2    0.000324
   8    8    2    1   -2    0.000348
   8    8    2    1    2    0.000678
   8    8    2    2   -1    0.000306
   8    8    2    2    1    0.000383
   8    8   -3    0    0    0.000343
   8    8    0   -3    0    0.000361
   8    8    0    0   -3    0.000347
   8    8    0    0    3    0.000347
   8    8    0    3    0    0.000361
   8    8    3    0    0    0.000343
