#-------------------------------------------------------------------------------
 start rspt
 Initialized constants. Machine eps = 2.2204460493e-16 
 fft column major dimensions:
       normal fft: 40 40 40, size = 64000
        super fft: 80 80 80, size = 512000
 mbases (matrix dimension mod spin) = 248
 mbasis set
 matrix dimension is 496
 initfft: start
 initfft: fft_ncmdim: 40 40 40 ... fft_scmdim: 80 80 80
 initfft: nrmdim: 40 40 40 ... srmdim: 80 80 80
 fftw_fft_init: wisdom read from rspt_fft_wisdom.0
 initfft: 
 (Tail,Energy) parameter set
     p     t     e
     1     1     1
     2     2     1
     3     3     1
     4     1     2
     5     2     2
 spin axis =  .000000000  .000000000  1.00000000 absolute
 spin axis euler angles: alpha =  .000000000 beta =  .000000000 gamma =  .000000000
 eset 0
  L  T  S  n  f                 E
  0  1 -1  4  0  .125035628894560
  1  1 -1  4  0  .507810049323030
  2  1 -1  4 22  3.85658388886816
  3  1 -1  4  0  .656304683367690
  4  1 -1  5  0  .694226059476440
  5  1 -1  6  0  .698703107303070
  6  1 -1  7  0  .689115352038560
  7  1 -1  8  0  .702914680111050
  8  1 -1  9  0  .710042356223510
  0  2 -1  4  0  .125035844202830
  1  2 -1  4  0  .507809607440250
  2  2 -1  4 22  3.85659195052320
  3  2 -1  4  0  .656305189687840
  4  2 -1  5  0  .694226387385890
  5  2 -1  6  0  .698703034089300
  6  2 -1  7  0  .689115542363710
  7  2 -1  8  0  .702914865884040
  8  2 -1  9  0  .710042636922390
  0  3 -1  4  0  .125035943534150
  1  3 -1  4  0  .507810176194550
  2  3 -1  4 22  3.85658303376001
  3  3 -1  4  0  .656304694913830
  4  3 -1  5  0  .694226050840290
  5  3 -1  6  0  .698703166217900
  6  3 -1  7  0  .689115450171530
  7  3 -1  8  0  .702914826091910
  8  3 -1  9  0  .710042456090690
  0  4 -1  4  0  .125036364780370
  1  4 -1  4  0  .507809748990760
  2  4 -1  4 22  3.85659220446644
  3  4 -1  4  0  .656305313274080
  4  4 -1  5  0  .694226431521780
  5  4 -1  6  0  .698703099375020
  6  4 -1  7  0  .689115730726710
  7  4 -1  8  0  .702915158721050
  8  4 -1  9  0  .710042895863820
  0  5 -1  4 20  3.04870437721851
  1  5 -1  4 21  3.83913083143807
  2  5 -1  3  0  .664478739012290
  3  5 -1  4  0  .508776358483310
  4  5 -1  5  0  .500969105088290
  5  5 -1  6  0  .460751395569090
  6  5 -1  7  0  .441764467933890
  7  5 -1  8  0  .439194864538040
  8  5 -1  9  0  .485410179267420
  0  6 -1  4 20  3.04856122227851
  1  6 -1  4 21  3.83899943353104
  2  6 -1  3  0  .664480532871450
  3  6 -1  4  0  .508776457414310
  4  6 -1  5  0  .500969721992240
  5  6 -1  6  0  .460752327585820
  6  6 -1  7  0  .441765697871370
  7  6 -1  8  0  .439196163598310
  8  6 -1  9  0  .485411102266620
  0  7 -1  4 20  3.04871938031404
  1  7 -1  4 21  3.83914459041822
  2  7 -1  3  0  .664478659978780
  3  7 -1  4  0  .508776353787330
  4  7 -1  5  0  .500969041838150
  5  7 -1  6  0  .460751416774630
  6  7 -1  7  0  .441764321097580
  7  7 -1  8  0  .439194825227450
  8  7 -1  9  0  .485410057222630
  0  8 -1  4 20  3.04855577176820
  1  8 -1  4 21  3.83899440917444
  2  8 -1  3  0  .664480879518570
  3  8 -1  4  0  .508776478545130
  4  8 -1  5  0  .500969725356680
  5  8 -1  6  0  .460752387737990
  6  8 -1  7  0  .441765562719600
  7  8 -1  8  0  .439196243619340
  8  8 -1  9  0  .485411210972860
  0  1  1  4  0  .125302902714230
  1  1  1  4  0  .485733852143110
  2  1  1  4 22  3.86568675181093
  3  1  1  4  0  .625518247055990
  4  1  1  5  0  .658230705217250
  5  1  1  6  0  .671277711002730
  6  1  1  7  0  .664625682925480
  7  1  1  8  0  .661784491125390
  8  1  1  9  0  .667109068129840
  0  2  1  4  0  .125303246356200
  1  2  1  4  0  .485733312681400
  2  2  1  4 22  3.86569485706079
  3  2  1  4  0  .625518112208240
  4  2  1  5  0  .658230756593040
  5  2  1  6  0  .671277850645040
  6  2  1  7  0  .664625846497460
  7  2  1  8  0  .661784654965580
  8  2  1  9  0  .667109176561110
  0  3  1  4  0  .125303208384840
  1  3  1  4  0  .485734013512690
  2  3  1  4 22  3.86568588520441
  3  3  1  4  0  .625518334263040
  4  3  1  5  0  .658230705811360
  5  3  1  6  0  .671277696357480
  6  3  1  7  0  .664625663289070
  7  3  1  8  0  .661784546627110
  8  3  1  9  0  .667109117224660
  0  4  1  4  0  .125303771574810
  1  4  1  4  0  .485733454579140
  2  4  1  4 22  3.86569510353293
  3  4  1  4  0  .625518207410650
  4  4  1  5  0  .658230779407610
  5  4  1  6  0  .671277884071930
  6  4  1  7  0  .664625886864150
  7  4  1  8  0  .661784781495590
  8  4  1  9  0  .667109276370610
  0  5  1  4 20  3.00240791660609
  1  5  1  4 21  3.79912037685655
  2  5  1  3  0  .634092112400510
  3  5  1  4  0  .484130042761380
  4  5  1  5  0  .482113514086130
  5  5  1  6  0  .451101828015550
  6  5  1  7  0  .451518648503520
  7  5  1  8  0  .458827683260760
  8  5  1  9  0  .490559921135570
  0  6  1  4 20  3.00226234714453
  1  6  1  4 21  3.79898630843543
  2  6  1  3  0  .634096250334580
  3  6  1  4  0  .484130095832560
  4  6  1  5  0  .482114103837570
  5  6  1  6  0  .451102175052370
  6  6  1  7  0  .451519049209180
  7  6  1  8  0  .458827799739080
  8  6  1  9  0  .490560024195720
  0  7  1  4 20  3.00242264419435
  1  7  1  4 21  3.79913395831798
  2  7  1  3  0  .634090808107060
  3  7  1  4  0  .484130110994610
  4  7  1  5  0  .482113454521630
  5  7  1  6  0  .451101922003720
  6  7  1  7  0  .451518604961050
  7  7  1  8  0  .458827825626100
  8  7  1  9  0  .490560150513370
  0  8  1  4 20  3.00225604055586
  1  8  1  4 21  3.79898052627162
  2  8  1  3  0  .634095053205120
  3  8  1  4  0  .484130204360220
  4  8  1  5  0  .482114170578500
  5  8  1  6  0  .451102562137620
  6  8  1  7  0  .451519282882620
  7  8  1  8  0  .458828156443520
  8  8  1  9  0  .490560306446380
 eset 1
  L  T  S  n  f                 E
  0  1 -1  4  0  .020612247124332
  1  1 -1  4  0  .388932929518370
  2  1 -1  3  0 -1.01648759465480
  3  1 -1  4  0  .031736213850603
  4  1 -1  5  0 -.670731646371650
  5  1 -1  6  0 -1.46380761376550
  6  1 -1  7  0 -2.09575752292090
  7  1 -1  8  0 -2.47716135875710
  8  1 -1  9  0 -2.52114957238000
  0  2 -1  4  0  .020611812578045
  1  2 -1  4  0  .388932796109030
  2  2 -1  3  0 -1.01648791029400
  3  2 -1  4  0  .031735189595273
  4  2 -1  5  0 -.670731424260150
  5  2 -1  6  0 -1.46380685300630
  6  2 -1  7  0 -2.09575767575610
  7  2 -1  8  0 -2.47716129050640
  8  2 -1  9  0 -2.52114912485170
  0  3 -1  4  0  .020612467470543
  1  3 -1  4  0  .388933014227830
  2  3 -1  3  0 -1.01648734212360
  3  3 -1  4  0  .031736352712171
  4  3 -1  5  0 -.670732180362930
  5  3 -1  6  0 -1.46380768496080
  6  3 -1  7  0 -2.09575771574230
  7  3 -1  8  0 -2.47716124212660
  8  3 -1  9  0 -2.52114945535100
  0  4 -1  4  0  .020611901883426
  1  4 -1  4  0  .388932781498560
  2  4 -1  3  0 -1.01648755947650
  3  4 -1  4  0  .031735160080388
  4  4 -1  5  0 -.670731924997710
  5  4 -1  6  0 -1.46380655409530
  6  4 -1  7  0 -2.09575768808020
  7  4 -1  8  0 -2.47716120621580
  8  4 -1  9  0 -2.52114913238240
  0  5 -1  3 -1 -5.48861543135867
  1  5 -1  3 -1 -3.02874214277316
  2  5 -1  3  0  .441343555952140
  3  5 -1  4  0  .175891700716170
  4  5 -1  5  0 -.340351234117230
  5  5 -1  6  0 -.810003986708040
  6  5 -1  7  0 -1.02158786719250
  7  5 -1  8  0 -1.01863817545780
  8  5 -1  9  0 -1.05954678793060
  0  6 -1  3 -1 -5.48889326232134
  1  6 -1  3 -1 -3.02901044717459
  2  6 -1  3  0  .441345492442890
  3  6 -1  4  0  .175891059343260
  4  6 -1  5  0 -.340352236900330
  5  6 -1  6  0 -.810003223742690
  6  6 -1  7  0 -1.02158705284660
  7  6 -1  8  0 -1.01863716092180
  8  6 -1  9  0 -1.05954641621930
  0  7 -1  3 -1 -5.48858622834024
  1  7 -1  3 -1 -3.02871394385625
  2  7 -1  3  0  .441343778428920
  3  7 -1  4  0  .175891744898410
  4  7 -1  5  0 -.340351570302840
  5  7 -1  6  0 -.810003713892390
  6  7 -1  7  0 -1.02158790725350
  7  7 -1  8  0 -1.01863806429470
  8  7 -1  9  0 -1.05954674153620
  0  8 -1  3 -1 -5.48890368352515
  1  8 -1  3 -1 -3.02902051599696
  2  8 -1  3  0  .441346224432360
  3  8 -1  4  0  .175890948315370
  4  8 -1  5  0 -.340352884868540
  5  8 -1  6  0 -.810002514541460
  6  8 -1  7  0 -1.02158704246930
  7  8 -1  8  0 -1.01863694971110
  8  8 -1  9  0 -1.05954633281500
  0  1  1  4  0  .027946233778033
  1  1  1  4  0  .377598384065160
  2  1  1  3  0 -1.01587738674060
  3  1  1  4  0 -.016660245718987
  4  1  1  5  0 -.682021301519830
  5  1  1  6  0 -1.39070898512630
  6  1  1  7  0 -2.01797258639310
  7  1  1  8  0 -2.48780155521890
  8  1  1  9  0 -2.56917649259970
  0  2  1  4  0  .027945952315602
  1  2  1  4  0  .377598235479040
  2  2  1  3  0 -1.01587774058870
  3  2  1  4  0 -.016660004256452
  4  2  1  5  0 -.682020531388200
  5  2  1  6  0 -1.39070804003370
  6  2  1  7  0 -2.01797234999230
  7  2  1  8  0 -2.48780155301860
  8  2  1  9  0 -2.56917620297160
  0  3  1  4  0  .027946297454016
  1  3  1  4  0  .377598320854200
  2  3  1  3  0 -1.01587712695210
  3  3  1  4  0 -.016660259917390
  4  3  1  5  0 -.682021752047070
  5  3  1  6  0 -1.39070920247610
  6  3  1  7  0 -2.01797275159800
  7  3  1  8  0 -2.48780158955430
  8  3  1  9  0 -2.56917666425930
  0  4  1  4  0  .027946171142786
  1  4  1  4  0  .377598259869550
  2  4  1  3  0 -1.01587738597280
  3  4  1  4  0 -.016659887032174
  4  4  1  5  0 -.682020980314090
  5  4  1  6  0 -1.39070838291360
  6  4  1  7  0 -2.01797275003700
  7  4  1  8  0 -2.48780152830830
  8  4  1  9  0 -2.56917619559250
  0  5  1  3 -1 -5.58291007694133
  1  5  1  3 -1 -3.12004417487426
  2  5  1  3  0  .396105505492220
  3  5  1  4  0  .149850616764650
  4  5  1  5  0 -.311991402972860
  5  5  1  6  0 -.744713412920400
  6  5  1  7  0 -1.00446782777460
  7  5  1  8  0 -1.04758597475350
  8  5  1  9  0 -1.07073484590600
  0  6  1  3 -1 -5.58319054559979
  1  6  1  3 -1 -3.12031527914487
  2  6  1  3  0  .396109677389710
  3  6  1  4  0  .149849391964010
  4  6  1  5  0 -.311992232503720
  5  6  1  6  0 -.744709269722680
  6  6  1  7  0 -1.00446641486530
  7  6  1  8  0 -1.04758488817780
  8  6  1  9  0 -1.07073485400290
  0  7  1  3 -1 -5.58288172615057
  1  7  1  3 -1 -3.12001677280707
  2  7  1  3  0  .396104525872370
  3  7  1  4  0  .149850756718990
  4  7  1  5  0 -.311991448765600
  5  7  1  6  0 -.744714319815060
  6  7  1  7  0 -1.00446811269580
  7  7  1  8  0 -1.04758613557610
  8  7  1  9  0 -1.07073483252830
  0  8  1  3 -1 -5.58320276368559
  1  8  1  3 -1 -3.12032709104048
  2  8  1  3  0  .396108968816950
  3  8  1  4  0  .149849370700290
  4  8  1  5  0 -.311992379249190
  5  8  1  6  0 -.744709965852890
  6  8  1  7  0 -1.00446656399990
  7  8  1  8  0 -1.04758486696990
  8  8  1  9  0 -1.07073477268830
basisFT:    M0    M1    M2     vectors (column major order)
basisFT:    10    10    10        9261
basisFT: radii           1
basisFT:     1  2.11626405
basisFT: L+N+1           6
basisFT:  maxL
basisFT:     2
initBasisFT: basis Fourier Transform parameters
      radii and powers:
        2.11626405     6
          Lm    M0    M1    M2
           2    10    10    10
 initfft: wisdom written to rspt_fft_wisdom.0
 end rspt
#-------------------------------------------------------------------------------
