#      order       spins
           1           2
#              Pi1               Pi2               Pi3                       p
# element 0
  1.00000000000000  .000000000000000  .000000000000000        .000000000000000
  .000000000000000  1.00000000000000  .000000000000000        .000000000000000
  .000000000000000  .000000000000000  1.00000000000000        .000000000000000
#      types
           8
# type 0
           1 # site(s)
 -.158600000000000 -.158600000000000 -.158600000000000       #     tau 0
  .000000000000000  .000000000000000  .000000000000000     1 #     alpha, beta, gamma, inversion
          81 # harmonics
#    L     n     m                ar                ai
     0     1     0  1.00000000000000  .000000000000000 # harmonic 0
     1     2    -1 -.707106781186547  .000000000000000 # harmonic 1
                 1 -.707106781186547  .000000000000000
     1     1     0  .000000000000000  1.00000000000000 # harmonic 2
     1     2    -1  .000000000000000  .707106781186547 # harmonic 3
                 1  .000000000000000 -.707106781186547
     2     2    -2  .000000000000000 -.707106781186547 # harmonic 4
                 2  .000000000000000  .707106781186547
     2     2    -1  .000000000000000 -.707106781186547 # harmonic 5
                 1  .000000000000000 -.707106781186547
     2     1     0 -1.00000000000000  .000000000000000 # harmonic 6
     2     2    -1 -.707106781186547  .000000000000000 # harmonic 7
                 1  .707106781186547  .000000000000000
     2     2    -2 -.707106781186547  .000000000000000 # harmonic 8
                 2 -.707106781186547  .000000000000000
     3     2    -3  .707106781186547  .000000000000000 # harmonic 9
                 3  .707106781186547  .000000000000000
     3     2    -2  .707106781186547  .000000000000000 # harmonic 10
                 2 -.707106781186547  .000000000000000
     3     2    -1  .707106781186547  .000000000000000 # harmonic 11
                 1  .707106781186547  .000000000000000
     3     1     0  .000000000000000 -1.00000000000000 # harmonic 12
     3     2    -1  .000000000000000 -.707106781186547 # harmonic 13
                 1  .000000000000000  .707106781186547
     3     2    -2  .000000000000000 -.707106781186547 # harmonic 14
                 2  .000000000000000 -.707106781186547
     3     2    -3  .000000000000000 -.707106781186547 # harmonic 15
                 3  .000000000000000  .707106781186547
     4     2    -4  .000000000000000  .707106781186547 # harmonic 16
                 4  .000000000000000 -.707106781186547
     4     2    -3  .000000000000000  .707106781186547 # harmonic 17
                 3  .000000000000000  .707106781186547
     4     2    -2  .000000000000000  .707106781186547 # harmonic 18
                 2  .000000000000000 -.707106781186547
     4     2    -1  .000000000000000  .707106781186547 # harmonic 19
                 1  .000000000000000  .707106781186547
     4     1     0  1.00000000000000  .000000000000000 # harmonic 20
     4     2    -1  .707106781186547  .000000000000000 # harmonic 21
                 1 -.707106781186547  .000000000000000
     4     2    -2  .707106781186547  .000000000000000 # harmonic 22
                 2  .707106781186547  .000000000000000
     4     2    -3  .707106781186547  .000000000000000 # harmonic 23
                 3 -.707106781186547  .000000000000000
     4     2    -4  .707106781186547  .000000000000000 # harmonic 24
                 4  .707106781186547  .000000000000000
     5     2    -5 -.707106781186547  .000000000000000 # harmonic 25
                 5 -.707106781186547  .000000000000000
     5     2    -4 -.707106781186547  .000000000000000 # harmonic 26
                 4  .707106781186547  .000000000000000
     5     2    -3 -.707106781186547  .000000000000000 # harmonic 27
                 3 -.707106781186547  .000000000000000
     5     2    -2 -.707106781186547  .000000000000000 # harmonic 28
                 2  .707106781186547  .000000000000000
     5     2    -1 -.707106781186547  .000000000000000 # harmonic 29
                 1 -.707106781186547  .000000000000000
     5     1     0  .000000000000000  1.00000000000000 # harmonic 30
     5     2    -1  .000000000000000  .707106781186547 # harmonic 31
                 1  .000000000000000 -.707106781186547
     5     2    -2  .000000000000000  .707106781186547 # harmonic 32
                 2  .000000000000000  .707106781186547
     5     2    -3  .000000000000000  .707106781186547 # harmonic 33
                 3  .000000000000000 -.707106781186547
     5     2    -4  .000000000000000  .707106781186547 # harmonic 34
                 4  .000000000000000  .707106781186547
     5     2    -5  .000000000000000  .707106781186547 # harmonic 35
                 5  .000000000000000 -.707106781186547
     6     2    -6  .000000000000000 -.707106781186547 # harmonic 36
                 6  .000000000000000  .707106781186547
     6     2    -5  .000000000000000 -.707106781186547 # harmonic 37
                 5  .000000000000000 -.707106781186547
     6     2    -4  .000000000000000 -.707106781186547 # harmonic 38
                 4  .000000000000000  .707106781186547
     6     2    -3  .000000000000000 -.707106781186547 # harmonic 39
                 3  .000000000000000 -.707106781186547
     6     2    -2  .000000000000000 -.707106781186547 # harmonic 40
                 2  .000000000000000  .707106781186547
     6     2    -1  .000000000000000 -.707106781186547 # harmonic 41
                 1  .000000000000000 -.707106781186547
     6     1     0 -1.00000000000000  .000000000000000 # harmonic 42
     6     2    -1 -.707106781186547  .000000000000000 # harmonic 43
                 1  .707106781186547  .000000000000000
     6     2    -2 -.707106781186547  .000000000000000 # harmonic 44
                 2 -.707106781186547  .000000000000000
     6     2    -3 -.707106781186547  .000000000000000 # harmonic 45
                 3  .707106781186547  .000000000000000
     6     2    -4 -.707106781186547  .000000000000000 # harmonic 46
                 4 -.707106781186547  .000000000000000
     6     2    -5 -.707106781186547  .000000000000000 # harmonic 47
                 5  .707106781186547  .000000000000000
     6     2    -6 -.707106781186547  .000000000000000 # harmonic 48
                 6 -.707106781186547  .000000000000000
     7     2    -7  .707106781186547  .000000000000000 # harmonic 49
                 7  .707106781186547  .000000000000000
     7     2    -6  .707106781186547  .000000000000000 # harmonic 50
                 6 -.707106781186547  .000000000000000
     7     2    -5  .707106781186547  .000000000000000 # harmonic 51
                 5  .707106781186547  .000000000000000
     7     2    -4  .707106781186547  .000000000000000 # harmonic 52
                 4 -.707106781186547  .000000000000000
     7     2    -3  .707106781186547  .000000000000000 # harmonic 53
                 3  .707106781186547  .000000000000000
     7     2    -2  .707106781186547  .000000000000000 # harmonic 54
                 2 -.707106781186547  .000000000000000
     7     2    -1  .707106781186547  .000000000000000 # harmonic 55
                 1  .707106781186547  .000000000000000
     7     1     0  .000000000000000 -1.00000000000000 # harmonic 56
     7     2    -1  .000000000000000 -.707106781186547 # harmonic 57
                 1  .000000000000000  .707106781186547
     7     2    -2  .000000000000000 -.707106781186547 # harmonic 58
                 2  .000000000000000 -.707106781186547
     7     2    -3  .000000000000000 -.707106781186547 # harmonic 59
                 3  .000000000000000  .707106781186547
     7     2    -4  .000000000000000 -.707106781186547 # harmonic 60
                 4  .000000000000000 -.707106781186547
     7     2    -5  .000000000000000 -.707106781186547 # harmonic 61
                 5  .000000000000000  .707106781186547
     7     2    -6  .000000000000000 -.707106781186547 # harmonic 62
                 6  .000000000000000 -.707106781186547
     7     2    -7  .000000000000000 -.707106781186547 # harmonic 63
                 7  .000000000000000  .707106781186547
     8     2    -8  .000000000000000  .707106781186547 # harmonic 64
                 8  .000000000000000 -.707106781186547
     8     2    -7  .000000000000000  .707106781186547 # harmonic 65
                 7  .000000000000000  .707106781186547
     8     2    -6  .000000000000000  .707106781186547 # harmonic 66
                 6  .000000000000000 -.707106781186547
     8     2    -5  .000000000000000  .707106781186547 # harmonic 67
                 5  .000000000000000  .707106781186547
     8     2    -4  .000000000000000  .707106781186547 # harmonic 68
                 4  .000000000000000 -.707106781186547
     8     2    -3  .000000000000000  .707106781186547 # harmonic 69
                 3  .000000000000000  .707106781186547
     8     2    -2  .000000000000000  .707106781186547 # harmonic 70
                 2  .000000000000000 -.707106781186547
     8     2    -1  .000000000000000  .707106781186547 # harmonic 71
                 1  .000000000000000  .707106781186547
     8     1     0  1.00000000000000  .000000000000000 # harmonic 72
     8     2    -1  .707106781186547  .000000000000000 # harmonic 73
                 1 -.707106781186547  .000000000000000
     8     2    -2  .707106781186547  .000000000000000 # harmonic 74
                 2  .707106781186547  .000000000000000
     8     2    -3  .707106781186547  .000000000000000 # harmonic 75
                 3 -.707106781186547  .000000000000000
     8     2    -4  .707106781186547  .000000000000000 # harmonic 76
                 4  .707106781186547  .000000000000000
     8     2    -5  .707106781186547  .000000000000000 # harmonic 77
                 5 -.707106781186547  .000000000000000
     8     2    -6  .707106781186547  .000000000000000 # harmonic 78
                 6  .707106781186547  .000000000000000
     8     2    -7  .707106781186547  .000000000000000 # harmonic 79
                 7 -.707106781186547  .000000000000000
     8     2    -8  .707106781186547  .000000000000000 # harmonic 80
                 8  .707106781186547  .000000000000000
# type 1
           1 # site(s)
 -.341400000000000  .158600000000000  .341400000000000       #     tau 0
  .000000000000000  .000000000000000  .000000000000000     1 #     alpha, beta, gamma, inversion
          81 # harmonics
#    L     n     m                ar                ai
     0     1     0  1.00000000000000  .000000000000000 # harmonic 0
     1     2    -1 -.707106781186547  .000000000000000 # harmonic 1
                 1 -.707106781186547  .000000000000000
     1     1     0  .000000000000000  1.00000000000000 # harmonic 2
     1     2    -1  .000000000000000  .707106781186547 # harmonic 3
                 1  .000000000000000 -.707106781186547
     2     2    -2  .000000000000000 -.707106781186547 # harmonic 4
                 2  .000000000000000  .707106781186547
     2     2    -1  .000000000000000 -.707106781186547 # harmonic 5
                 1  .000000000000000 -.707106781186547
     2     1     0 -1.00000000000000  .000000000000000 # harmonic 6
     2     2    -1 -.707106781186547  .000000000000000 # harmonic 7
                 1  .707106781186547  .000000000000000
     2     2    -2 -.707106781186547  .000000000000000 # harmonic 8
                 2 -.707106781186547  .000000000000000
     3     2    -3  .707106781186547  .000000000000000 # harmonic 9
                 3  .707106781186547  .000000000000000
     3     2    -2  .707106781186547  .000000000000000 # harmonic 10
                 2 -.707106781186547  .000000000000000
     3     2    -1  .707106781186547  .000000000000000 # harmonic 11
                 1  .707106781186547  .000000000000000
     3     1     0  .000000000000000 -1.00000000000000 # harmonic 12
     3     2    -1  .000000000000000 -.707106781186547 # harmonic 13
                 1  .000000000000000  .707106781186547
     3     2    -2  .000000000000000 -.707106781186547 # harmonic 14
                 2  .000000000000000 -.707106781186547
     3     2    -3  .000000000000000 -.707106781186547 # harmonic 15
                 3  .000000000000000  .707106781186547
     4     2    -4  .000000000000000  .707106781186547 # harmonic 16
                 4  .000000000000000 -.707106781186547
     4     2    -3  .000000000000000  .707106781186547 # harmonic 17
                 3  .000000000000000  .707106781186547
     4     2    -2  .000000000000000  .707106781186547 # harmonic 18
                 2  .000000000000000 -.707106781186547
     4     2    -1  .000000000000000  .707106781186547 # harmonic 19
                 1  .000000000000000  .707106781186547
     4     1     0  1.00000000000000  .000000000000000 # harmonic 20
     4     2    -1  .707106781186547  .000000000000000 # harmonic 21
                 1 -.707106781186547  .000000000000000
     4     2    -2  .707106781186547  .000000000000000 # harmonic 22
                 2  .707106781186547  .000000000000000
     4     2    -3  .707106781186547  .000000000000000 # harmonic 23
                 3 -.707106781186547  .000000000000000
     4     2    -4  .707106781186547  .000000000000000 # harmonic 24
                 4  .707106781186547  .000000000000000
     5     2    -5 -.707106781186547  .000000000000000 # harmonic 25
                 5 -.707106781186547  .000000000000000
     5     2    -4 -.707106781186547  .000000000000000 # harmonic 26
                 4  .707106781186547  .000000000000000
     5     2    -3 -.707106781186547  .000000000000000 # harmonic 27
                 3 -.707106781186547  .000000000000000
     5     2    -2 -.707106781186547  .000000000000000 # harmonic 28
                 2  .707106781186547  .000000000000000
     5     2    -1 -.707106781186547  .000000000000000 # harmonic 29
                 1 -.707106781186547  .000000000000000
     5     1     0  .000000000000000  1.00000000000000 # harmonic 30
     5     2    -1  .000000000000000  .707106781186547 # harmonic 31
                 1  .000000000000000 -.707106781186547
     5     2    -2  .000000000000000  .707106781186547 # harmonic 32
                 2  .000000000000000  .707106781186547
     5     2    -3  .000000000000000  .707106781186547 # harmonic 33
                 3  .000000000000000 -.707106781186547
     5     2    -4  .000000000000000  .707106781186547 # harmonic 34
                 4  .000000000000000  .707106781186547
     5     2    -5  .000000000000000  .707106781186547 # harmonic 35
                 5  .000000000000000 -.707106781186547
     6     2    -6  .000000000000000 -.707106781186547 # harmonic 36
                 6  .000000000000000  .707106781186547
     6     2    -5  .000000000000000 -.707106781186547 # harmonic 37
                 5  .000000000000000 -.707106781186547
     6     2    -4  .000000000000000 -.707106781186547 # harmonic 38
                 4  .000000000000000  .707106781186547
     6     2    -3  .000000000000000 -.707106781186547 # harmonic 39
                 3  .000000000000000 -.707106781186547
     6     2    -2  .000000000000000 -.707106781186547 # harmonic 40
                 2  .000000000000000  .707106781186547
     6     2    -1  .000000000000000 -.707106781186547 # harmonic 41
                 1  .000000000000000 -.707106781186547
     6     1     0 -1.00000000000000  .000000000000000 # harmonic 42
     6     2    -1 -.707106781186547  .000000000000000 # harmonic 43
                 1  .707106781186547  .000000000000000
     6     2    -2 -.707106781186547  .000000000000000 # harmonic 44
                 2 -.707106781186547  .000000000000000
     6     2    -3 -.707106781186547  .000000000000000 # harmonic 45
                 3  .707106781186547  .000000000000000
     6     2    -4 -.707106781186547  .000000000000000 # harmonic 46
                 4 -.707106781186547  .000000000000000
     6     2    -5 -.707106781186547  .000000000000000 # harmonic 47
                 5  .707106781186547  .000000000000000
     6     2    -6 -.707106781186547  .000000000000000 # harmonic 48
                 6 -.707106781186547  .000000000000000
     7     2    -7  .707106781186547  .000000000000000 # harmonic 49
                 7  .707106781186547  .000000000000000
     7     2    -6  .707106781186547  .000000000000000 # harmonic 50
                 6 -.707106781186547  .000000000000000
     7     2    -5  .707106781186547  .000000000000000 # harmonic 51
                 5  .707106781186547  .000000000000000
     7     2    -4  .707106781186547  .000000000000000 # harmonic 52
                 4 -.707106781186547  .000000000000000
     7     2    -3  .707106781186547  .000000000000000 # harmonic 53
                 3  .707106781186547  .000000000000000
     7     2    -2  .707106781186547  .000000000000000 # harmonic 54
                 2 -.707106781186547  .000000000000000
     7     2    -1  .707106781186547  .000000000000000 # harmonic 55
                 1  .707106781186547  .000000000000000
     7     1     0  .000000000000000 -1.00000000000000 # harmonic 56
     7     2    -1  .000000000000000 -.707106781186547 # harmonic 57
                 1  .000000000000000  .707106781186547
     7     2    -2  .000000000000000 -.707106781186547 # harmonic 58
                 2  .000000000000000 -.707106781186547
     7     2    -3  .000000000000000 -.707106781186547 # harmonic 59
                 3  .000000000000000  .707106781186547
     7     2    -4  .000000000000000 -.707106781186547 # harmonic 60
                 4  .000000000000000 -.707106781186547
     7     2    -5  .000000000000000 -.707106781186547 # harmonic 61
                 5  .000000000000000  .707106781186547
     7     2    -6  .000000000000000 -.707106781186547 # harmonic 62
                 6  .000000000000000 -.707106781186547
     7     2    -7  .000000000000000 -.707106781186547 # harmonic 63
                 7  .000000000000000  .707106781186547
     8     2    -8  .000000000000000  .707106781186547 # harmonic 64
                 8  .000000000000000 -.707106781186547
     8     2    -7  .000000000000000  .707106781186547 # harmonic 65
                 7  .000000000000000  .707106781186547
     8     2    -6  .000000000000000  .707106781186547 # harmonic 66
                 6  .000000000000000 -.707106781186547
     8     2    -5  .000000000000000  .707106781186547 # harmonic 67
                 5  .000000000000000  .707106781186547
     8     2    -4  .000000000000000  .707106781186547 # harmonic 68
                 4  .000000000000000 -.707106781186547
     8     2    -3  .000000000000000  .707106781186547 # harmonic 69
                 3  .000000000000000  .707106781186547
     8     2    -2  .000000000000000  .707106781186547 # harmonic 70
                 2  .000000000000000 -.707106781186547
     8     2    -1  .000000000000000  .707106781186547 # harmonic 71
                 1  .000000000000000  .707106781186547
     8     1     0  1.00000000000000  .000000000000000 # harmonic 72
     8     2    -1  .707106781186547  .000000000000000 # harmonic 73
                 1 -.707106781186547  .000000000000000
     8     2    -2  .707106781186547  .000000000000000 # harmonic 74
                 2  .707106781186547  .000000000000000
     8     2    -3  .707106781186547  .000000000000000 # harmonic 75
                 3 -.707106781186547  .000000000000000
     8     2    -4  .707106781186547  .000000000000000 # harmonic 76
                 4  .707106781186547  .000000000000000
     8     2    -5  .707106781186547  .000000000000000 # harmonic 77
                 5 -.707106781186547  .000000000000000
     8     2    -6  .707106781186547  .000000000000000 # harmonic 78
                 6  .707106781186547  .000000000000000
     8     2    -7  .707106781186547  .000000000000000 # harmonic 79
                 7 -.707106781186547  .000000000000000
     8     2    -8  .707106781186547  .000000000000000 # harmonic 80
                 8  .707106781186547  .000000000000000
# type 2
           1 # site(s)
  .341400000000000 -.341400000000000  .158600000000000       #     tau 0
  .000000000000000  .000000000000000  .000000000000000     1 #     alpha, beta, gamma, inversion
          81 # harmonics
#    L     n     m                ar                ai
     0     1     0  1.00000000000000  .000000000000000 # harmonic 0
     1     2    -1 -.707106781186547  .000000000000000 # harmonic 1
                 1 -.707106781186547  .000000000000000
     1     1     0  .000000000000000  1.00000000000000 # harmonic 2
     1     2    -1  .000000000000000  .707106781186547 # harmonic 3
                 1  .000000000000000 -.707106781186547
     2     2    -2  .000000000000000 -.707106781186547 # harmonic 4
                 2  .000000000000000  .707106781186547
     2     2    -1  .000000000000000 -.707106781186547 # harmonic 5
                 1  .000000000000000 -.707106781186547
     2     1     0 -1.00000000000000  .000000000000000 # harmonic 6
     2     2    -1 -.707106781186547  .000000000000000 # harmonic 7
                 1  .707106781186547  .000000000000000
     2     2    -2 -.707106781186547  .000000000000000 # harmonic 8
                 2 -.707106781186547  .000000000000000
     3     2    -3  .707106781186547  .000000000000000 # harmonic 9
                 3  .707106781186547  .000000000000000
     3     2    -2  .707106781186547  .000000000000000 # harmonic 10
                 2 -.707106781186547  .000000000000000
     3     2    -1  .707106781186547  .000000000000000 # harmonic 11
                 1  .707106781186547  .000000000000000
     3     1     0  .000000000000000 -1.00000000000000 # harmonic 12
     3     2    -1  .000000000000000 -.707106781186547 # harmonic 13
                 1  .000000000000000  .707106781186547
     3     2    -2  .000000000000000 -.707106781186547 # harmonic 14
                 2  .000000000000000 -.707106781186547
     3     2    -3  .000000000000000 -.707106781186547 # harmonic 15
                 3  .000000000000000  .707106781186547
     4     2    -4  .000000000000000  .707106781186547 # harmonic 16
                 4  .000000000000000 -.707106781186547
     4     2    -3  .000000000000000  .707106781186547 # harmonic 17
                 3  .000000000000000  .707106781186547
     4     2    -2  .000000000000000  .707106781186547 # harmonic 18
                 2  .000000000000000 -.707106781186547
     4     2    -1  .000000000000000  .707106781186547 # harmonic 19
                 1  .000000000000000  .707106781186547
     4     1     0  1.00000000000000  .000000000000000 # harmonic 20
     4     2    -1  .707106781186547  .000000000000000 # harmonic 21
                 1 -.707106781186547  .000000000000000
     4     2    -2  .707106781186547  .000000000000000 # harmonic 22
                 2  .707106781186547  .000000000000000
     4     2    -3  .707106781186547  .000000000000000 # harmonic 23
                 3 -.707106781186547  .000000000000000
     4     2    -4  .707106781186547  .000000000000000 # harmonic 24
                 4  .707106781186547  .000000000000000
     5     2    -5 -.707106781186547  .000000000000000 # harmonic 25
                 5 -.707106781186547  .000000000000000
     5     2    -4 -.707106781186547  .000000000000000 # harmonic 26
                 4  .707106781186547  .000000000000000
     5     2    -3 -.707106781186547  .000000000000000 # harmonic 27
                 3 -.707106781186547  .000000000000000
     5     2    -2 -.707106781186547  .000000000000000 # harmonic 28
                 2  .707106781186547  .000000000000000
     5     2    -1 -.707106781186547  .000000000000000 # harmonic 29
                 1 -.707106781186547  .000000000000000
     5     1     0  .000000000000000  1.00000000000000 # harmonic 30
     5     2    -1  .000000000000000  .707106781186547 # harmonic 31
                 1  .000000000000000 -.707106781186547
     5     2    -2  .000000000000000  .707106781186547 # harmonic 32
                 2  .000000000000000  .707106781186547
     5     2    -3  .000000000000000  .707106781186547 # harmonic 33
                 3  .000000000000000 -.707106781186547
     5     2    -4  .000000000000000  .707106781186547 # harmonic 34
                 4  .000000000000000  .707106781186547
     5     2    -5  .000000000000000  .707106781186547 # harmonic 35
                 5  .000000000000000 -.707106781186547
     6     2    -6  .000000000000000 -.707106781186547 # harmonic 36
                 6  .000000000000000  .707106781186547
     6     2    -5  .000000000000000 -.707106781186547 # harmonic 37
                 5  .000000000000000 -.707106781186547
     6     2    -4  .000000000000000 -.707106781186547 # harmonic 38
                 4  .000000000000000  .707106781186547
     6     2    -3  .000000000000000 -.707106781186547 # harmonic 39
                 3  .000000000000000 -.707106781186547
     6     2    -2  .000000000000000 -.707106781186547 # harmonic 40
                 2  .000000000000000  .707106781186547
     6     2    -1  .000000000000000 -.707106781186547 # harmonic 41
                 1  .000000000000000 -.707106781186547
     6     1     0 -1.00000000000000  .000000000000000 # harmonic 42
     6     2    -1 -.707106781186547  .000000000000000 # harmonic 43
                 1  .707106781186547  .000000000000000
     6     2    -2 -.707106781186547  .000000000000000 # harmonic 44
                 2 -.707106781186547  .000000000000000
     6     2    -3 -.707106781186547  .000000000000000 # harmonic 45
                 3  .707106781186547  .000000000000000
     6     2    -4 -.707106781186547  .000000000000000 # harmonic 46
                 4 -.707106781186547  .000000000000000
     6     2    -5 -.707106781186547  .000000000000000 # harmonic 47
                 5  .707106781186547  .000000000000000
     6     2    -6 -.707106781186547  .000000000000000 # harmonic 48
                 6 -.707106781186547  .000000000000000
     7     2    -7  .707106781186547  .000000000000000 # harmonic 49
                 7  .707106781186547  .000000000000000
     7     2    -6  .707106781186547  .000000000000000 # harmonic 50
                 6 -.707106781186547  .000000000000000
     7     2    -5  .707106781186547  .000000000000000 # harmonic 51
                 5  .707106781186547  .000000000000000
     7     2    -4  .707106781186547  .000000000000000 # harmonic 52
                 4 -.707106781186547  .000000000000000
     7     2    -3  .707106781186547  .000000000000000 # harmonic 53
                 3  .707106781186547  .000000000000000
     7     2    -2  .707106781186547  .000000000000000 # harmonic 54
                 2 -.707106781186547  .000000000000000
     7     2    -1  .707106781186547  .000000000000000 # harmonic 55
                 1  .707106781186547  .000000000000000
     7     1     0  .000000000000000 -1.00000000000000 # harmonic 56
     7     2    -1  .000000000000000 -.707106781186547 # harmonic 57
                 1  .000000000000000  .707106781186547
     7     2    -2  .000000000000000 -.707106781186547 # harmonic 58
                 2  .000000000000000 -.707106781186547
     7     2    -3  .000000000000000 -.707106781186547 # harmonic 59
                 3  .000000000000000  .707106781186547
     7     2    -4  .000000000000000 -.707106781186547 # harmonic 60
                 4  .000000000000000 -.707106781186547
     7     2    -5  .000000000000000 -.707106781186547 # harmonic 61
                 5  .000000000000000  .707106781186547
     7     2    -6  .000000000000000 -.707106781186547 # harmonic 62
                 6  .000000000000000 -.707106781186547
     7     2    -7  .000000000000000 -.707106781186547 # harmonic 63
                 7  .000000000000000  .707106781186547
     8     2    -8  .000000000000000  .707106781186547 # harmonic 64
                 8  .000000000000000 -.707106781186547
     8     2    -7  .000000000000000  .707106781186547 # harmonic 65
                 7  .000000000000000  .707106781186547
     8     2    -6  .000000000000000  .707106781186547 # harmonic 66
                 6  .000000000000000 -.707106781186547
     8     2    -5  .000000000000000  .707106781186547 # harmonic 67
                 5  .000000000000000  .707106781186547
     8     2    -4  .000000000000000  .707106781186547 # harmonic 68
                 4  .000000000000000 -.707106781186547
     8     2    -3  .000000000000000  .707106781186547 # harmonic 69
                 3  .000000000000000  .707106781186547
     8     2    -2  .000000000000000  .707106781186547 # harmonic 70
                 2  .000000000000000 -.707106781186547
     8     2    -1  .000000000000000  .707106781186547 # harmonic 71
                 1  .000000000000000  .707106781186547
     8     1     0  1.00000000000000  .000000000000000 # harmonic 72
     8     2    -1  .707106781186547  .000000000000000 # harmonic 73
                 1 -.707106781186547  .000000000000000
     8     2    -2  .707106781186547  .000000000000000 # harmonic 74
                 2  .707106781186547  .000000000000000
     8     2    -3  .707106781186547  .000000000000000 # harmonic 75
                 3 -.707106781186547  .000000000000000
     8     2    -4  .707106781186547  .000000000000000 # harmonic 76
                 4  .707106781186547  .000000000000000
     8     2    -5  .707106781186547  .000000000000000 # harmonic 77
                 5 -.707106781186547  .000000000000000
     8     2    -6  .707106781186547  .000000000000000 # harmonic 78
                 6  .707106781186547  .000000000000000
     8     2    -7  .707106781186547  .000000000000000 # harmonic 79
                 7 -.707106781186547  .000000000000000
     8     2    -8  .707106781186547  .000000000000000 # harmonic 80
                 8  .707106781186547  .000000000000000
# type 3
           1 # site(s)
  .158600000000000  .341400000000000 -.341400000000000       #     tau 0
  .000000000000000  .000000000000000  .000000000000000     1 #     alpha, beta, gamma, inversion
          81 # harmonics
#    L     n     m                ar                ai
     0     1     0  1.00000000000000  .000000000000000 # harmonic 0
     1     2    -1 -.707106781186547  .000000000000000 # harmonic 1
                 1 -.707106781186547  .000000000000000
     1     1     0  .000000000000000  1.00000000000000 # harmonic 2
     1     2    -1  .000000000000000  .707106781186547 # harmonic 3
                 1  .000000000000000 -.707106781186547
     2     2    -2  .000000000000000 -.707106781186547 # harmonic 4
                 2  .000000000000000  .707106781186547
     2     2    -1  .000000000000000 -.707106781186547 # harmonic 5
                 1  .000000000000000 -.707106781186547
     2     1     0 -1.00000000000000  .000000000000000 # harmonic 6
     2     2    -1 -.707106781186547  .000000000000000 # harmonic 7
                 1  .707106781186547  .000000000000000
     2     2    -2 -.707106781186547  .000000000000000 # harmonic 8
                 2 -.707106781186547  .000000000000000
     3     2    -3  .707106781186547  .000000000000000 # harmonic 9
                 3  .707106781186547  .000000000000000
     3     2    -2  .707106781186547  .000000000000000 # harmonic 10
                 2 -.707106781186547  .000000000000000
     3     2    -1  .707106781186547  .000000000000000 # harmonic 11
                 1  .707106781186547  .000000000000000
     3     1     0  .000000000000000 -1.00000000000000 # harmonic 12
     3     2    -1  .000000000000000 -.707106781186547 # harmonic 13
                 1  .000000000000000  .707106781186547
     3     2    -2  .000000000000000 -.707106781186547 # harmonic 14
                 2  .000000000000000 -.707106781186547
     3     2    -3  .000000000000000 -.707106781186547 # harmonic 15
                 3  .000000000000000  .707106781186547
     4     2    -4  .000000000000000  .707106781186547 # harmonic 16
                 4  .000000000000000 -.707106781186547
     4     2    -3  .000000000000000  .707106781186547 # harmonic 17
                 3  .000000000000000  .707106781186547
     4     2    -2  .000000000000000  .707106781186547 # harmonic 18
                 2  .000000000000000 -.707106781186547
     4     2    -1  .000000000000000  .707106781186547 # harmonic 19
                 1  .000000000000000  .707106781186547
     4     1     0  1.00000000000000  .000000000000000 # harmonic 20
     4     2    -1  .707106781186547  .000000000000000 # harmonic 21
                 1 -.707106781186547  .000000000000000
     4     2    -2  .707106781186547  .000000000000000 # harmonic 22
                 2  .707106781186547  .000000000000000
     4     2    -3  .707106781186547  .000000000000000 # harmonic 23
                 3 -.707106781186547  .000000000000000
     4     2    -4  .707106781186547  .000000000000000 # harmonic 24
                 4  .707106781186547  .000000000000000
     5     2    -5 -.707106781186547  .000000000000000 # harmonic 25
                 5 -.707106781186547  .000000000000000
     5     2    -4 -.707106781186547  .000000000000000 # harmonic 26
                 4  .707106781186547  .000000000000000
     5     2    -3 -.707106781186547  .000000000000000 # harmonic 27
                 3 -.707106781186547  .000000000000000
     5     2    -2 -.707106781186547  .000000000000000 # harmonic 28
                 2  .707106781186547  .000000000000000
     5     2    -1 -.707106781186547  .000000000000000 # harmonic 29
                 1 -.707106781186547  .000000000000000
     5     1     0  .000000000000000  1.00000000000000 # harmonic 30
     5     2    -1  .000000000000000  .707106781186547 # harmonic 31
                 1  .000000000000000 -.707106781186547
     5     2    -2  .000000000000000  .707106781186547 # harmonic 32
                 2  .000000000000000  .707106781186547
     5     2    -3  .000000000000000  .707106781186547 # harmonic 33
                 3  .000000000000000 -.707106781186547
     5     2    -4  .000000000000000  .707106781186547 # harmonic 34
                 4  .000000000000000  .707106781186547
     5     2    -5  .000000000000000  .707106781186547 # harmonic 35
                 5  .000000000000000 -.707106781186547
     6     2    -6  .000000000000000 -.707106781186547 # harmonic 36
                 6  .000000000000000  .707106781186547
     6     2    -5  .000000000000000 -.707106781186547 # harmonic 37
                 5  .000000000000000 -.707106781186547
     6     2    -4  .000000000000000 -.707106781186547 # harmonic 38
                 4  .000000000000000  .707106781186547
     6     2    -3  .000000000000000 -.707106781186547 # harmonic 39
                 3  .000000000000000 -.707106781186547
     6     2    -2  .000000000000000 -.707106781186547 # harmonic 40
                 2  .000000000000000  .707106781186547
     6     2    -1  .000000000000000 -.707106781186547 # harmonic 41
                 1  .000000000000000 -.707106781186547
     6     1     0 -1.00000000000000  .000000000000000 # harmonic 42
     6     2    -1 -.707106781186547  .000000000000000 # harmonic 43
                 1  .707106781186547  .000000000000000
     6     2    -2 -.707106781186547  .000000000000000 # harmonic 44
                 2 -.707106781186547  .000000000000000
     6     2    -3 -.707106781186547  .000000000000000 # harmonic 45
                 3  .707106781186547  .000000000000000
     6     2    -4 -.707106781186547  .000000000000000 # harmonic 46
                 4 -.707106781186547  .000000000000000
     6     2    -5 -.707106781186547  .000000000000000 # harmonic 47
                 5  .707106781186547  .000000000000000
     6     2    -6 -.707106781186547  .000000000000000 # harmonic 48
                 6 -.707106781186547  .000000000000000
     7     2    -7  .707106781186547  .000000000000000 # harmonic 49
                 7  .707106781186547  .000000000000000
     7     2    -6  .707106781186547  .000000000000000 # harmonic 50
                 6 -.707106781186547  .000000000000000
     7     2    -5  .707106781186547  .000000000000000 # harmonic 51
                 5  .707106781186547  .000000000000000
     7     2    -4  .707106781186547  .000000000000000 # harmonic 52
                 4 -.707106781186547  .000000000000000
     7     2    -3  .707106781186547  .000000000000000 # harmonic 53
                 3  .707106781186547  .000000000000000
     7     2    -2  .707106781186547  .000000000000000 # harmonic 54
                 2 -.707106781186547  .000000000000000
     7     2    -1  .707106781186547  .000000000000000 # harmonic 55
                 1  .707106781186547  .000000000000000
     7     1     0  .000000000000000 -1.00000000000000 # harmonic 56
     7     2    -1  .000000000000000 -.707106781186547 # harmonic 57
                 1  .000000000000000  .707106781186547
     7     2    -2  .000000000000000 -.707106781186547 # harmonic 58
                 2  .000000000000000 -.707106781186547
     7     2    -3  .000000000000000 -.707106781186547 # harmonic 59
                 3  .000000000000000  .707106781186547
     7     2    -4  .000000000000000 -.707106781186547 # harmonic 60
                 4  .000000000000000 -.707106781186547
     7     2    -5  .000000000000000 -.707106781186547 # harmonic 61
                 5  .000000000000000  .707106781186547
     7     2    -6  .000000000000000 -.707106781186547 # harmonic 62
                 6  .000000000000000 -.707106781186547
     7     2    -7  .000000000000000 -.707106781186547 # harmonic 63
                 7  .000000000000000  .707106781186547
     8     2    -8  .000000000000000  .707106781186547 # harmonic 64
                 8  .000000000000000 -.707106781186547
     8     2    -7  .000000000000000  .707106781186547 # harmonic 65
                 7  .000000000000000  .707106781186547
     8     2    -6  .000000000000000  .707106781186547 # harmonic 66
                 6  .000000000000000 -.707106781186547
     8     2    -5  .000000000000000  .707106781186547 # harmonic 67
                 5  .000000000000000  .707106781186547
     8     2    -4  .000000000000000  .707106781186547 # harmonic 68
                 4  .000000000000000 -.707106781186547
     8     2    -3  .000000000000000  .707106781186547 # harmonic 69
                 3  .000000000000000  .707106781186547
     8     2    -2  .000000000000000  .707106781186547 # harmonic 70
                 2  .000000000000000 -.707106781186547
     8     2    -1  .000000000000000  .707106781186547 # harmonic 71
                 1  .000000000000000  .707106781186547
     8     1     0  1.00000000000000  .000000000000000 # harmonic 72
     8     2    -1  .707106781186547  .000000000000000 # harmonic 73
                 1 -.707106781186547  .000000000000000
     8     2    -2  .707106781186547  .000000000000000 # harmonic 74
                 2  .707106781186547  .000000000000000
     8     2    -3  .707106781186547  .000000000000000 # harmonic 75
                 3 -.707106781186547  .000000000000000
     8     2    -4  .707106781186547  .000000000000000 # harmonic 76
                 4  .707106781186547  .000000000000000
     8     2    -5  .707106781186547  .000000000000000 # harmonic 77
                 5 -.707106781186547  .000000000000000
     8     2    -6  .707106781186547  .000000000000000 # harmonic 78
                 6  .707106781186547  .000000000000000
     8     2    -7  .707106781186547  .000000000000000 # harmonic 79
                 7 -.707106781186547  .000000000000000
     8     2    -8  .707106781186547  .000000000000000 # harmonic 80
                 8  .707106781186547  .000000000000000
# type 4
           1 # site(s)
  .135200000000000  .135200000000000  .135200000000000       #     tau 0
  .000000000000000  .000000000000000  .000000000000000     1 #     alpha, beta, gamma, inversion
          81 # harmonics
#    L     n     m                ar                ai
     0     1     0  1.00000000000000  .000000000000000 # harmonic 0
     1     2    -1 -.707106781186547  .000000000000000 # harmonic 1
                 1 -.707106781186547  .000000000000000
     1     1     0  .000000000000000  1.00000000000000 # harmonic 2
     1     2    -1  .000000000000000  .707106781186547 # harmonic 3
                 1  .000000000000000 -.707106781186547
     2     2    -2  .000000000000000 -.707106781186547 # harmonic 4
                 2  .000000000000000  .707106781186547
     2     2    -1  .000000000000000 -.707106781186547 # harmonic 5
                 1  .000000000000000 -.707106781186547
     2     1     0 -1.00000000000000  .000000000000000 # harmonic 6
     2     2    -1 -.707106781186547  .000000000000000 # harmonic 7
                 1  .707106781186547  .000000000000000
     2     2    -2 -.707106781186547  .000000000000000 # harmonic 8
                 2 -.707106781186547  .000000000000000
     3     2    -3  .707106781186547  .000000000000000 # harmonic 9
                 3  .707106781186547  .000000000000000
     3     2    -2  .707106781186547  .000000000000000 # harmonic 10
                 2 -.707106781186547  .000000000000000
     3     2    -1  .707106781186547  .000000000000000 # harmonic 11
                 1  .707106781186547  .000000000000000
     3     1     0  .000000000000000 -1.00000000000000 # harmonic 12
     3     2    -1  .000000000000000 -.707106781186547 # harmonic 13
                 1  .000000000000000  .707106781186547
     3     2    -2  .000000000000000 -.707106781186547 # harmonic 14
                 2  .000000000000000 -.707106781186547
     3     2    -3  .000000000000000 -.707106781186547 # harmonic 15
                 3  .000000000000000  .707106781186547
     4     2    -4  .000000000000000  .707106781186547 # harmonic 16
                 4  .000000000000000 -.707106781186547
     4     2    -3  .000000000000000  .707106781186547 # harmonic 17
                 3  .000000000000000  .707106781186547
     4     2    -2  .000000000000000  .707106781186547 # harmonic 18
                 2  .000000000000000 -.707106781186547
     4     2    -1  .000000000000000  .707106781186547 # harmonic 19
                 1  .000000000000000  .707106781186547
     4     1     0  1.00000000000000  .000000000000000 # harmonic 20
     4     2    -1  .707106781186547  .000000000000000 # harmonic 21
                 1 -.707106781186547  .000000000000000
     4     2    -2  .707106781186547  .000000000000000 # harmonic 22
                 2  .707106781186547  .000000000000000
     4     2    -3  .707106781186547  .000000000000000 # harmonic 23
                 3 -.707106781186547  .000000000000000
     4     2    -4  .707106781186547  .000000000000000 # harmonic 24
                 4  .707106781186547  .000000000000000
     5     2    -5 -.707106781186547  .000000000000000 # harmonic 25
                 5 -.707106781186547  .000000000000000
     5     2    -4 -.707106781186547  .000000000000000 # harmonic 26
                 4  .707106781186547  .000000000000000
     5     2    -3 -.707106781186547  .000000000000000 # harmonic 27
                 3 -.707106781186547  .000000000000000
     5     2    -2 -.707106781186547  .000000000000000 # harmonic 28
                 2  .707106781186547  .000000000000000
     5     2    -1 -.707106781186547  .000000000000000 # harmonic 29
                 1 -.707106781186547  .000000000000000
     5     1     0  .000000000000000  1.00000000000000 # harmonic 30
     5     2    -1  .000000000000000  .707106781186547 # harmonic 31
                 1  .000000000000000 -.707106781186547
     5     2    -2  .000000000000000  .707106781186547 # harmonic 32
                 2  .000000000000000  .707106781186547
     5     2    -3  .000000000000000  .707106781186547 # harmonic 33
                 3  .000000000000000 -.707106781186547
     5     2    -4  .000000000000000  .707106781186547 # harmonic 34
                 4  .000000000000000  .707106781186547
     5     2    -5  .000000000000000  .707106781186547 # harmonic 35
                 5  .000000000000000 -.707106781186547
     6     2    -6  .000000000000000 -.707106781186547 # harmonic 36
                 6  .000000000000000  .707106781186547
     6     2    -5  .000000000000000 -.707106781186547 # harmonic 37
                 5  .000000000000000 -.707106781186547
     6     2    -4  .000000000000000 -.707106781186547 # harmonic 38
                 4  .000000000000000  .707106781186547
     6     2    -3  .000000000000000 -.707106781186547 # harmonic 39
                 3  .000000000000000 -.707106781186547
     6     2    -2  .000000000000000 -.707106781186547 # harmonic 40
                 2  .000000000000000  .707106781186547
     6     2    -1  .000000000000000 -.707106781186547 # harmonic 41
                 1  .000000000000000 -.707106781186547
     6     1     0 -1.00000000000000  .000000000000000 # harmonic 42
     6     2    -1 -.707106781186547  .000000000000000 # harmonic 43
                 1  .707106781186547  .000000000000000
     6     2    -2 -.707106781186547  .000000000000000 # harmonic 44
                 2 -.707106781186547  .000000000000000
     6     2    -3 -.707106781186547  .000000000000000 # harmonic 45
                 3  .707106781186547  .000000000000000
     6     2    -4 -.707106781186547  .000000000000000 # harmonic 46
                 4 -.707106781186547  .000000000000000
     6     2    -5 -.707106781186547  .000000000000000 # harmonic 47
                 5  .707106781186547  .000000000000000
     6     2    -6 -.707106781186547  .000000000000000 # harmonic 48
                 6 -.707106781186547  .000000000000000
     7     2    -7  .707106781186547  .000000000000000 # harmonic 49
                 7  .707106781186547  .000000000000000
     7     2    -6  .707106781186547  .000000000000000 # harmonic 50
                 6 -.707106781186547  .000000000000000
     7     2    -5  .707106781186547  .000000000000000 # harmonic 51
                 5  .707106781186547  .000000000000000
     7     2    -4  .707106781186547  .000000000000000 # harmonic 52
                 4 -.707106781186547  .000000000000000
     7     2    -3  .707106781186547  .000000000000000 # harmonic 53
                 3  .707106781186547  .000000000000000
     7     2    -2  .707106781186547  .000000000000000 # harmonic 54
                 2 -.707106781186547  .000000000000000
     7     2    -1  .707106781186547  .000000000000000 # harmonic 55
                 1  .707106781186547  .000000000000000
     7     1     0  .000000000000000 -1.00000000000000 # harmonic 56
     7     2    -1  .000000000000000 -.707106781186547 # harmonic 57
                 1  .000000000000000  .707106781186547
     7     2    -2  .000000000000000 -.707106781186547 # harmonic 58
                 2  .000000000000000 -.707106781186547
     7     2    -3  .000000000000000 -.707106781186547 # harmonic 59
                 3  .000000000000000  .707106781186547
     7     2    -4  .000000000000000 -.707106781186547 # harmonic 60
                 4  .000000000000000 -.707106781186547
     7     2    -5  .000000000000000 -.707106781186547 # harmonic 61
                 5  .000000000000000  .707106781186547
     7     2    -6  .000000000000000 -.707106781186547 # harmonic 62
                 6  .000000000000000 -.707106781186547
     7     2    -7  .000000000000000 -.707106781186547 # harmonic 63
                 7  .000000000000000  .707106781186547
     8     2    -8  .000000000000000  .707106781186547 # harmonic 64
                 8  .000000000000000 -.707106781186547
     8     2    -7  .000000000000000  .707106781186547 # harmonic 65
                 7  .000000000000000  .707106781186547
     8     2    -6  .000000000000000  .707106781186547 # harmonic 66
                 6  .000000000000000 -.707106781186547
     8     2    -5  .000000000000000  .707106781186547 # harmonic 67
                 5  .000000000000000  .707106781186547
     8     2    -4  .000000000000000  .707106781186547 # harmonic 68
                 4  .000000000000000 -.707106781186547
     8     2    -3  .000000000000000  .707106781186547 # harmonic 69
                 3  .000000000000000  .707106781186547
     8     2    -2  .000000000000000  .707106781186547 # harmonic 70
                 2  .000000000000000 -.707106781186547
     8     2    -1  .000000000000000  .707106781186547 # harmonic 71
                 1  .000000000000000  .707106781186547
     8     1     0  1.00000000000000  .000000000000000 # harmonic 72
     8     2    -1  .707106781186547  .000000000000000 # harmonic 73
                 1 -.707106781186547  .000000000000000
     8     2    -2  .707106781186547  .000000000000000 # harmonic 74
                 2  .707106781186547  .000000000000000
     8     2    -3  .707106781186547  .000000000000000 # harmonic 75
                 3 -.707106781186547  .000000000000000
     8     2    -4  .707106781186547  .000000000000000 # harmonic 76
                 4  .707106781186547  .000000000000000
     8     2    -5  .707106781186547  .000000000000000 # harmonic 77
                 5 -.707106781186547  .000000000000000
     8     2    -6  .707106781186547  .000000000000000 # harmonic 78
                 6  .707106781186547  .000000000000000
     8     2    -7  .707106781186547  .000000000000000 # harmonic 79
                 7 -.707106781186547  .000000000000000
     8     2    -8  .707106781186547  .000000000000000 # harmonic 80
                 8  .707106781186547  .000000000000000
# type 5
           1 # site(s)
  .364800000000000 -.135200000000000 -.364800000000000       #     tau 0
  .000000000000000  .000000000000000  .000000000000000     1 #     alpha, beta, gamma, inversion
          81 # harmonics
#    L     n     m                ar                ai
     0     1     0  1.00000000000000  .000000000000000 # harmonic 0
     1     2    -1 -.707106781186547  .000000000000000 # harmonic 1
                 1 -.707106781186547  .000000000000000
     1     1     0  .000000000000000  1.00000000000000 # harmonic 2
     1     2    -1  .000000000000000  .707106781186547 # harmonic 3
                 1  .000000000000000 -.707106781186547
     2     2    -2  .000000000000000 -.707106781186547 # harmonic 4
                 2  .000000000000000  .707106781186547
     2     2    -1  .000000000000000 -.707106781186547 # harmonic 5
                 1  .000000000000000 -.707106781186547
     2     1     0 -1.00000000000000  .000000000000000 # harmonic 6
     2     2    -1 -.707106781186547  .000000000000000 # harmonic 7
                 1  .707106781186547  .000000000000000
     2     2    -2 -.707106781186547  .000000000000000 # harmonic 8
                 2 -.707106781186547  .000000000000000
     3     2    -3  .707106781186547  .000000000000000 # harmonic 9
                 3  .707106781186547  .000000000000000
     3     2    -2  .707106781186547  .000000000000000 # harmonic 10
                 2 -.707106781186547  .000000000000000
     3     2    -1  .707106781186547  .000000000000000 # harmonic 11
                 1  .707106781186547  .000000000000000
     3     1     0  .000000000000000 -1.00000000000000 # harmonic 12
     3     2    -1  .000000000000000 -.707106781186547 # harmonic 13
                 1  .000000000000000  .707106781186547
     3     2    -2  .000000000000000 -.707106781186547 # harmonic 14
                 2  .000000000000000 -.707106781186547
     3     2    -3  .000000000000000 -.707106781186547 # harmonic 15
                 3  .000000000000000  .707106781186547
     4     2    -4  .000000000000000  .707106781186547 # harmonic 16
                 4  .000000000000000 -.707106781186547
     4     2    -3  .000000000000000  .707106781186547 # harmonic 17
                 3  .000000000000000  .707106781186547
     4     2    -2  .000000000000000  .707106781186547 # harmonic 18
                 2  .000000000000000 -.707106781186547
     4     2    -1  .000000000000000  .707106781186547 # harmonic 19
                 1  .000000000000000  .707106781186547
     4     1     0  1.00000000000000  .000000000000000 # harmonic 20
     4     2    -1  .707106781186547  .000000000000000 # harmonic 21
                 1 -.707106781186547  .000000000000000
     4     2    -2  .707106781186547  .000000000000000 # harmonic 22
                 2  .707106781186547  .000000000000000
     4     2    -3  .707106781186547  .000000000000000 # harmonic 23
                 3 -.707106781186547  .000000000000000
     4     2    -4  .707106781186547  .000000000000000 # harmonic 24
                 4  .707106781186547  .000000000000000
     5     2    -5 -.707106781186547  .000000000000000 # harmonic 25
                 5 -.707106781186547  .000000000000000
     5     2    -4 -.707106781186547  .000000000000000 # harmonic 26
                 4  .707106781186547  .000000000000000
     5     2    -3 -.707106781186547  .000000000000000 # harmonic 27
                 3 -.707106781186547  .000000000000000
     5     2    -2 -.707106781186547  .000000000000000 # harmonic 28
                 2  .707106781186547  .000000000000000
     5     2    -1 -.707106781186547  .000000000000000 # harmonic 29
                 1 -.707106781186547  .000000000000000
     5     1     0  .000000000000000  1.00000000000000 # harmonic 30
     5     2    -1  .000000000000000  .707106781186547 # harmonic 31
                 1  .000000000000000 -.707106781186547
     5     2    -2  .000000000000000  .707106781186547 # harmonic 32
                 2  .000000000000000  .707106781186547
     5     2    -3  .000000000000000  .707106781186547 # harmonic 33
                 3  .000000000000000 -.707106781186547
     5     2    -4  .000000000000000  .707106781186547 # harmonic 34
                 4  .000000000000000  .707106781186547
     5     2    -5  .000000000000000  .707106781186547 # harmonic 35
                 5  .000000000000000 -.707106781186547
     6     2    -6  .000000000000000 -.707106781186547 # harmonic 36
                 6  .000000000000000  .707106781186547
     6     2    -5  .000000000000000 -.707106781186547 # harmonic 37
                 5  .000000000000000 -.707106781186547
     6     2    -4  .000000000000000 -.707106781186547 # harmonic 38
                 4  .000000000000000  .707106781186547
     6     2    -3  .000000000000000 -.707106781186547 # harmonic 39
                 3  .000000000000000 -.707106781186547
     6     2    -2  .000000000000000 -.707106781186547 # harmonic 40
                 2  .000000000000000  .707106781186547
     6     2    -1  .000000000000000 -.707106781186547 # harmonic 41
                 1  .000000000000000 -.707106781186547
     6     1     0 -1.00000000000000  .000000000000000 # harmonic 42
     6     2    -1 -.707106781186547  .000000000000000 # harmonic 43
                 1  .707106781186547  .000000000000000
     6     2    -2 -.707106781186547  .000000000000000 # harmonic 44
                 2 -.707106781186547  .000000000000000
     6     2    -3 -.707106781186547  .000000000000000 # harmonic 45
                 3  .707106781186547  .000000000000000
     6     2    -4 -.707106781186547  .000000000000000 # harmonic 46
                 4 -.707106781186547  .000000000000000
     6     2    -5 -.707106781186547  .000000000000000 # harmonic 47
                 5  .707106781186547  .000000000000000
     6     2    -6 -.707106781186547  .000000000000000 # harmonic 48
                 6 -.707106781186547  .000000000000000
     7     2    -7  .707106781186547  .000000000000000 # harmonic 49
                 7  .707106781186547  .000000000000000
     7     2    -6  .707106781186547  .000000000000000 # harmonic 50
                 6 -.707106781186547  .000000000000000
     7     2    -5  .707106781186547  .000000000000000 # harmonic 51
                 5  .707106781186547  .000000000000000
     7     2    -4  .707106781186547  .000000000000000 # harmonic 52
                 4 -.707106781186547  .000000000000000
     7     2    -3  .707106781186547  .000000000000000 # harmonic 53
                 3  .707106781186547  .000000000000000
     7     2    -2  .707106781186547  .000000000000000 # harmonic 54
                 2 -.707106781186547  .000000000000000
     7     2    -1  .707106781186547  .000000000000000 # harmonic 55
                 1  .707106781186547  .000000000000000
     7     1     0  .000000000000000 -1.00000000000000 # harmonic 56
     7     2    -1  .000000000000000 -.707106781186547 # harmonic 57
                 1  .000000000000000  .707106781186547
     7     2    -2  .000000000000000 -.707106781186547 # harmonic 58
                 2  .000000000000000 -.707106781186547
     7     2    -3  .000000000000000 -.707106781186547 # harmonic 59
                 3  .000000000000000  .707106781186547
     7     2    -4  .000000000000000 -.707106781186547 # harmonic 60
                 4  .000000000000000 -.707106781186547
     7     2    -5  .000000000000000 -.707106781186547 # harmonic 61
                 5  .000000000000000  .707106781186547
     7     2    -6  .000000000000000 -.707106781186547 # harmonic 62
                 6  .000000000000000 -.707106781186547
     7     2    -7  .000000000000000 -.707106781186547 # harmonic 63
                 7  .000000000000000  .707106781186547
     8     2    -8  .000000000000000  .707106781186547 # harmonic 64
                 8  .000000000000000 -.707106781186547
     8     2    -7  .000000000000000  .707106781186547 # harmonic 65
                 7  .000000000000000  .707106781186547
     8     2    -6  .000000000000000  .707106781186547 # harmonic 66
                 6  .000000000000000 -.707106781186547
     8     2    -5  .000000000000000  .707106781186547 # harmonic 67
                 5  .000000000000000  .707106781186547
     8     2    -4  .000000000000000  .707106781186547 # harmonic 68
                 4  .000000000000000 -.707106781186547
     8     2    -3  .000000000000000  .707106781186547 # harmonic 69
                 3  .000000000000000  .707106781186547
     8     2    -2  .000000000000000  .707106781186547 # harmonic 70
                 2  .000000000000000 -.707106781186547
     8     2    -1  .000000000000000  .707106781186547 # harmonic 71
                 1  .000000000000000  .707106781186547
     8     1     0  1.00000000000000  .000000000000000 # harmonic 72
     8     2    -1  .707106781186547  .000000000000000 # harmonic 73
                 1 -.707106781186547  .000000000000000
     8     2    -2  .707106781186547  .000000000000000 # harmonic 74
                 2  .707106781186547  .000000000000000
     8     2    -3  .707106781186547  .000000000000000 # harmonic 75
                 3 -.707106781186547  .000000000000000
     8     2    -4  .707106781186547  .000000000000000 # harmonic 76
                 4  .707106781186547  .000000000000000
     8     2    -5  .707106781186547  .000000000000000 # harmonic 77
                 5 -.707106781186547  .000000000000000
     8     2    -6  .707106781186547  .000000000000000 # harmonic 78
                 6  .707106781186547  .000000000000000
     8     2    -7  .707106781186547  .000000000000000 # harmonic 79
                 7 -.707106781186547  .000000000000000
     8     2    -8  .707106781186547  .000000000000000 # harmonic 80
                 8  .707106781186547  .000000000000000
# type 6
           1 # site(s)
 -.364800000000000  .364800000000000 -.135200000000000       #     tau 0
  .000000000000000  .000000000000000  .000000000000000     1 #     alpha, beta, gamma, inversion
          81 # harmonics
#    L     n     m                ar                ai
     0     1     0  1.00000000000000  .000000000000000 # harmonic 0
     1     2    -1 -.707106781186547  .000000000000000 # harmonic 1
                 1 -.707106781186547  .000000000000000
     1     1     0  .000000000000000  1.00000000000000 # harmonic 2
     1     2    -1  .000000000000000  .707106781186547 # harmonic 3
                 1  .000000000000000 -.707106781186547
     2     2    -2  .000000000000000 -.707106781186547 # harmonic 4
                 2  .000000000000000  .707106781186547
     2     2    -1  .000000000000000 -.707106781186547 # harmonic 5
                 1  .000000000000000 -.707106781186547
     2     1     0 -1.00000000000000  .000000000000000 # harmonic 6
     2     2    -1 -.707106781186547  .000000000000000 # harmonic 7
                 1  .707106781186547  .000000000000000
     2     2    -2 -.707106781186547  .000000000000000 # harmonic 8
                 2 -.707106781186547  .000000000000000
     3     2    -3  .707106781186547  .000000000000000 # harmonic 9
                 3  .707106781186547  .000000000000000
     3     2    -2  .707106781186547  .000000000000000 # harmonic 10
                 2 -.707106781186547  .000000000000000
     3     2    -1  .707106781186547  .000000000000000 # harmonic 11
                 1  .707106781186547  .000000000000000
     3     1     0  .000000000000000 -1.00000000000000 # harmonic 12
     3     2    -1  .000000000000000 -.707106781186547 # harmonic 13
                 1  .000000000000000  .707106781186547
     3     2    -2  .000000000000000 -.707106781186547 # harmonic 14
                 2  .000000000000000 -.707106781186547
     3     2    -3  .000000000000000 -.707106781186547 # harmonic 15
                 3  .000000000000000  .707106781186547
     4     2    -4  .000000000000000  .707106781186547 # harmonic 16
                 4  .000000000000000 -.707106781186547
     4     2    -3  .000000000000000  .707106781186547 # harmonic 17
                 3  .000000000000000  .707106781186547
     4     2    -2  .000000000000000  .707106781186547 # harmonic 18
                 2  .000000000000000 -.707106781186547
     4     2    -1  .000000000000000  .707106781186547 # harmonic 19
                 1  .000000000000000  .707106781186547
     4     1     0  1.00000000000000  .000000000000000 # harmonic 20
     4     2    -1  .707106781186547  .000000000000000 # harmonic 21
                 1 -.707106781186547  .000000000000000
     4     2    -2  .707106781186547  .000000000000000 # harmonic 22
                 2  .707106781186547  .000000000000000
     4     2    -3  .707106781186547  .000000000000000 # harmonic 23
                 3 -.707106781186547  .000000000000000
     4     2    -4  .707106781186547  .000000000000000 # harmonic 24
                 4  .707106781186547  .000000000000000
     5     2    -5 -.707106781186547  .000000000000000 # harmonic 25
                 5 -.707106781186547  .000000000000000
     5     2    -4 -.707106781186547  .000000000000000 # harmonic 26
                 4  .707106781186547  .000000000000000
     5     2    -3 -.707106781186547  .000000000000000 # harmonic 27
                 3 -.707106781186547  .000000000000000
     5     2    -2 -.707106781186547  .000000000000000 # harmonic 28
                 2  .707106781186547  .000000000000000
     5     2    -1 -.707106781186547  .000000000000000 # harmonic 29
                 1 -.707106781186547  .000000000000000
     5     1     0  .000000000000000  1.00000000000000 # harmonic 30
     5     2    -1  .000000000000000  .707106781186547 # harmonic 31
                 1  .000000000000000 -.707106781186547
     5     2    -2  .000000000000000  .707106781186547 # harmonic 32
                 2  .000000000000000  .707106781186547
     5     2    -3  .000000000000000  .707106781186547 # harmonic 33
                 3  .000000000000000 -.707106781186547
     5     2    -4  .000000000000000  .707106781186547 # harmonic 34
                 4  .000000000000000  .707106781186547
     5     2    -5  .000000000000000  .707106781186547 # harmonic 35
                 5  .000000000000000 -.707106781186547
     6     2    -6  .000000000000000 -.707106781186547 # harmonic 36
                 6  .000000000000000  .707106781186547
     6     2    -5  .000000000000000 -.707106781186547 # harmonic 37
                 5  .000000000000000 -.707106781186547
     6     2    -4  .000000000000000 -.707106781186547 # harmonic 38
                 4  .000000000000000  .707106781186547
     6     2    -3  .000000000000000 -.707106781186547 # harmonic 39
                 3  .000000000000000 -.707106781186547
     6     2    -2  .000000000000000 -.707106781186547 # harmonic 40
                 2  .000000000000000  .707106781186547
     6     2    -1  .000000000000000 -.707106781186547 # harmonic 41
                 1  .000000000000000 -.707106781186547
     6     1     0 -1.00000000000000  .000000000000000 # harmonic 42
     6     2    -1 -.707106781186547  .000000000000000 # harmonic 43
                 1  .707106781186547  .000000000000000
     6     2    -2 -.707106781186547  .000000000000000 # harmonic 44
                 2 -.707106781186547  .000000000000000
     6     2    -3 -.707106781186547  .000000000000000 # harmonic 45
                 3  .707106781186547  .000000000000000
     6     2    -4 -.707106781186547  .000000000000000 # harmonic 46
                 4 -.707106781186547  .000000000000000
     6     2    -5 -.707106781186547  .000000000000000 # harmonic 47
                 5  .707106781186547  .000000000000000
     6     2    -6 -.707106781186547  .000000000000000 # harmonic 48
                 6 -.707106781186547  .000000000000000
     7     2    -7  .707106781186547  .000000000000000 # harmonic 49
                 7  .707106781186547  .000000000000000
     7     2    -6  .707106781186547  .000000000000000 # harmonic 50
                 6 -.707106781186547  .000000000000000
     7     2    -5  .707106781186547  .000000000000000 # harmonic 51
                 5  .707106781186547  .000000000000000
     7     2    -4  .707106781186547  .000000000000000 # harmonic 52
                 4 -.707106781186547  .000000000000000
     7     2    -3  .707106781186547  .000000000000000 # harmonic 53
                 3  .707106781186547  .000000000000000
     7     2    -2  .707106781186547  .000000000000000 # harmonic 54
                 2 -.707106781186547  .000000000000000
     7     2    -1  .707106781186547  .000000000000000 # harmonic 55
                 1  .707106781186547  .000000000000000
     7     1     0  .000000000000000 -1.00000000000000 # harmonic 56
     7     2    -1  .000000000000000 -.707106781186547 # harmonic 57
                 1  .000000000000000  .707106781186547
     7     2    -2  .000000000000000 -.707106781186547 # harmonic 58
                 2  .000000000000000 -.707106781186547
     7     2    -3  .000000000000000 -.707106781186547 # harmonic 59
                 3  .000000000000000  .707106781186547
     7     2    -4  .000000000000000 -.707106781186547 # harmonic 60
                 4  .000000000000000 -.707106781186547
     7     2    -5  .000000000000000 -.707106781186547 # harmonic 61
                 5  .000000000000000  .707106781186547
     7     2    -6  .000000000000000 -.707106781186547 # harmonic 62
                 6  .000000000000000 -.707106781186547
     7     2    -7  .000000000000000 -.707106781186547 # harmonic 63
                 7  .000000000000000  .707106781186547
     8     2    -8  .000000000000000  .707106781186547 # harmonic 64
                 8  .000000000000000 -.707106781186547
     8     2    -7  .000000000000000  .707106781186547 # harmonic 65
                 7  .000000000000000  .707106781186547
     8     2    -6  .000000000000000  .707106781186547 # harmonic 66
                 6  .000000000000000 -.707106781186547
     8     2    -5  .000000000000000  .707106781186547 # harmonic 67
                 5  .000000000000000  .707106781186547
     8     2    -4  .000000000000000  .707106781186547 # harmonic 68
                 4  .000000000000000 -.707106781186547
     8     2    -3  .000000000000000  .707106781186547 # harmonic 69
                 3  .000000000000000  .707106781186547
     8     2    -2  .000000000000000  .707106781186547 # harmonic 70
                 2  .000000000000000 -.707106781186547
     8     2    -1  .000000000000000  .707106781186547 # harmonic 71
                 1  .000000000000000  .707106781186547
     8     1     0  1.00000000000000  .000000000000000 # harmonic 72
     8     2    -1  .707106781186547  .000000000000000 # harmonic 73
                 1 -.707106781186547  .000000000000000
     8     2    -2  .707106781186547  .000000000000000 # harmonic 74
                 2  .707106781186547  .000000000000000
     8     2    -3  .707106781186547  .000000000000000 # harmonic 75
                 3 -.707106781186547  .000000000000000
     8     2    -4  .707106781186547  .000000000000000 # harmonic 76
                 4  .707106781186547  .000000000000000
     8     2    -5  .707106781186547  .000000000000000 # harmonic 77
                 5 -.707106781186547  .000000000000000
     8     2    -6  .707106781186547  .000000000000000 # harmonic 78
                 6  .707106781186547  .000000000000000
     8     2    -7  .707106781186547  .000000000000000 # harmonic 79
                 7 -.707106781186547  .000000000000000
     8     2    -8  .707106781186547  .000000000000000 # harmonic 80
                 8  .707106781186547  .000000000000000
# type 7
           1 # site(s)
 -.135200000000000 -.364800000000000  .364800000000000       #     tau 0
  .000000000000000  .000000000000000  .000000000000000     1 #     alpha, beta, gamma, inversion
          81 # harmonics
#    L     n     m                ar                ai
     0     1     0  1.00000000000000  .000000000000000 # harmonic 0
     1     2    -1 -.707106781186547  .000000000000000 # harmonic 1
                 1 -.707106781186547  .000000000000000
     1     1     0  .000000000000000  1.00000000000000 # harmonic 2
     1     2    -1  .000000000000000  .707106781186547 # harmonic 3
                 1  .000000000000000 -.707106781186547
     2     2    -2  .000000000000000 -.707106781186547 # harmonic 4
                 2  .000000000000000  .707106781186547
     2     2    -1  .000000000000000 -.707106781186547 # harmonic 5
                 1  .000000000000000 -.707106781186547
     2     1     0 -1.00000000000000  .000000000000000 # harmonic 6
     2     2    -1 -.707106781186547  .000000000000000 # harmonic 7
                 1  .707106781186547  .000000000000000
     2     2    -2 -.707106781186547  .000000000000000 # harmonic 8
                 2 -.707106781186547  .000000000000000
     3     2    -3  .707106781186547  .000000000000000 # harmonic 9
                 3  .707106781186547  .000000000000000
     3     2    -2  .707106781186547  .000000000000000 # harmonic 10
                 2 -.707106781186547  .000000000000000
     3     2    -1  .707106781186547  .000000000000000 # harmonic 11
                 1  .707106781186547  .000000000000000
     3     1     0  .000000000000000 -1.00000000000000 # harmonic 12
     3     2    -1  .000000000000000 -.707106781186547 # harmonic 13
                 1  .000000000000000  .707106781186547
     3     2    -2  .000000000000000 -.707106781186547 # harmonic 14
                 2  .000000000000000 -.707106781186547
     3     2    -3  .000000000000000 -.707106781186547 # harmonic 15
                 3  .000000000000000  .707106781186547
     4     2    -4  .000000000000000  .707106781186547 # harmonic 16
                 4  .000000000000000 -.707106781186547
     4     2    -3  .000000000000000  .707106781186547 # harmonic 17
                 3  .000000000000000  .707106781186547
     4     2    -2  .000000000000000  .707106781186547 # harmonic 18
                 2  .000000000000000 -.707106781186547
     4     2    -1  .000000000000000  .707106781186547 # harmonic 19
                 1  .000000000000000  .707106781186547
     4     1     0  1.00000000000000  .000000000000000 # harmonic 20
     4     2    -1  .707106781186547  .000000000000000 # harmonic 21
                 1 -.707106781186547  .000000000000000
     4     2    -2  .707106781186547  .000000000000000 # harmonic 22
                 2  .707106781186547  .000000000000000
     4     2    -3  .707106781186547  .000000000000000 # harmonic 23
                 3 -.707106781186547  .000000000000000
     4     2    -4  .707106781186547  .000000000000000 # harmonic 24
                 4  .707106781186547  .000000000000000
     5     2    -5 -.707106781186547  .000000000000000 # harmonic 25
                 5 -.707106781186547  .000000000000000
     5     2    -4 -.707106781186547  .000000000000000 # harmonic 26
                 4  .707106781186547  .000000000000000
     5     2    -3 -.707106781186547  .000000000000000 # harmonic 27
                 3 -.707106781186547  .000000000000000
     5     2    -2 -.707106781186547  .000000000000000 # harmonic 28
                 2  .707106781186547  .000000000000000
     5     2    -1 -.707106781186547  .000000000000000 # harmonic 29
                 1 -.707106781186547  .000000000000000
     5     1     0  .000000000000000  1.00000000000000 # harmonic 30
     5     2    -1  .000000000000000  .707106781186547 # harmonic 31
                 1  .000000000000000 -.707106781186547
     5     2    -2  .000000000000000  .707106781186547 # harmonic 32
                 2  .000000000000000  .707106781186547
     5     2    -3  .000000000000000  .707106781186547 # harmonic 33
                 3  .000000000000000 -.707106781186547
     5     2    -4  .000000000000000  .707106781186547 # harmonic 34
                 4  .000000000000000  .707106781186547
     5     2    -5  .000000000000000  .707106781186547 # harmonic 35
                 5  .000000000000000 -.707106781186547
     6     2    -6  .000000000000000 -.707106781186547 # harmonic 36
                 6  .000000000000000  .707106781186547
     6     2    -5  .000000000000000 -.707106781186547 # harmonic 37
                 5  .000000000000000 -.707106781186547
     6     2    -4  .000000000000000 -.707106781186547 # harmonic 38
                 4  .000000000000000  .707106781186547
     6     2    -3  .000000000000000 -.707106781186547 # harmonic 39
                 3  .000000000000000 -.707106781186547
     6     2    -2  .000000000000000 -.707106781186547 # harmonic 40
                 2  .000000000000000  .707106781186547
     6     2    -1  .000000000000000 -.707106781186547 # harmonic 41
                 1  .000000000000000 -.707106781186547
     6     1     0 -1.00000000000000  .000000000000000 # harmonic 42
     6     2    -1 -.707106781186547  .000000000000000 # harmonic 43
                 1  .707106781186547  .000000000000000
     6     2    -2 -.707106781186547  .000000000000000 # harmonic 44
                 2 -.707106781186547  .000000000000000
     6     2    -3 -.707106781186547  .000000000000000 # harmonic 45
                 3  .707106781186547  .000000000000000
     6     2    -4 -.707106781186547  .000000000000000 # harmonic 46
                 4 -.707106781186547  .000000000000000
     6     2    -5 -.707106781186547  .000000000000000 # harmonic 47
                 5  .707106781186547  .000000000000000
     6     2    -6 -.707106781186547  .000000000000000 # harmonic 48
                 6 -.707106781186547  .000000000000000
     7     2    -7  .707106781186547  .000000000000000 # harmonic 49
                 7  .707106781186547  .000000000000000
     7     2    -6  .707106781186547  .000000000000000 # harmonic 50
                 6 -.707106781186547  .000000000000000
     7     2    -5  .707106781186547  .000000000000000 # harmonic 51
                 5  .707106781186547  .000000000000000
     7     2    -4  .707106781186547  .000000000000000 # harmonic 52
                 4 -.707106781186547  .000000000000000
     7     2    -3  .707106781186547  .000000000000000 # harmonic 53
                 3  .707106781186547  .000000000000000
     7     2    -2  .707106781186547  .000000000000000 # harmonic 54
                 2 -.707106781186547  .000000000000000
     7     2    -1  .707106781186547  .000000000000000 # harmonic 55
                 1  .707106781186547  .000000000000000
     7     1     0  .000000000000000 -1.00000000000000 # harmonic 56
     7     2    -1  .000000000000000 -.707106781186547 # harmonic 57
                 1  .000000000000000  .707106781186547
     7     2    -2  .000000000000000 -.707106781186547 # harmonic 58
                 2  .000000000000000 -.707106781186547
     7     2    -3  .000000000000000 -.707106781186547 # harmonic 59
                 3  .000000000000000  .707106781186547
     7     2    -4  .000000000000000 -.707106781186547 # harmonic 60
                 4  .000000000000000 -.707106781186547
     7     2    -5  .000000000000000 -.707106781186547 # harmonic 61
                 5  .000000000000000  .707106781186547
     7     2    -6  .000000000000000 -.707106781186547 # harmonic 62
                 6  .000000000000000 -.707106781186547
     7     2    -7  .000000000000000 -.707106781186547 # harmonic 63
                 7  .000000000000000  .707106781186547
     8     2    -8  .000000000000000  .707106781186547 # harmonic 64
                 8  .000000000000000 -.707106781186547
     8     2    -7  .000000000000000  .707106781186547 # harmonic 65
                 7  .000000000000000  .707106781186547
     8     2    -6  .000000000000000  .707106781186547 # harmonic 66
                 6  .000000000000000 -.707106781186547
     8     2    -5  .000000000000000  .707106781186547 # harmonic 67
                 5  .000000000000000  .707106781186547
     8     2    -4  .000000000000000  .707106781186547 # harmonic 68
                 4  .000000000000000 -.707106781186547
     8     2    -3  .000000000000000  .707106781186547 # harmonic 69
                 3  .000000000000000  .707106781186547
     8     2    -2  .000000000000000  .707106781186547 # harmonic 70
                 2  .000000000000000 -.707106781186547
     8     2    -1  .000000000000000  .707106781186547 # harmonic 71
                 1  .000000000000000  .707106781186547
     8     1     0  1.00000000000000  .000000000000000 # harmonic 72
     8     2    -1  .707106781186547  .000000000000000 # harmonic 73
                 1 -.707106781186547  .000000000000000
     8     2    -2  .707106781186547  .000000000000000 # harmonic 74
                 2  .707106781186547  .000000000000000
     8     2    -3  .707106781186547  .000000000000000 # harmonic 75
                 3 -.707106781186547  .000000000000000
     8     2    -4  .707106781186547  .000000000000000 # harmonic 76
                 4  .707106781186547  .000000000000000
     8     2    -5  .707106781186547  .000000000000000 # harmonic 77
                 5 -.707106781186547  .000000000000000
     8     2    -6  .707106781186547  .000000000000000 # harmonic 78
                 6  .707106781186547  .000000000000000
     8     2    -7  .707106781186547  .000000000000000 # harmonic 79
                 7 -.707106781186547  .000000000000000
     8     2    -8  .707106781186547  .000000000000000 # harmonic 80
                 8  .707106781186547  .000000000000000
