# ACE/gr parameter file
#
@    version 50122
@    world xmin 0.25
@    world xmax 0.75
@    title font 5
@    xaxis  tick major 0.1
@    xaxis  tick minor 0.02
@    xaxis  label "(r-r\s1\N)/d"
@    xaxis  label font 5
@    xaxis  label char size 1.2
@    xaxis  ticklabel font 4
@    xaxis  ticklabel char size 1
@    yaxis  tick major .1
@    yaxis  tick minor .02
@    yaxis  label font 4
@    yaxis  label char size 1.2
@    yaxis  ticklabel font 5
@    yaxis  ticklabel char size 1
@    title "potential between neighbors"
@    yaxis  label "V(r) (Ry)"
@    world ymin -10.
@    world ymax   .0
@    yaxis  tick major 2
@    yaxis  tick minor 1
@ s0 color  1
@ s0 linestyle  1
@ legend string 0 "(1)-(5)"
@target s0
@type xy
  .1000000000 -141.6039255
  .1050000000 -134.8590807
  .1100000000 -128.7339641
  .1150000000 -123.1410877
  .1200000000 -118.0099419
  .1250000000 -113.2826109
  .1300000000 -108.9331653
  .1350000000 -104.8920719
  .1400000000 -101.1523490
  .1450000000 -97.65927866
  .1500000000 -94.40728524
  .1550000000 -91.36335341
  .1600000000 -88.50512309
  .1650000000 -85.82158569
  .1700000000 -83.30071526
  .1750000000 -80.92191022
  .1800000000 -78.67412294
  .1850000000 -76.54730511
  .1900000000 -74.53230221
  .1950000000 -72.62076118
  .2000000000 -70.80504932
  .2050000000 -69.07818290
  .2100000000 -67.43376412
  .2150000000 -65.86592514
  .2200000000 -64.36927844
  .2250000000 -62.93887253
  .2300000000 -61.57015238
  .2350000000 -60.25892403
  .2400000000 -59.00132273
  .2450000000 -57.79773376
  .2500000000 -56.64361081
  .2550000000 -55.53344196
  .2600000000 -54.46437120
  .2650000000 -53.43375868
  .2700000000 -52.44643409
  .2750000000 -51.49387323
  .2800000000 -50.57297743
  .2850000000 -49.68365459
  .2900000000 -48.82949386
  .2950000000 -48.00142446
  .3000000000 -47.19811918
  .3050000000 -46.42734052
  .3100000000 -45.67806434
  .3150000000 -44.95061823
  .3200000000 -44.25070888
  .3250000000 -43.56851440
  .3300000000 -42.90825428
  .3350000000 -42.26874739
  .3400000000 -41.64388096
  .3450000000 -41.04329615
  .3500000000 -40.45540787
  .3550000000 -39.88633834
  .3600000000 -39.33227333
  .3650000000 -38.79258229
  .3700000000 -38.26942722
  .3750000000 -37.75721036
  .3800000000 -37.26231948
  .3850000000 -36.77582961
  .3900000000 -36.30679768
  .3950000000 -35.84442861
  .4000000000 -35.39906698
  .4050000000 -34.95933938
  .4100000000 -34.53565485
  .4150000000 -34.11720388
  .4200000000 -33.71337990
  .4250000000 -33.31494427
  .4300000000 -32.92932415
  .4350000000 -32.54973649
  .4400000000 -32.18080843
  .4450000000 -31.81898670
  .4500000000 -31.46537032
  .4550000000 -31.12031024
  .4600000000 -30.78074449
  .4650000000 -30.45151271
  .4700000000 -30.12580220
  .4750000000 -29.81057303
  .4800000000 -29.49959197
  .4850000000  .0024241386
  .4900000000  .0022217935
  .4950000000  .0020092100
  .5000000000  .0017862253
  .5050000000  .0015526860
  .5100000000  .0013084525
  .5150000000  .0010534031
  .5200000000  .0007874404
  .5250000000  .0005104989
  .5300000000  .0002225531
  .5350000000 -24.74381957
  .5400000000 -25.01312151
  .5450000000 -25.28768171
  .5500000000 -25.56991368
  .5550000000 -25.85587439
  .5600000000 -26.15179820
  .5650000000 -26.45110406
  .5700000000 -26.76062137
  .5750000000 -27.07468695
  .5800000000 -27.39838921
  .5850000000 -27.72811880
  .5900000000 -28.06728332
  .5950000000 -28.41365282
  .6000000000 -28.76967890
  .6050000000 -29.13374327
  .6100000000 -29.50816499
  .6150000000 -29.89106671
  .6200000000 -30.28556739
  .6250000000 -30.68854602
  .6300000000 -31.10497458
  .6350000000 -31.52937767
  .6400000000 -31.96976714
  .6450000000 -32.41855309
  .6500000000 -32.88365101
  .6550000000 -33.35992836
  .6600000000 -33.85069546
  .6650000000 -34.35708131
  .6700000000 -34.87537613
  .6750000000 -35.41476157
  .6800000000 -35.96766037
  .6850000000 -36.53820783
  .6900000000 -37.12922479
  .6950000000 -37.73663619
  .7000000000 -38.36611718
  .7050000000 -39.01771461
  .7100000000 -39.68919671
  .7150000000 -40.38542178
  .7200000000 -41.10831288
  .7250000000 -41.85532538
  .7300000000 -42.62806191
  .7350000000 -43.43454658
  .7400000000 -44.27088581
  .7450000000 -45.13849513
  .7500000000 -46.03952812
  .7550000000 -46.97901520
  .7600000000 -47.95943207
  .7650000000 -48.98059182
  .7700000000 -50.04540275
  .7750000000 -51.15701859
  .7800000000 -52.31886185
  .7850000000 -53.53464975
  .7900000000 -54.80842312
  .7950000000 -56.14457872
  .8000000000 -57.54790532
  .8050000000 -59.02362434
  .8100000000 -60.57743546
  .8150000000 -62.21556814
  .8200000000 -63.94483987
  .8250000000 -65.77272240
  .8300000000 -67.70741701
  .8350000000 -69.75794069
  .8400000000 -71.93422488
  .8450000000 -74.25745022
  .8500000000 -76.73429317
  .8550000000 -79.37631616
  .8600000000 -82.21371808
  .8650000000 -85.25779717
  .8700000000 -88.53662415
  .8750000000 -92.07614715
  .8800000000 -95.91511046
  .8850000000 -100.0808873
  .8900000000 -104.6261701
  .8950000000 -109.6101743
&
@ s1 color  1
@ s1 linestyle  1
@target s1
@type xy
  .4825092914 -10.000
  .4825092914  10.000
  .5317684039  10.000
  .5317684039 -10.000
&
@ s2 color  2
@ s2 linestyle  1
@ legend string 2 "(2)-(6)"
@target s2
@type xy
  .1000000000 -141.6039257
  .1050000000 -134.8590809
  .1100000000 -128.7339642
  .1150000000 -123.1410878
  .1200000000 -118.0099420
  .1250000000 -113.2826110
  .1300000000 -108.9331654
  .1350000000 -104.8920720
  .1400000000 -101.1523491
  .1450000000 -97.65927874
  .1500000000 -94.40728531
  .1550000000 -91.36335347
  .1600000000 -88.50512313
  .1650000000 -85.82158573
  .1700000000 -83.30071529
  .1750000000 -80.92191025
  .1800000000 -78.67412296
  .1850000000 -76.54730512
  .1900000000 -74.53230222
  .1950000000 -72.62076119
  .2000000000 -70.80504932
  .2050000000 -69.07818291
  .2100000000 -67.43376413
  .2150000000 -65.86592515
  .2200000000 -64.36927846
  .2250000000 -62.93887256
  .2300000000 -61.57015243
  .2350000000 -60.25892409
  .2400000000 -59.00132281
  .2450000000 -57.79773385
  .2500000000 -56.64361092
  .2550000000 -55.53344210
  .2600000000 -54.46437135
  .2650000000 -53.43375886
  .2700000000 -52.44643431
  .2750000000 -51.49387348
  .2800000000 -50.57297771
  .2850000000 -49.68365490
  .2900000000 -48.82949421
  .2950000000 -48.00142485
  .3000000000 -47.19811960
  .3050000000 -46.42734099
  .3100000000 -45.67806485
  .3150000000 -44.95061879
  .3200000000 -44.25070948
  .3250000000 -43.56851504
  .3300000000 -42.90825497
  .3350000000 -42.26874813
  .3400000000 -41.64388174
  .3450000000 -41.04329697
  .3500000000 -40.45540874
  .3550000000 -39.88633926
  .3600000000 -39.33227430
  .3650000000 -38.79258330
  .3700000000 -38.26942828
  .3750000000 -37.75721147
  .3800000000 -37.26232064
  .3850000000 -36.77583082
  .3900000000 -36.30679894
  .3950000000 -35.84442992
  .4000000000 -35.39906833
  .4050000000 -34.95934079
  .4100000000 -34.53565631
  .4150000000 -34.11720539
  .4200000000 -33.71338146
  .4250000000 -33.31494589
  .4300000000 -32.92932583
  .4350000000 -32.54973822
  .4400000000 -32.18081023
  .4450000000 -31.81898856
  .4500000000 -31.46537225
  .4550000000 -31.12031222
  .4600000000 -30.78074654
  .4650000000 -30.45151483
  .4700000000 -30.12580439
  .4750000000 -29.81057530
  .4800000000 -29.49959431
  .4850000000  .0024216768
  .4900000000  .0022192483
  .4950000000  .0020065793
  .5000000000  .0017835067
  .5050000000  .0015498773
  .5100000000  .0013055514
  .5150000000  .0010504072
  .5200000000  .0007843476
  .5250000000  .0005073068
  .5300000000  .0002192598
  .5350000000 -24.74382295
  .5400000000 -25.01312500
  .5450000000 -25.28768531
  .5500000000 -25.56991739
  .5550000000 -25.85587821
  .5600000000 -26.15180214
  .5650000000 -26.45110812
  .5700000000 -26.76062556
  .5750000000 -27.07469126
  .5800000000 -27.39839364
  .5850000000 -27.72812336
  .5900000000 -28.06728801
  .5950000000 -28.41365765
  .6000000000 -28.76968387
  .6050000000 -29.13374837
  .6100000000 -29.50817023
  .6150000000 -29.89107208
  .6200000000 -30.28557290
  .6250000000 -30.68855166
  .6300000000 -31.10498036
  .6350000000 -31.52938358
  .6400000000 -31.96977317
  .6450000000 -32.41855925
  .6500000000 -32.88365730
  .6550000000 -33.35993476
  .6600000000 -33.85070198
  .6650000000 -34.35708795
  .6700000000 -34.87538288
  .6750000000 -35.41476842
  .6800000000 -35.96766732
  .6850000000 -36.53821488
  .6900000000 -37.12923193
  .6950000000 -37.73664343
  .7000000000 -38.36612450
  .7050000000 -39.01772201
  .7100000000 -39.68920418
  .7150000000 -40.38542933
  .7200000000 -41.10832050
  .7250000000 -41.85533307
  .7300000000 -42.62806967
  .7350000000 -43.43455441
  .7400000000 -44.27089370
  .7450000000 -45.13850309
  .7500000000 -46.03953613
  .7550000000 -46.97902328
  .7600000000 -47.95944021
  .7650000000 -48.98060003
  .7700000000 -50.04541103
  .7750000000 -51.15702694
  .7800000000 -52.31887027
  .7850000000 -53.53465824
  .7900000000 -54.80843169
  .7950000000 -56.14458737
  .8000000000 -57.54791406
  .8050000000 -59.02363318
  .8100000000 -60.57744441
  .8150000000 -62.21557719
  .8200000000 -63.94484905
  .8250000000 -65.77273170
  .8300000000 -67.70742646
  .8350000000 -69.75795029
  .8400000000 -71.93423464
  .8450000000 -74.25746016
  .8500000000 -76.73430331
  .8550000000 -79.37632651
  .8600000000 -82.21372864
  .8650000000 -85.25780795
  .8700000000 -88.53663517
  .8750000000 -92.07615838
  .8800000000 -95.91512189
  .8850000000 -100.0808989
  .8900000000 -104.6261817
  .8950000000 -109.6101858
&
@ s3 color  2
@ s3 linestyle  1
@target s3
@type xy
  .4825092914 -10.000
  .4825092914  10.000
  .5317684039  10.000
  .5317684039 -10.000
&
@ s4 color  3
@ s4 linestyle  1
@ legend string 4 "(3)-(7)"
@target s4
@type xy
  .1000000000 -141.6039254
  .1050000000 -134.8590806
  .1100000000 -128.7339640
  .1150000000 -123.1410876
  .1200000000 -118.0099419
  .1250000000 -113.2826109
  .1300000000 -108.9331652
  .1350000000 -104.8920719
  .1400000000 -101.1523490
  .1450000000 -97.65927864
  .1500000000 -94.40728522
  .1550000000 -91.36335340
  .1600000000 -88.50512307
  .1650000000 -85.82158568
  .1700000000 -83.30071526
  .1750000000 -80.92191022
  .1800000000 -78.67412294
  .1850000000 -76.54730511
  .1900000000 -74.53230221
  .1950000000 -72.62076118
  .2000000000 -70.80504931
  .2050000000 -69.07818290
  .2100000000 -67.43376411
  .2150000000 -65.86592513
  .2200000000 -64.36927843
  .2250000000 -62.93887252
  .2300000000 -61.57015237
  .2350000000 -60.25892401
  .2400000000 -59.00132271
  .2450000000 -57.79773372
  .2500000000 -56.64361077
  .2550000000 -55.53344192
  .2600000000 -54.46437114
  .2650000000 -53.43375862
  .2700000000 -52.44643402
  .2750000000 -51.49387315
  .2800000000 -50.57297734
  .2850000000 -49.68365449
  .2900000000 -48.82949375
  .2950000000 -48.00142434
  .3000000000 -47.19811904
  .3050000000 -46.42734038
  .3100000000 -45.67806419
  .3150000000 -44.95061807
  .3200000000 -44.25070871
  .3250000000 -43.56851421
  .3300000000 -42.90825408
  .3350000000 -42.26874718
  .3400000000 -41.64388074
  .3450000000 -41.04329591
  .3500000000 -40.45540762
  .3550000000 -39.88633808
  .3600000000 -39.33227306
  .3650000000 -38.79258201
  .3700000000 -38.26942693
  .3750000000 -37.75721006
  .3800000000 -37.26231917
  .3850000000 -36.77582929
  .3900000000 -36.30679735
  .3950000000 -35.84442827
  .4000000000 -35.39906663
  .4050000000 -34.95933902
  .4100000000 -34.53565448
  .4150000000 -34.11720350
  .4200000000 -33.71337951
  .4250000000 -33.31494387
  .4300000000 -32.92932374
  .4350000000 -32.54973607
  .4400000000 -32.18080800
  .4450000000 -31.81898626
  .4500000000 -31.46536987
  .4550000000 -31.12030978
  .4600000000 -30.78074402
  .4650000000 -30.45151223
  .4700000000 -30.12580170
  .4750000000 -29.81057252
  .4800000000 -29.49959145
  .4850000000  .0024246829
  .4900000000  .0022223506
  .4950000000  .0020097804
  .5000000000  .0017868092
  .5050000000  .0015532839
  .5100000000  .0013090647
  .5150000000  .0010540302
  .5200000000  .0007880829
  .5250000000  .0005111571
  .5300000000  .0002232277
  .5350000000 -24.74381888
  .5400000000 -25.01312081
  .5450000000 -25.28768099
  .5500000000 -25.56991294
  .5550000000 -25.85587363
  .5600000000 -26.15179742
  .5650000000 -26.45110327
  .5700000000 -26.76062056
  .5750000000 -27.07468611
  .5800000000 -27.39838835
  .5850000000 -27.72811792
  .5900000000 -28.06728242
  .5950000000 -28.41365191
  .6000000000 -28.76967797
  .6050000000 -29.13374232
  .6100000000 -29.50816402
  .6150000000 -29.89106571
  .6200000000 -30.28556638
  .6250000000 -30.68854498
  .6300000000 -31.10497353
  .6350000000 -31.52937660
  .6400000000 -31.96976604
  .6450000000 -32.41855198
  .6500000000 -32.88364988
  .6550000000 -33.35992721
  .6600000000 -33.85069430
  .6650000000 -34.35708013
  .6700000000 -34.87537494
  .6750000000 -35.41476036
  .6800000000 -35.96765915
  .6850000000 -36.53820660
  .6900000000 -37.12922354
  .6950000000 -37.73663494
  .7000000000 -38.36611591
  .7050000000 -39.01771333
  .7100000000 -39.68919542
  .7150000000 -40.38542048
  .7200000000 -41.10831157
  .7250000000 -41.85532407
  .7300000000 -42.62806059
  .7350000000 -43.43454525
  .7400000000 -44.27088448
  .7450000000 -45.13849379
  .7500000000 -46.03952677
  .7550000000 -46.97901385
  .7600000000 -47.95943071
  .7650000000 -48.98059046
  .7700000000 -50.04540138
  .7750000000 -51.15701721
  .7800000000 -52.31886046
  .7850000000 -53.53464835
  .7900000000 -54.80842172
  .7950000000 -56.14457730
  .8000000000 -57.54790389
  .8050000000 -59.02362291
  .8100000000 -60.57743402
  .8150000000 -62.21556667
  .8200000000 -63.94483839
  .8250000000 -65.77272090
  .8300000000 -67.70741550
  .8350000000 -69.75793916
  .8400000000 -71.93422332
  .8450000000 -74.25744863
  .8500000000 -76.73429156
  .8550000000 -79.37631452
  .8600000000 -82.21371640
  .8650000000 -85.25779545
  .8700000000 -88.53662241
  .8750000000 -92.07614537
  .8800000000 -95.91510865
  .8850000000 -100.0808855
  .8900000000 -104.6261683
  .8950000000 -109.6101725
&
@ s5 color  3
@ s5 linestyle  1
@target s5
@type xy
  .4825092914 -10.000
  .4825092914  10.000
  .5317684039  10.000
  .5317684039 -10.000
&
@ s6 color  4
@ s6 linestyle  1
@ legend string 6 "(4)-(8)"
@target s6
@type xy
  .1000000000 -141.6039257
  .1050000000 -134.8590809
  .1100000000 -128.7339642
  .1150000000 -123.1410878
  .1200000000 -118.0099420
  .1250000000 -113.2826110
  .1300000000 -108.9331654
  .1350000000 -104.8920720
  .1400000000 -101.1523491
  .1450000000 -97.65927874
  .1500000000 -94.40728531
  .1550000000 -91.36335347
  .1600000000 -88.50512314
  .1650000000 -85.82158573
  .1700000000 -83.30071530
  .1750000000 -80.92191025
  .1800000000 -78.67412296
  .1850000000 -76.54730512
  .1900000000 -74.53230222
  .1950000000 -72.62076119
  .2000000000 -70.80504932
  .2050000000 -69.07818290
  .2100000000 -67.43376412
  .2150000000 -65.86592515
  .2200000000 -64.36927846
  .2250000000 -62.93887255
  .2300000000 -61.57015242
  .2350000000 -60.25892407
  .2400000000 -59.00132279
  .2450000000 -57.79773383
  .2500000000 -56.64361090
  .2550000000 -55.53344207
  .2600000000 -54.46437133
  .2650000000 -53.43375883
  .2700000000 -52.44643427
  .2750000000 -51.49387344
  .2800000000 -50.57297767
  .2850000000 -49.68365486
  .2900000000 -48.82949416
  .2950000000 -48.00142481
  .3000000000 -47.19811956
  .3050000000 -46.42734094
  .3100000000 -45.67806480
  .3150000000 -44.95061873
  .3200000000 -44.25070943
  .3250000000 -43.56851499
  .3300000000 -42.90825491
  .3350000000 -42.26874807
  .3400000000 -41.64388168
  .3450000000 -41.04329691
  .3500000000 -40.45540868
  .3550000000 -39.88633920
  .3600000000 -39.33227424
  .3650000000 -38.79258325
  .3700000000 -38.26942822
  .3750000000 -37.75721141
  .3800000000 -37.26232059
  .3850000000 -36.77583077
  .3900000000 -36.30679889
  .3950000000 -35.84442987
  .4000000000 -35.39906829
  .4050000000 -34.95934075
  .4100000000 -34.53565627
  .4150000000 -34.11720536
  .4200000000 -33.71338144
  .4250000000 -33.31494587
  .4300000000 -32.92932581
  .4350000000 -32.54973821
  .4400000000 -32.18081022
  .4450000000 -31.81898856
  .4500000000 -31.46537225
  .4550000000 -31.12031223
  .4600000000 -30.78074656
  .4650000000 -30.45151486
  .4700000000 -30.12580442
  .4750000000 -29.81057534
  .4800000000 -29.49959436
  .4850000000  .0024216155
  .4900000000  .0022191785
  .4950000000  .0020065005
  .5000000000  .0017834184
  .5050000000  .0015497791
  .5100000000  .0013054426
  .5150000000  .0010502873
  .5200000000  .0007842159
  .5250000000  .0005071627
  .5300000000  .0002191024
  .5350000000 -24.74382312
  .5400000000 -25.01312519
  .5450000000 -25.28768551
  .5500000000 -25.56991761
  .5550000000 -25.85587844
  .5600000000 -26.15180238
  .5650000000 -26.45110838
  .5700000000 -26.76062583
  .5750000000 -27.07469155
  .5800000000 -27.39839395
  .5850000000 -27.72812369
  .5900000000 -28.06728836
  .5950000000 -28.41365802
  .6000000000 -28.76968425
  .6050000000 -29.13374878
  .6100000000 -29.50817065
  .6150000000 -29.89107252
  .6200000000 -30.28557336
  .6250000000 -30.68855214
  .6300000000 -31.10498085
  .6350000000 -31.52938409
  .6400000000 -31.96977370
  .6450000000 -32.41855980
  .6500000000 -32.88365787
  .6550000000 -33.35993535
  .6600000000 -33.85070259
  .6650000000 -34.35708857
  .6700000000 -34.87538353
  .6750000000 -35.41476908
  .6800000000 -35.96766800
  .6850000000 -36.53821558
  .6900000000 -37.12923264
  .6950000000 -37.73664416
  .7000000000 -38.36612524
  .7050000000 -39.01772277
  .7100000000 -39.68920496
  .7150000000 -40.38543012
  .7200000000 -41.10832131
  .7250000000 -41.85533389
  .7300000000 -42.62807050
  .7350000000 -43.43455526
  .7400000000 -44.27089456
  .7450000000 -45.13850396
  .7500000000 -46.03953702
  .7550000000 -46.97902419
  .7600000000 -47.95944113
  .7650000000 -48.98060096
  .7700000000 -50.04541197
  .7750000000 -51.15702790
  .7800000000 -52.31887124
  .7850000000 -53.53465923
  .7900000000 -54.80843270
  .7950000000 -56.14458840
  .8000000000 -57.54791511
  .8050000000 -59.02363424
  .8100000000 -60.57744549
  .8150000000 -62.21557829
  .8200000000 -63.94485017
  .8250000000 -65.77273285
  .8300000000 -67.70742763
  .8350000000 -69.75795148
  .8400000000 -71.93423586
  .8450000000 -74.25746141
  .8500000000 -76.73430458
  .8550000000 -79.37632781
  .8600000000 -82.21372997
  .8650000000 -85.25780931
  .8700000000 -88.53663656
  .8750000000 -92.07615981
  .8800000000 -95.91512333
  .8850000000 -100.0809004
  .8900000000 -104.6261832
  .8950000000 -109.6101873
&
@ s7 color  4
@ s7 linestyle  1
@target s7
@type xy
  .4825092914 -10.000
  .4825092914  10.000
  .5317684039  10.000
  .5317684039 -10.000
&
@ s8 color  5
@ s8 linestyle  1
@ legend string 8 "(5)-(1)"
@target s8
@type xy
  .1000000000 -115.0893728
  .1050000000 -109.6101743
  .1100000000 -104.6261701
  .1150000000 -100.0808873
  .1200000000 -95.91511046
  .1250000000 -92.07614715
  .1300000000 -88.53662415
  .1350000000 -85.25779717
  .1400000000 -82.21371808
  .1450000000 -79.37631616
  .1500000000 -76.73429317
  .1550000000 -74.25745022
  .1600000000 -71.93422488
  .1650000000 -69.75794069
  .1700000000 -67.70741701
  .1750000000 -65.77272240
  .1800000000 -63.94483987
  .1850000000 -62.21556814
  .1900000000 -60.57743546
  .1950000000 -59.02362434
  .2000000000 -57.54790532
  .2050000000 -56.14457872
  .2100000000 -54.80842312
  .2150000000 -53.53464975
  .2200000000 -52.31886185
  .2250000000 -51.15701859
  .2300000000 -50.04540275
  .2350000000 -48.98059182
  .2400000000 -47.95943207
  .2450000000 -46.97901520
  .2500000000 -46.03952812
  .2550000000 -45.13849513
  .2600000000 -44.27088581
  .2650000000 -43.43454658
  .2700000000 -42.62806191
  .2750000000 -41.85532538
  .2800000000 -41.10831288
  .2850000000 -40.38542178
  .2900000000 -39.68919671
  .2950000000 -39.01771461
  .3000000000 -38.36611718
  .3050000000 -37.73663619
  .3100000000 -37.12922479
  .3150000000 -36.53820783
  .3200000000 -35.96766037
  .3250000000 -35.41476157
  .3300000000 -34.87537613
  .3350000000 -34.35708131
  .3400000000 -33.85069546
  .3450000000 -33.35992836
  .3500000000 -32.88365101
  .3550000000 -32.41855309
  .3600000000 -31.96976714
  .3650000000 -31.52937767
  .3700000000 -31.10497458
  .3750000000 -30.68854602
  .3800000000 -30.28556739
  .3850000000 -29.89106671
  .3900000000 -29.50816499
  .3950000000 -29.13374327
  .4000000000 -28.76967890
  .4050000000 -28.41365282
  .4100000000 -28.06728332
  .4150000000 -27.72811880
  .4200000000 -27.39838921
  .4250000000 -27.07468695
  .4300000000 -26.76062137
  .4350000000 -26.45110406
  .4400000000 -26.15179820
  .4450000000 -25.85587439
  .4500000000 -25.56991368
  .4550000000 -25.28768171
  .4600000000 -25.01312151
  .4650000000 -24.74381957
  .4700000000  .0002225531
  .4750000000  .0005104989
  .4800000000  .0007874404
  .4850000000  .0010534031
  .4900000000  .0013084525
  .4950000000  .0015526860
  .5000000000  .0017862253
  .5050000000  .0020092100
  .5100000000  .0022217935
  .5150000000  .0024241386
  .5200000000 -29.49959197
  .5250000000 -29.81057303
  .5300000000 -30.12580220
  .5350000000 -30.45151271
  .5400000000 -30.78074449
  .5450000000 -31.12031024
  .5500000000 -31.46537032
  .5550000000 -31.81898670
  .5600000000 -32.18080843
  .5650000000 -32.54973649
  .5700000000 -32.92932415
  .5750000000 -33.31494427
  .5800000000 -33.71337990
  .5850000000 -34.11720388
  .5900000000 -34.53565485
  .5950000000 -34.95933938
  .6000000000 -35.39906698
  .6050000000 -35.84442861
  .6100000000 -36.30679768
  .6150000000 -36.77582961
  .6200000000 -37.26231948
  .6250000000 -37.75721036
  .6300000000 -38.26942722
  .6350000000 -38.79258229
  .6400000000 -39.33227333
  .6450000000 -39.88633834
  .6500000000 -40.45540787
  .6550000000 -41.04329615
  .6600000000 -41.64388096
  .6650000000 -42.26874739
  .6700000000 -42.90825428
  .6750000000 -43.56851440
  .6800000000 -44.25070888
  .6850000000 -44.95061823
  .6900000000 -45.67806434
  .6950000000 -46.42734052
  .7000000000 -47.19811918
  .7050000000 -48.00142446
  .7100000000 -48.82949386
  .7150000000 -49.68365459
  .7200000000 -50.57297743
  .7250000000 -51.49387323
  .7300000000 -52.44643409
  .7350000000 -53.43375868
  .7400000000 -54.46437120
  .7450000000 -55.53344196
  .7500000000 -56.64361081
  .7550000000 -57.79773376
  .7600000000 -59.00132273
  .7650000000 -60.25892403
  .7700000000 -61.57015238
  .7750000000 -62.93887253
  .7800000000 -64.36927844
  .7850000000 -65.86592514
  .7900000000 -67.43376412
  .7950000000 -69.07818290
  .8000000000 -70.80504932
  .8050000000 -72.62076118
  .8100000000 -74.53230221
  .8150000000 -76.54730511
  .8200000000 -78.67412294
  .8250000000 -80.92191022
  .8300000000 -83.30071526
  .8350000000 -85.82158569
  .8400000000 -88.50512309
  .8450000000 -91.36335341
  .8500000000 -94.40728524
  .8550000000 -97.65927866
  .8600000000 -101.1523490
  .8650000000 -104.8920719
  .8700000000 -108.9331653
  .8750000000 -113.2826109
  .8800000000 -118.0099419
  .8850000000 -123.1410877
  .8900000000 -128.7339641
  .8950000000 -134.8590807
&
@ s9 color  5
@ s9 linestyle  1
@target s9
@type xy
  .4682315960 -10.000
  .4682315960  10.000
  .5174907085  10.000
  .5174907085 -10.000
&
@ s10 color  1
@ s10 linestyle  2
@ legend string 10 "(6)-(2)"
@target s10
@type xy
  .1000000000 -115.0893840
  .1050000000 -109.6101858
  .1100000000 -104.6261817
  .1150000000 -100.0808989
  .1200000000 -95.91512189
  .1250000000 -92.07615838
  .1300000000 -88.53663517
  .1350000000 -85.25780795
  .1400000000 -82.21372864
  .1450000000 -79.37632651
  .1500000000 -76.73430331
  .1550000000 -74.25746016
  .1600000000 -71.93423464
  .1650000000 -69.75795029
  .1700000000 -67.70742646
  .1750000000 -65.77273170
  .1800000000 -63.94484905
  .1850000000 -62.21557719
  .1900000000 -60.57744441
  .1950000000 -59.02363318
  .2000000000 -57.54791406
  .2050000000 -56.14458737
  .2100000000 -54.80843169
  .2150000000 -53.53465824
  .2200000000 -52.31887027
  .2250000000 -51.15702694
  .2300000000 -50.04541103
  .2350000000 -48.98060003
  .2400000000 -47.95944021
  .2450000000 -46.97902328
  .2500000000 -46.03953613
  .2550000000 -45.13850309
  .2600000000 -44.27089370
  .2650000000 -43.43455441
  .2700000000 -42.62806967
  .2750000000 -41.85533307
  .2800000000 -41.10832050
  .2850000000 -40.38542933
  .2900000000 -39.68920418
  .2950000000 -39.01772201
  .3000000000 -38.36612450
  .3050000000 -37.73664343
  .3100000000 -37.12923193
  .3150000000 -36.53821488
  .3200000000 -35.96766732
  .3250000000 -35.41476842
  .3300000000 -34.87538288
  .3350000000 -34.35708795
  .3400000000 -33.85070198
  .3450000000 -33.35993476
  .3500000000 -32.88365730
  .3550000000 -32.41855925
  .3600000000 -31.96977317
  .3650000000 -31.52938358
  .3700000000 -31.10498036
  .3750000000 -30.68855166
  .3800000000 -30.28557290
  .3850000000 -29.89107208
  .3900000000 -29.50817023
  .3950000000 -29.13374837
  .4000000000 -28.76968387
  .4050000000 -28.41365765
  .4100000000 -28.06728801
  .4150000000 -27.72812336
  .4200000000 -27.39839364
  .4250000000 -27.07469126
  .4300000000 -26.76062556
  .4350000000 -26.45110812
  .4400000000 -26.15180214
  .4450000000 -25.85587821
  .4500000000 -25.56991739
  .4550000000 -25.28768531
  .4600000000 -25.01312500
  .4650000000 -24.74382295
  .4700000000  .0002192598
  .4750000000  .0005073068
  .4800000000  .0007843476
  .4850000000  .0010504072
  .4900000000  .0013055514
  .4950000000  .0015498773
  .5000000000  .0017835067
  .5050000000  .0020065793
  .5100000000  .0022192483
  .5150000000  .0024216768
  .5200000000 -29.49959431
  .5250000000 -29.81057530
  .5300000000 -30.12580439
  .5350000000 -30.45151483
  .5400000000 -30.78074654
  .5450000000 -31.12031222
  .5500000000 -31.46537225
  .5550000000 -31.81898856
  .5600000000 -32.18081023
  .5650000000 -32.54973822
  .5700000000 -32.92932583
  .5750000000 -33.31494589
  .5800000000 -33.71338146
  .5850000000 -34.11720539
  .5900000000 -34.53565631
  .5950000000 -34.95934079
  .6000000000 -35.39906833
  .6050000000 -35.84442992
  .6100000000 -36.30679894
  .6150000000 -36.77583082
  .6200000000 -37.26232064
  .6250000000 -37.75721147
  .6300000000 -38.26942828
  .6350000000 -38.79258330
  .6400000000 -39.33227430
  .6450000000 -39.88633926
  .6500000000 -40.45540874
  .6550000000 -41.04329697
  .6600000000 -41.64388174
  .6650000000 -42.26874813
  .6700000000 -42.90825497
  .6750000000 -43.56851504
  .6800000000 -44.25070948
  .6850000000 -44.95061879
  .6900000000 -45.67806485
  .6950000000 -46.42734099
  .7000000000 -47.19811960
  .7050000000 -48.00142485
  .7100000000 -48.82949421
  .7150000000 -49.68365490
  .7200000000 -50.57297771
  .7250000000 -51.49387348
  .7300000000 -52.44643431
  .7350000000 -53.43375886
  .7400000000 -54.46437135
  .7450000000 -55.53344210
  .7500000000 -56.64361092
  .7550000000 -57.79773385
  .7600000000 -59.00132281
  .7650000000 -60.25892409
  .7700000000 -61.57015243
  .7750000000 -62.93887256
  .7800000000 -64.36927846
  .7850000000 -65.86592515
  .7900000000 -67.43376413
  .7950000000 -69.07818291
  .8000000000 -70.80504932
  .8050000000 -72.62076119
  .8100000000 -74.53230222
  .8150000000 -76.54730512
  .8200000000 -78.67412296
  .8250000000 -80.92191025
  .8300000000 -83.30071529
  .8350000000 -85.82158573
  .8400000000 -88.50512313
  .8450000000 -91.36335347
  .8500000000 -94.40728531
  .8550000000 -97.65927874
  .8600000000 -101.1523491
  .8650000000 -104.8920720
  .8700000000 -108.9331654
  .8750000000 -113.2826110
  .8800000000 -118.0099420
  .8850000000 -123.1410878
  .8900000000 -128.7339642
  .8950000000 -134.8590809
&
@ s11 color  1
@ s11 linestyle  2
@target s11
@type xy
  .4682315960 -10.000
  .4682315960  10.000
  .5174907085  10.000
  .5174907085 -10.000
&
@ s12 color  2
@ s12 linestyle  2
@ legend string 12 "(7)-(3)"
@target s12
@type xy
  .1000000000 -115.0893710
  .1050000000 -109.6101725
  .1100000000 -104.6261683
  .1150000000 -100.0808855
  .1200000000 -95.91510865
  .1250000000 -92.07614537
  .1300000000 -88.53662241
  .1350000000 -85.25779545
  .1400000000 -82.21371640
  .1450000000 -79.37631452
  .1500000000 -76.73429156
  .1550000000 -74.25744863
  .1600000000 -71.93422332
  .1650000000 -69.75793916
  .1700000000 -67.70741550
  .1750000000 -65.77272090
  .1800000000 -63.94483839
  .1850000000 -62.21556667
  .1900000000 -60.57743402
  .1950000000 -59.02362291
  .2000000000 -57.54790389
  .2050000000 -56.14457730
  .2100000000 -54.80842172
  .2150000000 -53.53464835
  .2200000000 -52.31886046
  .2250000000 -51.15701721
  .2300000000 -50.04540138
  .2350000000 -48.98059046
  .2400000000 -47.95943071
  .2450000000 -46.97901385
  .2500000000 -46.03952677
  .2550000000 -45.13849379
  .2600000000 -44.27088448
  .2650000000 -43.43454525
  .2700000000 -42.62806059
  .2750000000 -41.85532407
  .2800000000 -41.10831157
  .2850000000 -40.38542048
  .2900000000 -39.68919542
  .2950000000 -39.01771333
  .3000000000 -38.36611591
  .3050000000 -37.73663494
  .3100000000 -37.12922354
  .3150000000 -36.53820660
  .3200000000 -35.96765915
  .3250000000 -35.41476036
  .3300000000 -34.87537494
  .3350000000 -34.35708013
  .3400000000 -33.85069430
  .3450000000 -33.35992721
  .3500000000 -32.88364988
  .3550000000 -32.41855198
  .3600000000 -31.96976604
  .3650000000 -31.52937660
  .3700000000 -31.10497353
  .3750000000 -30.68854498
  .3800000000 -30.28556638
  .3850000000 -29.89106571
  .3900000000 -29.50816402
  .3950000000 -29.13374232
  .4000000000 -28.76967797
  .4050000000 -28.41365191
  .4100000000 -28.06728242
  .4150000000 -27.72811792
  .4200000000 -27.39838835
  .4250000000 -27.07468611
  .4300000000 -26.76062056
  .4350000000 -26.45110327
  .4400000000 -26.15179742
  .4450000000 -25.85587363
  .4500000000 -25.56991294
  .4550000000 -25.28768099
  .4600000000 -25.01312081
  .4650000000 -24.74381888
  .4700000000  .0002232277
  .4750000000  .0005111571
  .4800000000  .0007880829
  .4850000000  .0010540302
  .4900000000  .0013090647
  .4950000000  .0015532839
  .5000000000  .0017868092
  .5050000000  .0020097804
  .5100000000  .0022223506
  .5150000000  .0024246829
  .5200000000 -29.49959145
  .5250000000 -29.81057252
  .5300000000 -30.12580170
  .5350000000 -30.45151223
  .5400000000 -30.78074402
  .5450000000 -31.12030978
  .5500000000 -31.46536987
  .5550000000 -31.81898626
  .5600000000 -32.18080800
  .5650000000 -32.54973607
  .5700000000 -32.92932374
  .5750000000 -33.31494387
  .5800000000 -33.71337951
  .5850000000 -34.11720350
  .5900000000 -34.53565448
  .5950000000 -34.95933902
  .6000000000 -35.39906663
  .6050000000 -35.84442827
  .6100000000 -36.30679735
  .6150000000 -36.77582929
  .6200000000 -37.26231917
  .6250000000 -37.75721006
  .6300000000 -38.26942693
  .6350000000 -38.79258201
  .6400000000 -39.33227306
  .6450000000 -39.88633808
  .6500000000 -40.45540762
  .6550000000 -41.04329591
  .6600000000 -41.64388074
  .6650000000 -42.26874718
  .6700000000 -42.90825408
  .6750000000 -43.56851421
  .6800000000 -44.25070871
  .6850000000 -44.95061807
  .6900000000 -45.67806419
  .6950000000 -46.42734038
  .7000000000 -47.19811904
  .7050000000 -48.00142434
  .7100000000 -48.82949375
  .7150000000 -49.68365449
  .7200000000 -50.57297734
  .7250000000 -51.49387315
  .7300000000 -52.44643402
  .7350000000 -53.43375862
  .7400000000 -54.46437114
  .7450000000 -55.53344192
  .7500000000 -56.64361077
  .7550000000 -57.79773372
  .7600000000 -59.00132271
  .7650000000 -60.25892401
  .7700000000 -61.57015237
  .7750000000 -62.93887252
  .7800000000 -64.36927843
  .7850000000 -65.86592513
  .7900000000 -67.43376411
  .7950000000 -69.07818290
  .8000000000 -70.80504931
  .8050000000 -72.62076118
  .8100000000 -74.53230221
  .8150000000 -76.54730511
  .8200000000 -78.67412294
  .8250000000 -80.92191022
  .8300000000 -83.30071526
  .8350000000 -85.82158568
  .8400000000 -88.50512307
  .8450000000 -91.36335340
  .8500000000 -94.40728522
  .8550000000 -97.65927864
  .8600000000 -101.1523490
  .8650000000 -104.8920719
  .8700000000 -108.9331652
  .8750000000 -113.2826109
  .8800000000 -118.0099419
  .8850000000 -123.1410876
  .8900000000 -128.7339640
  .8950000000 -134.8590806
&
@ s13 color  2
@ s13 linestyle  2
@target s13
@type xy
  .4682315960 -10.000
  .4682315960  10.000
  .5174907085  10.000
  .5174907085 -10.000
&
@ s14 color  3
@ s14 linestyle  2
@ legend string 14 "(8)-(4)"
@target s14
@type xy
  .1000000000 -115.0893854
  .1050000000 -109.6101873
  .1100000000 -104.6261832
  .1150000000 -100.0809004
  .1200000000 -95.91512333
  .1250000000 -92.07615981
  .1300000000 -88.53663656
  .1350000000 -85.25780931
  .1400000000 -82.21372997
  .1450000000 -79.37632781
  .1500000000 -76.73430458
  .1550000000 -74.25746141
  .1600000000 -71.93423586
  .1650000000 -69.75795148
  .1700000000 -67.70742763
  .1750000000 -65.77273285
  .1800000000 -63.94485017
  .1850000000 -62.21557829
  .1900000000 -60.57744549
  .1950000000 -59.02363424
  .2000000000 -57.54791511
  .2050000000 -56.14458840
  .2100000000 -54.80843270
  .2150000000 -53.53465923
  .2200000000 -52.31887124
  .2250000000 -51.15702790
  .2300000000 -50.04541197
  .2350000000 -48.98060096
  .2400000000 -47.95944113
  .2450000000 -46.97902419
  .2500000000 -46.03953702
  .2550000000 -45.13850396
  .2600000000 -44.27089456
  .2650000000 -43.43455526
  .2700000000 -42.62807050
  .2750000000 -41.85533389
  .2800000000 -41.10832131
  .2850000000 -40.38543012
  .2900000000 -39.68920496
  .2950000000 -39.01772277
  .3000000000 -38.36612524
  .3050000000 -37.73664416
  .3100000000 -37.12923264
  .3150000000 -36.53821558
  .3200000000 -35.96766800
  .3250000000 -35.41476908
  .3300000000 -34.87538353
  .3350000000 -34.35708857
  .3400000000 -33.85070259
  .3450000000 -33.35993535
  .3500000000 -32.88365787
  .3550000000 -32.41855980
  .3600000000 -31.96977370
  .3650000000 -31.52938409
  .3700000000 -31.10498085
  .3750000000 -30.68855214
  .3800000000 -30.28557336
  .3850000000 -29.89107252
  .3900000000 -29.50817065
  .3950000000 -29.13374878
  .4000000000 -28.76968425
  .4050000000 -28.41365802
  .4100000000 -28.06728836
  .4150000000 -27.72812369
  .4200000000 -27.39839395
  .4250000000 -27.07469155
  .4300000000 -26.76062583
  .4350000000 -26.45110838
  .4400000000 -26.15180238
  .4450000000 -25.85587844
  .4500000000 -25.56991761
  .4550000000 -25.28768551
  .4600000000 -25.01312519
  .4650000000 -24.74382312
  .4700000000  .0002191024
  .4750000000  .0005071627
  .4800000000  .0007842159
  .4850000000  .0010502873
  .4900000000  .0013054426
  .4950000000  .0015497791
  .5000000000  .0017834184
  .5050000000  .0020065005
  .5100000000  .0022191785
  .5150000000  .0024216155
  .5200000000 -29.49959436
  .5250000000 -29.81057534
  .5300000000 -30.12580442
  .5350000000 -30.45151486
  .5400000000 -30.78074656
  .5450000000 -31.12031223
  .5500000000 -31.46537225
  .5550000000 -31.81898856
  .5600000000 -32.18081022
  .5650000000 -32.54973821
  .5700000000 -32.92932581
  .5750000000 -33.31494587
  .5800000000 -33.71338144
  .5850000000 -34.11720536
  .5900000000 -34.53565627
  .5950000000 -34.95934075
  .6000000000 -35.39906829
  .6050000000 -35.84442987
  .6100000000 -36.30679889
  .6150000000 -36.77583077
  .6200000000 -37.26232059
  .6250000000 -37.75721141
  .6300000000 -38.26942822
  .6350000000 -38.79258325
  .6400000000 -39.33227424
  .6450000000 -39.88633920
  .6500000000 -40.45540868
  .6550000000 -41.04329691
  .6600000000 -41.64388168
  .6650000000 -42.26874807
  .6700000000 -42.90825491
  .6750000000 -43.56851499
  .6800000000 -44.25070943
  .6850000000 -44.95061873
  .6900000000 -45.67806480
  .6950000000 -46.42734094
  .7000000000 -47.19811956
  .7050000000 -48.00142481
  .7100000000 -48.82949416
  .7150000000 -49.68365486
  .7200000000 -50.57297767
  .7250000000 -51.49387344
  .7300000000 -52.44643427
  .7350000000 -53.43375883
  .7400000000 -54.46437133
  .7450000000 -55.53344207
  .7500000000 -56.64361090
  .7550000000 -57.79773383
  .7600000000 -59.00132279
  .7650000000 -60.25892407
  .7700000000 -61.57015242
  .7750000000 -62.93887255
  .7800000000 -64.36927846
  .7850000000 -65.86592515
  .7900000000 -67.43376412
  .7950000000 -69.07818290
  .8000000000 -70.80504932
  .8050000000 -72.62076119
  .8100000000 -74.53230222
  .8150000000 -76.54730512
  .8200000000 -78.67412296
  .8250000000 -80.92191025
  .8300000000 -83.30071530
  .8350000000 -85.82158573
  .8400000000 -88.50512314
  .8450000000 -91.36335347
  .8500000000 -94.40728531
  .8550000000 -97.65927874
  .8600000000 -101.1523491
  .8650000000 -104.8920720
  .8700000000 -108.9331654
  .8750000000 -113.2826110
  .8800000000 -118.0099420
  .8850000000 -123.1410878
  .8900000000 -128.7339642
  .8950000000 -134.8590809
&
@ s15 color  3
@ s15 linestyle  2
@target s15
@type xy
  .4682315960 -10.000
  .4682315960  10.000
  .5174907085  10.000
  .5174907085 -10.000
&
