# ACE/gr parameter file
#
@    version 50122
@    world xmin 0.25
@    world xmax 0.75
@    title font 5
@    xaxis  tick major 0.1
@    xaxis  tick minor 0.02
@    xaxis  label "(r-r\s1\N)/d"
@    xaxis  label font 5
@    xaxis  label char size 1.2
@    xaxis  ticklabel font 4
@    xaxis  ticklabel char size 1
@    yaxis  tick major .1
@    yaxis  tick minor .02
@    yaxis  label font 4
@    yaxis  label char size 1.2
@    yaxis  ticklabel font 5
@    yaxis  ticklabel char size 1
@    title "potential between neighbors"
@    yaxis  label "V(r) (Ry)"
@    world ymin -10.
@    world ymax   .0
@    yaxis  tick major 2
@    yaxis  tick minor 1
@ s0 color  1
@ s0 linestyle  1
@ legend string 0 "(1)-(5)"
@target s0
@type xy
  .1000000000 -39.75166898
  .1050000000 -35.93646651
  .1100000000 -32.58156826
  .1150000000 -29.61645847
  .1200000000 -26.98454350
  .1250000000 -24.63944942
  .1300000000 -22.56290356
  .1350000000 -20.69583425
  .1400000000 -19.03536164
  .1450000000 -17.53525761
  .1500000000 -16.19257463
  .1550000000 -14.98019605
  .1600000000 -13.88041995
  .1650000000 -12.88493562
  .1700000000 -11.98438507
  .1750000000 -11.16287990
  .1800000000 -10.41228652
  .1850000000 -9.725318529
  .1900000000 -9.095456947
  .1950000000 -8.516877143
  .2000000000 -7.984381565
  .2050000000 -7.493337677
  .2100000000 -7.039620600
  .2150000000 -6.619560161
  .2200000000 -6.229892099
  .2250000000 -5.867713278
  .2300000000 -5.530440777
  .2350000000 -5.215774788
  .2400000000 -4.921665248
  .2450000000 -4.648292869
  .2500000000 -4.393247984
  .2550000000 -4.153778742
  .2600000000 -3.928553009
  .2650000000 -3.716375440
  .2700000000 -3.519535626
  .2750000000 -3.334008602
  .2800000000 -3.158456629
  .2850000000 -2.992919344
  .2900000000 -2.838970723
  .2950000000 -2.692640298
  .3000000000 -2.553459573
  .3050000000 -2.424717908
  .3100000000 -2.301779696
  .3150000000 -2.184876750
  .3200000000 -2.076314262
  .3250000000 -1.972161970
  .3300000000 -1.874153182
  .3350000000 -1.781805873
  .3400000000 -1.692825300
  .3450000000 -1.610890635
  .3500000000 -1.531644439
  .3550000000 -1.457422747
  .3600000000 -1.386820340
  .3650000000 -1.319658014
  .3700000000 -1.256736490
  .3750000000 -1.196076718
  .3800000000 -1.140005283
  .3850000000 -1.085360386
  .3900000000 -1.035423939
  .3950000000 -.9863699093
  .4000000000 -.9419533156
  .4050000000 -.8981249406
  .4100000000 -.8586980983
  .4150000000 -.8197846821
  .4200000000 -.7848883932
  .4250000000 -.7506300941
  .4300000000 -.7198627031
  .4350000000 -.6900475522
  .4400000000 -.6630521579
  .4450000000 -.6375138035
  .4500000000 -.6139657393
  .4550000000 -.5925819931
  .4600000000 -.5721761128
  .4650000000 -.5548683450
  .4700000000 -.5377456906
  .4750000000 -.5240389945
  .4800000000 -.5109113861
  .4850000000 -.5049259552
  .4900000000 -.4961860750
  .4950000000 -.4891880476
  .5000000000 -.4839248670
  .5050000000 -.4803937726
  .5100000000 -.4785961802
  .5150000000 -.4785376091
  .5200000000 -.4802276058
  .5250000000 -.4836796649
  .5300000000 -.4889111484
  .5350000000 -.4924051503
  .5400000000 -.5018624301
  .5450000000 -.5127809411
  .5500000000 -.5265404649
  .5550000000 -.5407761507
  .5600000000 -.5589458668
  .5650000000 -.5773232413
  .5700000000 -.5995637681
  .5750000000 -.6225662934
  .5800000000 -.6489556468
  .5850000000 -.6767925247
  .5900000000 -.7077710209
  .5950000000 -.7406989532
  .6000000000 -.7767584278
  .6050000000 -.8150817569
  .6100000000 -.8567763336
  .6150000000 -.9008480962
  .6200000000 -.9488047144
  .6250000000 -.9990287403
  .6300000000 -1.053958135
  .6350000000 -1.110792337
  .6400000000 -1.173501200
  .6450000000 -1.238214663
  .6500000000 -1.308867242
  .6550000000 -1.382818162
  .6600000000 -1.461681060
  .6650000000 -1.545997655
  .6700000000 -1.633786437
  .6750000000 -1.729758996
  .6800000000 -1.829930226
  .6850000000 -1.936386166
  .6900000000 -2.050609135
  .6950000000 -2.170348888
  .7000000000 -2.298612363
  .7050000000 -2.435428147
  .7100000000 -2.579478019
  .7150000000 -2.733426397
  .7200000000 -2.898393996
  .7250000000 -3.072849601
  .7300000000 -3.257622899
  .7350000000 -3.457539864
  .7400000000 -3.670253572
  .7450000000 -3.896550662
  .7500000000 -4.137694584
  .7550000000 -4.396893091
  .7600000000 -4.675810304
  .7650000000 -4.974277735
  .7700000000 -5.294182177
  .7750000000 -5.637615719
  .7800000000 -6.006895389
  .7850000000 -6.404583581
  .7900000000 -6.833509296
  .7950000000 -7.296790270
  .8000000000 -7.797856160
  .8050000000 -8.340473031
  .8100000000 -8.928769567
  .8150000000 -9.567265541
  .8200000000 -10.26090333
  .8250000000 -11.01508346
  .8300000000 -11.83570554
  .8350000000 -12.72921613
  .8400000000 -13.70266578
  .8450000000 -14.77236831
  .8500000000 -15.94223130
  .8550000000 -17.21999815
  .8600000000 -18.62877651
  .8650000000 -20.17551661
  .8700000000 -21.88096424
  .8750000000 -23.76388540
  .8800000000 -25.85373624
  .8850000000 -28.17054059
  .8900000000 -30.75609107
  .8950000000 -33.65886962
&
@ s1 color  1
@ s1 linestyle  1
@target s1
@type xy
  .4825092914 -10.000
  .4825092914  10.000
  .5317684039  10.000
  .5317684039 -10.000
&
@ s2 color  2
@ s2 linestyle  1
@ legend string 2 "(2)-(6)"
@target s2
@type xy
  .1000000000 -39.75166509
  .1050000000 -35.93646507
  .1100000000 -32.58156932
  .1150000000 -29.61646206
  .1200000000 -26.98454966
  .1250000000 -24.63945818
  .1300000000 -22.56291496
  .1350000000 -20.69584831
  .1400000000 -19.03537839
  .1450000000 -17.53527707
  .1500000000 -16.19259682
  .1550000000 -14.98022101
  .1600000000 -13.88044769
  .1650000000 -12.88496617
  .1700000000 -11.98441847
  .1750000000 -11.16291617
  .1800000000 -10.41232569
  .1850000000 -9.725360637
  .1900000000 -9.095502028
  .1950000000 -8.516925236
  .2000000000 -7.984432714
  .2050000000 -7.493391929
  .2100000000 -7.039678003
  .2150000000 -6.619620767
  .2200000000 -6.229955962
  .2250000000 -5.867780453
  .2300000000 -5.530511320
  .2350000000 -5.215848757
  .2400000000 -4.921742697
  .2450000000 -4.648373878
  .2500000000 -4.393332627
  .2550000000 -4.153867078
  .2600000000 -3.928645094
  .2650000000 -3.716471327
  .2700000000 -3.519635423
  .2750000000 -3.334112368
  .2800000000 -3.158564415
  .2850000000 -2.993031209
  .2900000000 -2.839086779
  .2950000000 -2.692760586
  .3000000000 -2.553584131
  .3050000000 -2.424846871
  .3100000000 -2.301913096
  .3150000000 -2.185014630
  .3200000000 -2.076456752
  .3250000000 -1.972309089
  .3300000000 -1.874305017
  .3350000000 -1.781962510
  .3400000000 -1.692986745
  .3450000000 -1.611057060
  .3500000000 -1.531815844
  .3550000000 -1.457599244
  .3600000000 -1.387001995
  .3650000000 -1.319844884
  .3700000000 -1.256928697
  .3750000000 -1.196274275
  .3800000000 -1.140208363
  .3850000000 -1.085568962
  .3900000000 -1.035638228
  .3950000000 -.9865898557
  .4000000000 -.9421791657
  .4050000000 -.8983566238
  .4100000000 -.8589358772
  .4150000000 -.8200284859
  .4200000000 -.7851384836
  .4250000000 -.7508864178
  .4300000000 -.7201255009
  .4350000000 -.6903168098
  .4400000000 -.6633280711
  .4450000000 -.6377964223
  .4500000000 -.6142551858
  .4550000000 -.5928784116
  .4600000000 -.5724795176
  .4650000000 -.5551790107
  .4700000000 -.5380635395
  .4750000000 -.5243643615
  .4800000000 -.5112442477
  .4850000000 -.5052672240
  .4900000000 -.4965352120
  .4950000000 -.4895451920
  .5000000000 -.4842901610
  .5050000000 -.4807673613
  .5100000000 -.4789782121
  .5150000000 -.4789282360
  .5200000000 -.4806269831
  .5250000000 -.4840879517
  .5300000000 -.4893285079
  .5350000000 -.4928318014
  .5400000000 -.5022985093
  .5450000000 -.5132266071
  .5500000000 -.5269959354
  .5550000000 -.5412415488
  .5600000000 -.5594214646
  .5650000000 -.5778091553
  .5700000000 -.6000602754
  .5750000000 -.6230735395
  .5800000000 -.6494738952
  .5850000000 -.6773219566
  .5900000000 -.7083118949
  .5950000000 -.7412514787
  .6000000000 -.7773228684
  .6050000000 -.8156583415
  .6100000000 -.8573653411
  .6150000000 -.9014497661
  .6200000000 -.9494193514
  .6250000000 -.9996565847
  .6300000000 -1.054599528
  .6350000000 -1.111447510
  .6400000000 -1.174170541
  .6450000000 -1.238898412
  .6500000000 -1.309565789
  .6550000000 -1.383531798
  .6600000000 -1.462410136
  .6650000000 -1.546742535
  .6700000000 -1.634547430
  .6750000000 -1.730536542
  .6800000000 -1.830724653
  .6850000000 -1.937197861
  .6900000000 -2.051438510
  .6950000000 -2.171196309
  .7000000000 -2.299478255
  .7050000000 -2.436312926
  .7100000000 -2.580382081
  .7150000000 -2.734350180
  .7200000000 -2.899337935
  .7250000000 -3.073814120
  .7300000000 -3.258608431
  .7350000000 -3.458546868
  .7400000000 -3.671282486
  .7450000000 -3.897601930
  .7500000000 -4.138768658
  .7550000000 -4.397990420
  .7600000000 -4.676931331
  .7650000000 -4.975422903
  .7700000000 -5.295351927
  .7750000000 -5.638810488
  .7800000000 -6.008115605
  .7850000000 -6.405829660
  .7900000000 -6.834781641
  .7950000000 -7.298089265
  .8000000000 -7.799182168
  .8050000000 -8.341826389
  .8100000000 -8.930150585
  .8150000000 -9.568674499
  .8200000000 -10.26234047
  .8250000000 -11.01654900
  .8300000000 -11.83719963
  .8350000000 -12.73073890
  .8400000000 -13.70421732
  .8450000000 -14.77394853
  .8500000000 -15.94384012
  .8550000000 -17.22163550
  .8600000000 -18.63044209
  .8650000000 -20.17721016
  .8700000000 -21.88268539
  .8750000000 -23.76563376
  .8800000000 -25.85551132
  .8850000000 -28.17234201
  .8900000000 -30.75791844
  .8950000000 -33.66072260
&
@ s3 color  2
@ s3 linestyle  1
@target s3
@type xy
  .4825092914 -10.000
  .4825092914  10.000
  .5317684039  10.000
  .5317684039 -10.000
&
@ s4 color  3
@ s4 linestyle  1
@ legend string 4 "(3)-(7)"
@target s4
@type xy
  .1000000000 -39.75166960
  .1050000000 -35.93646664
  .1100000000 -32.58156790
  .1150000000 -29.61645760
  .1200000000 -26.98454212
  .1250000000 -24.63944752
  .1300000000 -22.56290114
  .1350000000 -20.69583130
  .1400000000 -19.03535815
  .1450000000 -17.53525359
  .1500000000 -16.19257006
  .1550000000 -14.98019094
  .1600000000 -13.88041428
  .1650000000 -12.88492939
  .1700000000 -11.98437828
  .1750000000 -11.16287253
  .1800000000 -10.41227857
  .1850000000 -9.725309997
  .1900000000 -9.095447824
  .1950000000 -8.516867419
  .2000000000 -7.984371232
  .2050000000 -7.493326726
  .2100000000 -7.039609020
  .2150000000 -6.619547942
  .2200000000 -6.229879231
  .2250000000 -5.867699748
  .2300000000 -5.530426575
  .2350000000 -5.215759902
  .2400000000 -4.921649666
  .2450000000 -4.648276576
  .2500000000 -4.393230965
  .2550000000 -4.153760985
  .2600000000 -3.928534501
  .2650000000 -3.716356172
  .2700000000 -3.519515576
  .2750000000 -3.333987757
  .2800000000 -3.158434979
  .2850000000 -2.992896877
  .2900000000 -2.838947417
  .2950000000 -2.692616144
  .3000000000 -2.553434565
  .3050000000 -2.424692017
  .3100000000 -2.301752916
  .3150000000 -2.184849072
  .3200000000 -2.076285660
  .3250000000 -1.972132440
  .3300000000 -1.874122707
  .3350000000 -1.781774435
  .3400000000 -1.692792899
  .3450000000 -1.610857234
  .3500000000 -1.531610040
  .3550000000 -1.457387327
  .3600000000 -1.386783886
  .3650000000 -1.319620514
  .3700000000 -1.256697919
  .3750000000 -1.196037075
  .3800000000 -1.139964532
  .3850000000 -1.085318532
  .3900000000 -1.035380939
  .3950000000 -.9863257748
  .4000000000 -.9419079968
  .4050000000 -.8980784515
  .4100000000 -.8586503862
  .4150000000 -.8197357612
  .4200000000 -.7848382109
  .4250000000 -.7505786609
  .4300000000 -.7198099708
  .4350000000 -.6899935235
  .4400000000 -.6629967937
  .4450000000 -.6374570936
  .4500000000 -.6139076593
  .4550000000 -.5925225140
  .4600000000 -.5721152317
  .4650000000 -.5548060070
  .4700000000 -.5376819112
  .4750000000 -.5239737069
  .4800000000 -.5108445949
  .4850000000 -.5048574646
  .4900000000 -.4961160036
  .4950000000 -.4891163673
  .5000000000 -.4838515489
  .5050000000 -.4803187874
  .5100000000 -.4785194979
  .5150000000 -.4784591992
  .5200000000 -.4801474370
  .5250000000 -.4835977052
  .5300000000 -.4888273651
  .5350000000 -.4923194798
  .5400000000 -.5017748678
  .5450000000 -.5126914545
  .5500000000 -.5264490096
  .5550000000 -.5406827018
  .5600000000 -.5588503688
  .5650000000 -.5772256708
  .5700000000 -.5994640687
  .5750000000 -.6224644356
  .5800000000 -.6488515772
  .5850000000 -.6766862066
  .5900000000 -.7076624019
  .5950000000 -.7405879909
  .6000000000 -.7766450689
  .6050000000 -.8149659551
  .6100000000 -.8566580323
  .6150000000 -.9007272471
  .6200000000 -.9486812558
  .6250000000 -.9989026236
  .6300000000 -1.053829291
  .6350000000 -1.110660719
  .6400000000 -1.173366730
  .6450000000 -1.238077292
  .6500000000 -1.308726891
  .6550000000 -1.382674772
  .6600000000 -1.461534561
  .6650000000 -1.545847972
  .6700000000 -1.633633509
  .6750000000 -1.729602732
  .6800000000 -1.829770562
  .6850000000 -1.936223022
  .6900000000 -2.050442428
  .6950000000 -2.170178544
  .7000000000 -2.298438296
  .7050000000 -2.435250273
  .7100000000 -2.579296257
  .7150000000 -2.733240660
  .7200000000 -2.898204194
  .7250000000 -3.072655650
  .7300000000 -3.257424711
  .7350000000 -3.457337346
  .7400000000 -3.670046635
  .7450000000 -3.896339216
  .7500000000 -4.137478538
  .7550000000 -4.396672354
  .7600000000 -4.675584787
  .7650000000 -4.974047348
  .7700000000 -5.293946830
  .7750000000 -5.637375325
  .7800000000 -6.006649861
  .7850000000 -6.404332835
  .7900000000 -6.833253250
  .7950000000 -7.296528848
  .8000000000 -7.797589288
  .8050000000 -8.340200642
  .8100000000 -8.928491597
  .8150000000 -9.566981936
  .8200000000 -10.26061404
  .8250000000 -11.01478845
  .8300000000 -11.83540477
  .8350000000 -12.72890957
  .8400000000 -13.70235342
  .8450000000 -14.77205018
  .8500000000 -15.94190740
  .8550000000 -17.21966850
  .8600000000 -18.62844118
  .8650000000 -20.17517565
  .8700000000 -21.88061771
  .8750000000 -23.76353341
  .8800000000 -25.85337887
  .8850000000 -28.17017792
  .8900000000 -30.75572319
  .8950000000 -33.65849660
&
@ s5 color  3
@ s5 linestyle  1
@target s5
@type xy
  .4825092914 -10.000
  .4825092914  10.000
  .5317684039  10.000
  .5317684039 -10.000
&
@ s6 color  4
@ s6 linestyle  1
@ legend string 6 "(4)-(8)"
@target s6
@type xy
  .1000000000 -39.75166431
  .1050000000 -35.93646445
  .1100000000 -32.58156887
  .1150000000 -29.61646177
  .1200000000 -26.98454954
  .1250000000 -24.63945822
  .1300000000 -22.56291517
  .1350000000 -20.69584869
  .1400000000 -19.03537894
  .1450000000 -17.53527780
  .1500000000 -16.19259773
  .1550000000 -14.98022210
  .1600000000 -13.88044895
  .1650000000 -12.88496761
  .1700000000 -11.98442009
  .1750000000 -11.16291797
  .1800000000 -10.41232767
  .1850000000 -9.725362807
  .1900000000 -9.095504385
  .1950000000 -8.516927782
  .2000000000 -7.984435453
  .2050000000 -7.493394862
  .2100000000 -7.039681133
  .2150000000 -6.619624097
  .2200000000 -6.229959496
  .2250000000 -5.867784193
  .2300000000 -5.530515269
  .2350000000 -5.215852918
  .2400000000 -4.921747074
  .2450000000 -4.648378475
  .2500000000 -4.393337449
  .2550000000 -4.153872127
  .2600000000 -3.928650374
  .2650000000 -3.716476842
  .2700000000 -3.519641177
  .2750000000 -3.334118366
  .2800000000 -3.158570659
  .2850000000 -2.993037703
  .2900000000 -2.839093529
  .2950000000 -2.692767595
  .3000000000 -2.553591400
  .3050000000 -2.424854409
  .3100000000 -2.301920904
  .3150000000 -2.185022711
  .3200000000 -2.076465113
  .3250000000 -1.972317731
  .3300000000 -1.874313946
  .3350000000 -1.781971731
  .3400000000 -1.692996258
  .3450000000 -1.611066875
  .3500000000 -1.531825960
  .3550000000 -1.457609669
  .3600000000 -1.387012732
  .3650000000 -1.319855936
  .3700000000 -1.256940073
  .3750000000 -1.196285974
  .3800000000 -1.140220396
  .3850000000 -1.085581328
  .3900000000 -1.035650938
  .3950000000 -.9866029074
  .4000000000 -.9421925735
  .4050000000 -.8983703835
  .4100000000 -.8589500043
  .4150000000 -.8200429760
  .4200000000 -.7851533522
  .4250000000 -.7509016618
  .4300000000 -.7201411345
  .4350000000 -.6903328320
  .4400000000 -.6633444934
  .4450000000 -.6378132476
  .4500000000 -.6142724212
  .4550000000 -.5928960656
  .4600000000 -.5724975911
  .4650000000 -.5551975196
  .4700000000 -.5380824792
  .4750000000 -.5243837517
  .4800000000 -.5112640869
  .4850000000 -.5052875644
  .4900000000 -.4965560234
  .4950000000 -.4895664824
  .5000000000 -.4843119387
  .5050000000 -.4807896347
  .5100000000 -.4790009898
  .5150000000 -.4789515269
  .5200000000 -.4806507961
  .5250000000 -.4841122961
  .5300000000 -.4893533930
  .5350000000 -.4928572468
  .5400000000 -.5023245154
  .5450000000 -.5132531833
  .5500000000 -.5270230944
  .5550000000 -.5412692981
  .5600000000 -.5594498198
  .5650000000 -.5778381234
  .5700000000 -.6000898726
  .5750000000 -.6231037742
  .5800000000 -.6495047826
  .5850000000 -.6773535075
  .5900000000 -.7083441241
  .5950000000 -.7412843983
  .6000000000 -.7773564937
  .6050000000 -.8156926858
  .6100000000 -.8574004204
  .6150000000 -.9014855942
  .6200000000 -.9494559458
  .6250000000 -.9996939594
  .6300000000 -1.054637702
  .6350000000 -1.111486498
  .6400000000 -1.174210364
  .6450000000 -1.238939084
  .6500000000 -1.309607332
  .6550000000 -1.383574229
  .6600000000 -1.462453476
  .6650000000 -1.546786804
  .6700000000 -1.634592645
  .6750000000 -1.730582729
  .6800000000 -1.830771830
  .6850000000 -1.937246050
  .6900000000 -2.051487736
  .6950000000 -2.171246591
  .7000000000 -2.299529618
  .7050000000 -2.436365394
  .7100000000 -2.580435677
  .7150000000 -2.734404927
  .7200000000 -2.899393861
  .7250000000 -3.073871246
  .7300000000 -3.258666784
  .7350000000 -3.458606473
  .7400000000 -3.671343369
  .7450000000 -3.897664116
  .7500000000 -4.138832172
  .7550000000 -4.398055289
  .7600000000 -4.676997579
  .7650000000 -4.975490557
  .7700000000 -5.295421013
  .7750000000 -5.638881030
  .7800000000 -6.008187628
  .7850000000 -6.405903189
  .7900000000 -6.834856699
  .7950000000 -7.298165875
  .8000000000 -7.799260351
  .8050000000 -8.341906167
  .8100000000 -8.930231975
  .8150000000 -9.568757519
  .8200000000 -10.26242513
  .8250000000 -11.01663532
  .8300000000 -11.83728763
  .8350000000 -12.73082858
  .8400000000 -13.70430868
  .8450000000 -14.77404158
  .8500000000 -15.94393485
  .8550000000 -17.22173192
  .8600000000 -18.63054017
  .8650000000 -20.17730990
  .8700000000 -21.88278677
  .8750000000 -23.76573676
  .8800000000 -25.85561592
  .8850000000 -28.17244819
  .8900000000 -30.75802617
  .8950000000 -33.66083188
&
@ s7 color  4
@ s7 linestyle  1
@target s7
@type xy
  .4825092914 -10.000
  .4825092914  10.000
  .5317684039  10.000
  .5317684039 -10.000
&
@ s8 color  5
@ s8 linestyle  1
@ legend string 8 "(5)-(1)"
@target s8
@type xy
  .1000000000 -36.92592245
  .1050000000 -33.65886962
  .1100000000 -30.75609107
  .1150000000 -28.17054059
  .1200000000 -25.85373624
  .1250000000 -23.76388540
  .1300000000 -21.88096424
  .1350000000 -20.17551661
  .1400000000 -18.62877651
  .1450000000 -17.21999815
  .1500000000 -15.94223130
  .1550000000 -14.77236831
  .1600000000 -13.70266578
  .1650000000 -12.72921613
  .1700000000 -11.83570554
  .1750000000 -11.01508346
  .1800000000 -10.26090333
  .1850000000 -9.567265541
  .1900000000 -8.928769567
  .1950000000 -8.340473031
  .2000000000 -7.797856160
  .2050000000 -7.296790270
  .2100000000 -6.833509296
  .2150000000 -6.404583581
  .2200000000 -6.006895389
  .2250000000 -5.637615719
  .2300000000 -5.294182177
  .2350000000 -4.974277735
  .2400000000 -4.675810304
  .2450000000 -4.396893091
  .2500000000 -4.137694584
  .2550000000 -3.896550662
  .2600000000 -3.670253572
  .2650000000 -3.457539864
  .2700000000 -3.257622899
  .2750000000 -3.072849601
  .2800000000 -2.898393996
  .2850000000 -2.733426397
  .2900000000 -2.579478019
  .2950000000 -2.435428147
  .3000000000 -2.298612363
  .3050000000 -2.170348888
  .3100000000 -2.050609135
  .3150000000 -1.936386166
  .3200000000 -1.829930226
  .3250000000 -1.729758996
  .3300000000 -1.633786437
  .3350000000 -1.545997655
  .3400000000 -1.461681060
  .3450000000 -1.382818162
  .3500000000 -1.308867242
  .3550000000 -1.238214663
  .3600000000 -1.173501200
  .3650000000 -1.110792337
  .3700000000 -1.053958135
  .3750000000 -.9990287403
  .3800000000 -.9488047144
  .3850000000 -.9008480962
  .3900000000 -.8567763336
  .3950000000 -.8150817569
  .4000000000 -.7767584278
  .4050000000 -.7406989532
  .4100000000 -.7077710209
  .4150000000 -.6767925247
  .4200000000 -.6489556468
  .4250000000 -.6225662934
  .4300000000 -.5995637681
  .4350000000 -.5773232413
  .4400000000 -.5589458668
  .4450000000 -.5407761507
  .4500000000 -.5265404649
  .4550000000 -.5127809411
  .4600000000 -.5018624301
  .4650000000 -.4924051503
  .4700000000 -.4889111484
  .4750000000 -.4836796649
  .4800000000 -.4802276058
  .4850000000 -.4785376091
  .4900000000 -.4785961802
  .4950000000 -.4803937726
  .5000000000 -.4839248670
  .5050000000 -.4891880476
  .5100000000 -.4961860750
  .5150000000 -.5049259552
  .5200000000 -.5109113861
  .5250000000 -.5240389945
  .5300000000 -.5377456906
  .5350000000 -.5548683450
  .5400000000 -.5721761128
  .5450000000 -.5925819931
  .5500000000 -.6139657393
  .5550000000 -.6375138035
  .5600000000 -.6630521579
  .5650000000 -.6900475522
  .5700000000 -.7198627031
  .5750000000 -.7506300941
  .5800000000 -.7848883932
  .5850000000 -.8197846821
  .5900000000 -.8586980983
  .5950000000 -.8981249406
  .6000000000 -.9419533156
  .6050000000 -.9863699093
  .6100000000 -1.035423939
  .6150000000 -1.085360386
  .6200000000 -1.140005283
  .6250000000 -1.196076718
  .6300000000 -1.256736490
  .6350000000 -1.319658014
  .6400000000 -1.386820340
  .6450000000 -1.457422747
  .6500000000 -1.531644439
  .6550000000 -1.610890635
  .6600000000 -1.692825300
  .6650000000 -1.781805873
  .6700000000 -1.874153182
  .6750000000 -1.972161970
  .6800000000 -2.076314262
  .6850000000 -2.184876750
  .6900000000 -2.301779696
  .6950000000 -2.424717908
  .7000000000 -2.553459573
  .7050000000 -2.692640298
  .7100000000 -2.838970723
  .7150000000 -2.992919344
  .7200000000 -3.158456629
  .7250000000 -3.334008602
  .7300000000 -3.519535626
  .7350000000 -3.716375440
  .7400000000 -3.928553009
  .7450000000 -4.153778742
  .7500000000 -4.393247984
  .7550000000 -4.648292869
  .7600000000 -4.921665248
  .7650000000 -5.215774788
  .7700000000 -5.530440777
  .7750000000 -5.867713278
  .7800000000 -6.229892099
  .7850000000 -6.619560161
  .7900000000 -7.039620600
  .7950000000 -7.493337677
  .8000000000 -7.984381565
  .8050000000 -8.516877143
  .8100000000 -9.095456947
  .8150000000 -9.725318529
  .8200000000 -10.41228652
  .8250000000 -11.16287990
  .8300000000 -11.98438507
  .8350000000 -12.88493562
  .8400000000 -13.88041995
  .8450000000 -14.98019605
  .8500000000 -16.19257463
  .8550000000 -17.53525761
  .8600000000 -19.03536164
  .8650000000 -20.69583425
  .8700000000 -22.56290356
  .8750000000 -24.63944942
  .8800000000 -26.98454350
  .8850000000 -29.61645847
  .8900000000 -32.58156826
  .8950000000 -35.93646651
&
@ s9 color  5
@ s9 linestyle  1
@target s9
@type xy
  .4682315960 -10.000
  .4682315960  10.000
  .5174907085  10.000
  .5174907085 -10.000
&
@ s10 color  1
@ s10 linestyle  2
@ legend string 10 "(6)-(2)"
@target s10
@type xy
  .1000000000 -36.92780089
  .1050000000 -33.66072260
  .1100000000 -30.75791844
  .1150000000 -28.17234201
  .1200000000 -25.85551132
  .1250000000 -23.76563376
  .1300000000 -21.88268539
  .1350000000 -20.17721016
  .1400000000 -18.63044209
  .1450000000 -17.22163550
  .1500000000 -15.94384012
  .1550000000 -14.77394853
  .1600000000 -13.70421732
  .1650000000 -12.73073890
  .1700000000 -11.83719963
  .1750000000 -11.01654900
  .1800000000 -10.26234047
  .1850000000 -9.568674499
  .1900000000 -8.930150585
  .1950000000 -8.341826389
  .2000000000 -7.799182168
  .2050000000 -7.298089265
  .2100000000 -6.834781641
  .2150000000 -6.405829660
  .2200000000 -6.008115605
  .2250000000 -5.638810488
  .2300000000 -5.295351927
  .2350000000 -4.975422903
  .2400000000 -4.676931331
  .2450000000 -4.397990420
  .2500000000 -4.138768658
  .2550000000 -3.897601930
  .2600000000 -3.671282486
  .2650000000 -3.458546868
  .2700000000 -3.258608431
  .2750000000 -3.073814120
  .2800000000 -2.899337935
  .2850000000 -2.734350180
  .2900000000 -2.580382081
  .2950000000 -2.436312926
  .3000000000 -2.299478255
  .3050000000 -2.171196309
  .3100000000 -2.051438510
  .3150000000 -1.937197861
  .3200000000 -1.830724653
  .3250000000 -1.730536542
  .3300000000 -1.634547430
  .3350000000 -1.546742535
  .3400000000 -1.462410136
  .3450000000 -1.383531798
  .3500000000 -1.309565789
  .3550000000 -1.238898412
  .3600000000 -1.174170541
  .3650000000 -1.111447510
  .3700000000 -1.054599528
  .3750000000 -.9996565847
  .3800000000 -.9494193514
  .3850000000 -.9014497661
  .3900000000 -.8573653411
  .3950000000 -.8156583415
  .4000000000 -.7773228684
  .4050000000 -.7412514787
  .4100000000 -.7083118949
  .4150000000 -.6773219566
  .4200000000 -.6494738952
  .4250000000 -.6230735395
  .4300000000 -.6000602754
  .4350000000 -.5778091553
  .4400000000 -.5594214646
  .4450000000 -.5412415488
  .4500000000 -.5269959354
  .4550000000 -.5132266071
  .4600000000 -.5022985093
  .4650000000 -.4928318014
  .4700000000 -.4893285079
  .4750000000 -.4840879517
  .4800000000 -.4806269831
  .4850000000 -.4789282360
  .4900000000 -.4789782121
  .4950000000 -.4807673613
  .5000000000 -.4842901610
  .5050000000 -.4895451920
  .5100000000 -.4965352120
  .5150000000 -.5052672240
  .5200000000 -.5112442477
  .5250000000 -.5243643615
  .5300000000 -.5380635395
  .5350000000 -.5551790107
  .5400000000 -.5724795176
  .5450000000 -.5928784116
  .5500000000 -.6142551858
  .5550000000 -.6377964223
  .5600000000 -.6633280711
  .5650000000 -.6903168098
  .5700000000 -.7201255009
  .5750000000 -.7508864178
  .5800000000 -.7851384836
  .5850000000 -.8200284859
  .5900000000 -.8589358772
  .5950000000 -.8983566238
  .6000000000 -.9421791657
  .6050000000 -.9865898557
  .6100000000 -1.035638228
  .6150000000 -1.085568962
  .6200000000 -1.140208363
  .6250000000 -1.196274275
  .6300000000 -1.256928697
  .6350000000 -1.319844884
  .6400000000 -1.387001995
  .6450000000 -1.457599244
  .6500000000 -1.531815844
  .6550000000 -1.611057060
  .6600000000 -1.692986745
  .6650000000 -1.781962510
  .6700000000 -1.874305017
  .6750000000 -1.972309089
  .6800000000 -2.076456752
  .6850000000 -2.185014630
  .6900000000 -2.301913096
  .6950000000 -2.424846871
  .7000000000 -2.553584131
  .7050000000 -2.692760586
  .7100000000 -2.839086779
  .7150000000 -2.993031209
  .7200000000 -3.158564415
  .7250000000 -3.334112368
  .7300000000 -3.519635423
  .7350000000 -3.716471327
  .7400000000 -3.928645094
  .7450000000 -4.153867078
  .7500000000 -4.393332627
  .7550000000 -4.648373878
  .7600000000 -4.921742697
  .7650000000 -5.215848757
  .7700000000 -5.530511320
  .7750000000 -5.867780453
  .7800000000 -6.229955962
  .7850000000 -6.619620767
  .7900000000 -7.039678003
  .7950000000 -7.493391929
  .8000000000 -7.984432714
  .8050000000 -8.516925236
  .8100000000 -9.095502028
  .8150000000 -9.725360637
  .8200000000 -10.41232569
  .8250000000 -11.16291617
  .8300000000 -11.98441847
  .8350000000 -12.88496617
  .8400000000 -13.88044769
  .8450000000 -14.98022101
  .8500000000 -16.19259682
  .8550000000 -17.53527707
  .8600000000 -19.03537839
  .8650000000 -20.69584831
  .8700000000 -22.56291496
  .8750000000 -24.63945818
  .8800000000 -26.98454966
  .8850000000 -29.61646206
  .8900000000 -32.58156932
  .8950000000 -35.93646507
&
@ s11 color  1
@ s11 linestyle  2
@target s11
@type xy
  .4682315960 -10.000
  .4682315960  10.000
  .5174907085  10.000
  .5174907085 -10.000
&
@ s12 color  2
@ s12 linestyle  2
@ legend string 12 "(7)-(3)"
@target s12
@type xy
  .1000000000 -36.92554430
  .1050000000 -33.65849660
  .1100000000 -30.75572319
  .1150000000 -28.17017792
  .1200000000 -25.85337887
  .1250000000 -23.76353341
  .1300000000 -21.88061771
  .1350000000 -20.17517565
  .1400000000 -18.62844118
  .1450000000 -17.21966850
  .1500000000 -15.94190740
  .1550000000 -14.77205018
  .1600000000 -13.70235342
  .1650000000 -12.72890957
  .1700000000 -11.83540477
  .1750000000 -11.01478845
  .1800000000 -10.26061404
  .1850000000 -9.566981936
  .1900000000 -8.928491597
  .1950000000 -8.340200642
  .2000000000 -7.797589288
  .2050000000 -7.296528848
  .2100000000 -6.833253250
  .2150000000 -6.404332835
  .2200000000 -6.006649861
  .2250000000 -5.637375325
  .2300000000 -5.293946830
  .2350000000 -4.974047348
  .2400000000 -4.675584787
  .2450000000 -4.396672354
  .2500000000 -4.137478538
  .2550000000 -3.896339216
  .2600000000 -3.670046635
  .2650000000 -3.457337346
  .2700000000 -3.257424711
  .2750000000 -3.072655650
  .2800000000 -2.898204194
  .2850000000 -2.733240660
  .2900000000 -2.579296257
  .2950000000 -2.435250273
  .3000000000 -2.298438296
  .3050000000 -2.170178544
  .3100000000 -2.050442428
  .3150000000 -1.936223022
  .3200000000 -1.829770562
  .3250000000 -1.729602732
  .3300000000 -1.633633509
  .3350000000 -1.545847972
  .3400000000 -1.461534561
  .3450000000 -1.382674772
  .3500000000 -1.308726891
  .3550000000 -1.238077292
  .3600000000 -1.173366730
  .3650000000 -1.110660719
  .3700000000 -1.053829291
  .3750000000 -.9989026236
  .3800000000 -.9486812558
  .3850000000 -.9007272471
  .3900000000 -.8566580323
  .3950000000 -.8149659551
  .4000000000 -.7766450689
  .4050000000 -.7405879909
  .4100000000 -.7076624019
  .4150000000 -.6766862066
  .4200000000 -.6488515772
  .4250000000 -.6224644356
  .4300000000 -.5994640687
  .4350000000 -.5772256708
  .4400000000 -.5588503688
  .4450000000 -.5406827018
  .4500000000 -.5264490096
  .4550000000 -.5126914545
  .4600000000 -.5017748678
  .4650000000 -.4923194798
  .4700000000 -.4888273651
  .4750000000 -.4835977052
  .4800000000 -.4801474370
  .4850000000 -.4784591992
  .4900000000 -.4785194979
  .4950000000 -.4803187874
  .5000000000 -.4838515489
  .5050000000 -.4891163673
  .5100000000 -.4961160036
  .5150000000 -.5048574646
  .5200000000 -.5108445949
  .5250000000 -.5239737069
  .5300000000 -.5376819112
  .5350000000 -.5548060070
  .5400000000 -.5721152317
  .5450000000 -.5925225140
  .5500000000 -.6139076593
  .5550000000 -.6374570936
  .5600000000 -.6629967937
  .5650000000 -.6899935235
  .5700000000 -.7198099708
  .5750000000 -.7505786609
  .5800000000 -.7848382109
  .5850000000 -.8197357612
  .5900000000 -.8586503862
  .5950000000 -.8980784515
  .6000000000 -.9419079968
  .6050000000 -.9863257748
  .6100000000 -1.035380939
  .6150000000 -1.085318532
  .6200000000 -1.139964532
  .6250000000 -1.196037075
  .6300000000 -1.256697919
  .6350000000 -1.319620514
  .6400000000 -1.386783886
  .6450000000 -1.457387327
  .6500000000 -1.531610040
  .6550000000 -1.610857234
  .6600000000 -1.692792899
  .6650000000 -1.781774435
  .6700000000 -1.874122707
  .6750000000 -1.972132440
  .6800000000 -2.076285660
  .6850000000 -2.184849072
  .6900000000 -2.301752916
  .6950000000 -2.424692017
  .7000000000 -2.553434565
  .7050000000 -2.692616144
  .7100000000 -2.838947417
  .7150000000 -2.992896877
  .7200000000 -3.158434979
  .7250000000 -3.333987757
  .7300000000 -3.519515576
  .7350000000 -3.716356172
  .7400000000 -3.928534501
  .7450000000 -4.153760985
  .7500000000 -4.393230965
  .7550000000 -4.648276576
  .7600000000 -4.921649666
  .7650000000 -5.215759902
  .7700000000 -5.530426575
  .7750000000 -5.867699748
  .7800000000 -6.229879231
  .7850000000 -6.619547942
  .7900000000 -7.039609020
  .7950000000 -7.493326726
  .8000000000 -7.984371232
  .8050000000 -8.516867419
  .8100000000 -9.095447824
  .8150000000 -9.725309997
  .8200000000 -10.41227857
  .8250000000 -11.16287253
  .8300000000 -11.98437828
  .8350000000 -12.88492939
  .8400000000 -13.88041428
  .8450000000 -14.98019094
  .8500000000 -16.19257006
  .8550000000 -17.53525359
  .8600000000 -19.03535815
  .8650000000 -20.69583130
  .8700000000 -22.56290114
  .8750000000 -24.63944752
  .8800000000 -26.98454212
  .8850000000 -29.61645760
  .8900000000 -32.58156790
  .8950000000 -35.93646664
&
@ s13 color  2
@ s13 linestyle  2
@target s13
@type xy
  .4682315960 -10.000
  .4682315960  10.000
  .5174907085  10.000
  .5174907085 -10.000
&
@ s14 color  3
@ s14 linestyle  2
@ legend string 14 "(8)-(4)"
@target s14
@type xy
  .1000000000 -36.92791171
  .1050000000 -33.66083188
  .1100000000 -30.75802617
  .1150000000 -28.17244819
  .1200000000 -25.85561592
  .1250000000 -23.76573676
  .1300000000 -21.88278677
  .1350000000 -20.17730990
  .1400000000 -18.63054017
  .1450000000 -17.22173192
  .1500000000 -15.94393485
  .1550000000 -14.77404158
  .1600000000 -13.70430868
  .1650000000 -12.73082858
  .1700000000 -11.83728763
  .1750000000 -11.01663532
  .1800000000 -10.26242513
  .1850000000 -9.568757519
  .1900000000 -8.930231975
  .1950000000 -8.341906167
  .2000000000 -7.799260351
  .2050000000 -7.298165875
  .2100000000 -6.834856699
  .2150000000 -6.405903189
  .2200000000 -6.008187628
  .2250000000 -5.638881030
  .2300000000 -5.295421013
  .2350000000 -4.975490557
  .2400000000 -4.676997579
  .2450000000 -4.398055289
  .2500000000 -4.138832172
  .2550000000 -3.897664116
  .2600000000 -3.671343369
  .2650000000 -3.458606473
  .2700000000 -3.258666784
  .2750000000 -3.073871246
  .2800000000 -2.899393861
  .2850000000 -2.734404927
  .2900000000 -2.580435677
  .2950000000 -2.436365394
  .3000000000 -2.299529618
  .3050000000 -2.171246591
  .3100000000 -2.051487736
  .3150000000 -1.937246050
  .3200000000 -1.830771830
  .3250000000 -1.730582729
  .3300000000 -1.634592645
  .3350000000 -1.546786804
  .3400000000 -1.462453476
  .3450000000 -1.383574229
  .3500000000 -1.309607332
  .3550000000 -1.238939084
  .3600000000 -1.174210364
  .3650000000 -1.111486498
  .3700000000 -1.054637702
  .3750000000 -.9996939594
  .3800000000 -.9494559458
  .3850000000 -.9014855942
  .3900000000 -.8574004204
  .3950000000 -.8156926858
  .4000000000 -.7773564937
  .4050000000 -.7412843983
  .4100000000 -.7083441241
  .4150000000 -.6773535075
  .4200000000 -.6495047826
  .4250000000 -.6231037742
  .4300000000 -.6000898726
  .4350000000 -.5778381234
  .4400000000 -.5594498198
  .4450000000 -.5412692981
  .4500000000 -.5270230944
  .4550000000 -.5132531833
  .4600000000 -.5023245154
  .4650000000 -.4928572468
  .4700000000 -.4893533930
  .4750000000 -.4841122961
  .4800000000 -.4806507961
  .4850000000 -.4789515269
  .4900000000 -.4790009898
  .4950000000 -.4807896347
  .5000000000 -.4843119387
  .5050000000 -.4895664824
  .5100000000 -.4965560234
  .5150000000 -.5052875644
  .5200000000 -.5112640869
  .5250000000 -.5243837517
  .5300000000 -.5380824792
  .5350000000 -.5551975196
  .5400000000 -.5724975911
  .5450000000 -.5928960656
  .5500000000 -.6142724212
  .5550000000 -.6378132476
  .5600000000 -.6633444934
  .5650000000 -.6903328320
  .5700000000 -.7201411345
  .5750000000 -.7509016618
  .5800000000 -.7851533522
  .5850000000 -.8200429760
  .5900000000 -.8589500043
  .5950000000 -.8983703835
  .6000000000 -.9421925735
  .6050000000 -.9866029074
  .6100000000 -1.035650938
  .6150000000 -1.085581328
  .6200000000 -1.140220396
  .6250000000 -1.196285974
  .6300000000 -1.256940073
  .6350000000 -1.319855936
  .6400000000 -1.387012732
  .6450000000 -1.457609669
  .6500000000 -1.531825960
  .6550000000 -1.611066875
  .6600000000 -1.692996258
  .6650000000 -1.781971731
  .6700000000 -1.874313946
  .6750000000 -1.972317731
  .6800000000 -2.076465113
  .6850000000 -2.185022711
  .6900000000 -2.301920904
  .6950000000 -2.424854409
  .7000000000 -2.553591400
  .7050000000 -2.692767595
  .7100000000 -2.839093529
  .7150000000 -2.993037703
  .7200000000 -3.158570659
  .7250000000 -3.334118366
  .7300000000 -3.519641177
  .7350000000 -3.716476842
  .7400000000 -3.928650374
  .7450000000 -4.153872127
  .7500000000 -4.393337449
  .7550000000 -4.648378475
  .7600000000 -4.921747074
  .7650000000 -5.215852918
  .7700000000 -5.530515269
  .7750000000 -5.867784193
  .7800000000 -6.229959496
  .7850000000 -6.619624097
  .7900000000 -7.039681133
  .7950000000 -7.493394862
  .8000000000 -7.984435453
  .8050000000 -8.516927782
  .8100000000 -9.095504385
  .8150000000 -9.725362807
  .8200000000 -10.41232767
  .8250000000 -11.16291797
  .8300000000 -11.98442009
  .8350000000 -12.88496761
  .8400000000 -13.88044895
  .8450000000 -14.98022210
  .8500000000 -16.19259773
  .8550000000 -17.53527780
  .8600000000 -19.03537894
  .8650000000 -20.69584869
  .8700000000 -22.56291517
  .8750000000 -24.63945822
  .8800000000 -26.98454954
  .8850000000 -29.61646177
  .8900000000 -32.58156887
  .8950000000 -35.93646445
&
@ s15 color  3
@ s15 linestyle  2
@target s15
@type xy
  .4682315960 -10.000
  .4682315960  10.000
  .5174907085  10.000
  .5174907085 -10.000
&
