    109.761613      0.000000      0.000000
      0.000000      0.000000      0.000000
      0.000000      0.000000      0.000000
     21.273847      0.000000      0.000000
      0.000000      0.000000      0.000000
      0.000000     -0.000000     -0.000000
     20.390947      0.000000      0.000000
      0.000000      0.000000      0.000000
      0.000000     -0.000000      0.000000
     20.562914      0.000000      0.000000
      0.000000      0.000000      0.000000
      0.000000      0.000000      0.000000
      0.000000      0.000000      0.000000
      0.000000      0.000000      0.000000
      0.000000      0.000000      0.000000
      0.000000      0.000000      0.000000
      0.000000      0.000000      0.000000
      0.000000      0.000000      0.000000
      0.000000      0.000000      0.000000
      0.000000      0.000000      0.000000
      0.000000      0.000000      0.000000
      0.000000
      0.000000      0.000000      0.000000
      0.000000      0.000000      0.000000
      0.000000      0.000000      0.000000
