# ACE/gr parameter file
#
@    version 50122
@    world xmin 0.25
@    world xmax 0.75
@    title font 5
@    xaxis  tick major 0.1
@    xaxis  tick minor 0.02
@    xaxis  label "(r-r\s1\N)/d"
@    xaxis  label font 5
@    xaxis  label char size 1.2
@    xaxis  ticklabel font 4
@    xaxis  ticklabel char size 1
@    yaxis  tick major .1
@    yaxis  tick minor .02
@    yaxis  label font 4
@    yaxis  label char size 1.2
@    yaxis  ticklabel font 5
@    yaxis  ticklabel char size 1
@    title "density between neighbors"
@    yaxis  label "n(r) (electrons/bohr\S3\N)"
@    world ymin .0
@    world ymax .2
@    yaxis  tick major .05
@    yaxis  tick minor 0.01
@ s0 color  1
@ s0 linestyle  1
@ legend string 0 "(1)-(2)"
@target s0
@type xy
  .1000000000  19.79406862
  .1050000000  16.25671092
  .1100000000  13.32989075
  .1150000000  10.94398117
  .1200000000  9.023767598
  .1250000000  7.510052353
  .1300000000  6.296082351
  .1350000000  5.344984870
  .1400000000  4.582640315
  .1450000000  3.983656705
  .1500000000  3.495608286
  .1550000000  3.102137076
  .1600000000  2.779236563
  .1650000000  2.507455752
  .1700000000  2.275843305
  .1750000000  2.076274851
  .1800000000  1.902737507
  .1850000000  1.748346785
  .1900000000  1.609616987
  .1950000000  1.483922275
  .2000000000  1.369287029
  .2050000000  1.264217623
  .2100000000  1.167570764
  .2150000000  1.078453152
  .2200000000  .9961471865
  .2250000000  .9200576720
  .2300000000  .8498708188
  .2350000000  .7854497231
  .2400000000  .7259419809
  .2450000000  .6709652355
  .2500000000  .6201631532
  .2550000000  .5732041920
  .2600000000  .5303872615
  .2650000000  .4912298979
  .2700000000  .4550317780
  .2750000000  .4215387193
  .2800000000  .3911880962
  .2850000000  .3634874515
  .2900000000  .3377860807
  .2950000000  .3141978922
  .3000000000  .2930417560
  .3050000000  .2733185860
  .3100000000  .2552067127
  .3150000000  .2389858635
  .3200000000  .2237717211
  .3250000000  .2100162991
  .3300000000  .1974673875
  .3350000000  .1856236447
  .3400000000  .1752781218
  .3450000000  .1654511436
  .3500000000  .1565735404
  .3550000000  .1484150452
  .3600000000  .1408109950
  .3650000000  .1340281283
  .3700000000  .1275274130
  .3750000000  .1218764698
  .3800000000  .1163915510
  .3850000000  .1116109759
  .3900000000  .1069928485
  .3950000000  .1029391975
  .4000000000  .0990405948
  .4050000000  .0956176468
  .4100000000  .0923186622
  .4150000000  .0894447710
  .4200000000  .0866481342
  .4250000000  .0842546796
  .4300000000  .0818892193
  .4350000000  .0799116591
  .4400000000  .0779642662
  .4450000000  .0763054497
  .4500000000  .0747307339
  .4550000000  .0733471929
  .4600000000  .0721097071
  .4650000000  .0709658775
  .4700000000  .0700399306
  .4750000000  .0691237822
  .4800000000  .0690301892
  .4850000000  .0685020903
  .4900000000  .0680943546
  .4950000000  .0678049518
  .5000000000  .0676325451
  .5050000000  .0675764896
  .5100000000  .0676368294
  .5150000000  .0678142930
  .5200000000  .0681102867
  .5250000000  .0678752367
  .5300000000  .0685645169
  .5350000000  .0692611691
  .5400000000  .0701741339
  .5450000000  .0711785865
  .5500000000  .0723266071
  .5550000000  .0736632873
  .5600000000  .0750812758
  .5650000000  .0767846705
  .5700000000  .0785153922
  .5750000000  .0806301938
  .5800000000  .0827700232
  .5850000000  .0853089926
  .5900000000  .0879219767
  .5950000000  .0909559945
  .6000000000  .0941105015
  .6050000000  .0977367113
  .6100000000  .1015143592
  .6150000000  .1058528087
  .6200000000  .1103500274
  .6250000000  .1155484858
  .6300000000  .1209092569
  .6350000000  .1271176282
  .6400000000  .1336048082
  .6450000000  .1409116381
  .6500000000  .1487708549
  .6550000000  .1573477806
  .6600000000  .1668746291
  .6650000000  .1769178221
  .6700000000  .1884642789
  .6750000000  .2007156472
  .6800000000  .2141771950
  .6850000000  .2291041940
  .6900000000  .2450405406
  .6950000000  .2628795980
  .7000000000  .2823396462
  .7050000000  .3032403687
  .7100000000  .3265926969
  .7150000000  .3520748956
  .7200000000  .3795717334
  .7250000000  .4097423978
  .7300000000  .4430866214
  .7350000000  .4791615345
  .7400000000  .5182248188
  .7450000000  .5609868513
  .7500000000  .6079373992
  .7550000000  .6587731903
  .7600000000  .7138302587
  .7650000000  .7734696167
  .7700000000  .8380783478
  .7750000000  .9085195732
  .7800000000  .9849293191
  .7850000000  1.067621931
  .7900000000  1.157195277
  .7950000000  1.254368666
  .8000000000  1.360035863
  .8050000000  1.475339097
  .8100000000  1.601769118
  .8150000000  1.741296577
  .8200000000  1.896540007
  .8250000000  2.070975235
  .8300000000  2.271473096
  .8350000000  2.504027617
  .8400000000  2.776743266
  .8450000000  3.100548692
  .8500000000  3.494860141
  .8550000000  3.983644800
  .8600000000  4.583239114
  .8650000000  5.345997734
  .8700000000  6.297291872
  .8750000000  7.511161631
  .8800000000  9.024460177
  .8850000000  10.94384687
  .8900000000  13.32849345
  .8950000000  16.25357345
&
@ s1 color  1
@ s1 linestyle  1
@target s1
@type xy
  .4753377083 -10.000
  .4753377083  10.000
  .5246622916  10.000
  .5246622916 -10.000
&
@ s2 color  2
@ s2 linestyle  1
@ legend string 2 "(2)-(1)"
@target s2
@type xy
  .1000000000  19.78868039
  .1050000000  16.25357345
  .1100000000  13.32849345
  .1150000000  10.94384687
  .1200000000  9.024460177
  .1250000000  7.511161631
  .1300000000  6.297291872
  .1350000000  5.345997734
  .1400000000  4.583239114
  .1450000000  3.983644800
  .1500000000  3.494860141
  .1550000000  3.100548692
  .1600000000  2.776743266
  .1650000000  2.504027617
  .1700000000  2.271473096
  .1750000000  2.070975235
  .1800000000  1.896540007
  .1850000000  1.741296577
  .1900000000  1.601769118
  .1950000000  1.475339097
  .2000000000  1.360035863
  .2050000000  1.254368666
  .2100000000  1.157195277
  .2150000000  1.067621931
  .2200000000  .9849293191
  .2250000000  .9085195732
  .2300000000  .8380783478
  .2350000000  .7734696167
  .2400000000  .7138302587
  .2450000000  .6587731903
  .2500000000  .6079373992
  .2550000000  .5609868513
  .2600000000  .5182248188
  .2650000000  .4791615345
  .2700000000  .4430866214
  .2750000000  .4097423978
  .2800000000  .3795717334
  .2850000000  .3520748956
  .2900000000  .3265926969
  .2950000000  .3032403687
  .3000000000  .2823396462
  .3050000000  .2628795980
  .3100000000  .2450405406
  .3150000000  .2291041940
  .3200000000  .2141771950
  .3250000000  .2007156472
  .3300000000  .1884642789
  .3350000000  .1769178221
  .3400000000  .1668746291
  .3450000000  .1573477806
  .3500000000  .1487708549
  .3550000000  .1409116381
  .3600000000  .1336048082
  .3650000000  .1271176282
  .3700000000  .1209092569
  .3750000000  .1155484858
  .3800000000  .1103500274
  .3850000000  .1058528087
  .3900000000  .1015143592
  .3950000000  .0977367113
  .4000000000  .0941105015
  .4050000000  .0909559945
  .4100000000  .0879219767
  .4150000000  .0853089926
  .4200000000  .0827700232
  .4250000000  .0806301938
  .4300000000  .0785153922
  .4350000000  .0767846705
  .4400000000  .0750812758
  .4450000000  .0736632873
  .4500000000  .0723266071
  .4550000000  .0711785865
  .4600000000  .0701741339
  .4650000000  .0692611691
  .4700000000  .0685645169
  .4750000000  .0678752367
  .4800000000  .0681102867
  .4850000000  .0678142930
  .4900000000  .0676368294
  .4950000000  .0675764896
  .5000000000  .0676325451
  .5050000000  .0678049518
  .5100000000  .0680943546
  .5150000000  .0685020903
  .5200000000  .0690301892
  .5250000000  .0691237822
  .5300000000  .0700399306
  .5350000000  .0709658775
  .5400000000  .0721097071
  .5450000000  .0733471929
  .5500000000  .0747307339
  .5550000000  .0763054497
  .5600000000  .0779642662
  .5650000000  .0799116591
  .5700000000  .0818892193
  .5750000000  .0842546796
  .5800000000  .0866481342
  .5850000000  .0894447710
  .5900000000  .0923186622
  .5950000000  .0956176468
  .6000000000  .0990405948
  .6050000000  .1029391975
  .6100000000  .1069928485
  .6150000000  .1116109759
  .6200000000  .1163915510
  .6250000000  .1218764698
  .6300000000  .1275274130
  .6350000000  .1340281283
  .6400000000  .1408109950
  .6450000000  .1484150452
  .6500000000  .1565735404
  .6550000000  .1654511436
  .6600000000  .1752781218
  .6650000000  .1856236447
  .6700000000  .1974673875
  .6750000000  .2100162991
  .6800000000  .2237717211
  .6850000000  .2389858635
  .6900000000  .2552067127
  .6950000000  .2733185860
  .7000000000  .2930417560
  .7050000000  .3141978922
  .7100000000  .3377860807
  .7150000000  .3634874515
  .7200000000  .3911880962
  .7250000000  .4215387193
  .7300000000  .4550317780
  .7350000000  .4912298979
  .7400000000  .5303872615
  .7450000000  .5732041920
  .7500000000  .6201631532
  .7550000000  .6709652355
  .7600000000  .7259419809
  .7650000000  .7854497231
  .7700000000  .8498708188
  .7750000000  .9200576720
  .7800000000  .9961471865
  .7850000000  1.078453152
  .7900000000  1.167570764
  .7950000000  1.264217623
  .8000000000  1.369287029
  .8050000000  1.483922275
  .8100000000  1.609616987
  .8150000000  1.748346785
  .8200000000  1.902737507
  .8250000000  2.076274851
  .8300000000  2.275843305
  .8350000000  2.507455752
  .8400000000  2.779236563
  .8450000000  3.102137076
  .8500000000  3.495608286
  .8550000000  3.983656705
  .8600000000  4.582640315
  .8650000000  5.344984870
  .8700000000  6.296082351
  .8750000000  7.510052353
  .8800000000  9.023767598
  .8850000000  10.94398117
  .8900000000  13.32989075
  .8950000000  16.25671092
&
@ s3 color  2
@ s3 linestyle  1
@target s3
@type xy
  .4753377083 -10.000
  .4753377083  10.000
  .5246622916  10.000
  .5246622916 -10.000
&
@ s4 color  3
@ s4 linestyle  1
@ legend string 4 "(3)-(3)"
@target s4
@type xy
  .1000000000  19.18509853
  .1050000000  15.72459933
  .1100000000  12.87910715
  .1150000000  10.57286909
  .1200000000  8.719008105
  .1250000000  7.245673217
  .1300000000  6.090240105
  .1350000000  5.164169524
  .1400000000  4.443893723
  .1450000000  3.861828397
  .1500000000  3.395591071
  .1550000000  3.018157952
  .1600000000  2.703880773
  .1650000000  2.439213071
  .1700000000  2.216641787
  .1750000000  2.023219168
  .1800000000  1.852838408
  .1850000000  1.701055006
  .1900000000  1.564517375
  .1950000000  1.440712157
  .2000000000  1.327755576
  .2050000000  1.224226719
  .2100000000  1.129037741
  .2150000000  1.041335619
  .2200000000  .9604300607
  .2250000000  .8857424106
  .2300000000  .8167709062
  .2350000000  .7530681619
  .2400000000  .6943517449
  .2450000000  .6408515843
  .2500000000  .5915229221
  .2550000000  .5460251396
  .2600000000  .5040417772
  .2650000000  .4655504277
  .2700000000  .4307920521
  .2750000000  .3986941972
  .2800000000  .3690218532
  .2850000000  .3421292157
  .2900000000  .3177330175
  .2950000000  .2951008628
  .3000000000  .2744052255
  .3050000000  .2558653352
  .3100000000  .2385737436
  .3150000000  .2228409766
  .3200000000  .2086720546
  .3250000000  .1953741392
  .3300000000  .1835469148
  .3350000000  .1726081076
  .3400000000  .1624687815
  .3450000000  .1534793747
  .3500000000  .1449281641
  .3550000000  .1374183537
  .3600000000  .1303326802
  .3650000000  .1239386054
  .3700000000  .1180587592
  .3750000000  .1126280613
  .3800000000  .1077394078
  .3850000000  .1031402788
  .3900000000  .0990669562
  .3950000000  .0951860147
  .4000000000  .0917850326
  .4050000000  .0885253444
  .4100000000  .0856812131
  .4150000000  .0829604907
  .4200000000  .0805804458
  .4250000000  .0783294649
  .4300000000  .0763392901
  .4350000000  .0745005612
  .4400000000  .0728409445
  .4450000000  .0713676850
  .4500000000  .0699909715
  .4550000000  .0688464313
  .4600000000  .0677143999
  .4650000000  .0668707550
  .4700000000  .0660369724
  .4750000000  .0658750721
  .4800000000  .0653757228
  .4850000000  .0649900727
  .4900000000  .0647160743
  .4950000000  .0645522628
  .5000000000  .0644977581
  .5050000000  .0645522669
  .5100000000  .0647160826
  .5150000000  .0649900853
  .5200000000  .0653757397
  .5250000000  .0658750936
  .5300000000  .0660370205
  .5350000000  .0668708066
  .5400000000  .0677144552
  .5450000000  .0688464902
  .5500000000  .0699910341
  .5550000000  .0713677512
  .5600000000  .0728410143
  .5650000000  .0745006346
  .5700000000  .0763393670
  .5750000000  .0783295452
  .5800000000  .0805805295
  .5850000000  .0829605776
  .5900000000  .0856813030
  .5950000000  .0885254372
  .6000000000  .0917851281
  .6050000000  .0951861127
  .6100000000  .0990670563
  .6150000000  .1031403809
  .6200000000  .1077395114
  .6250000000  .1126281662
  .6300000000  .1180588649
  .6350000000  .1239387114
  .6400000000  .1303327861
  .6450000000  .1374184588
  .6500000000  .1449282681
  .6550000000  .1534794765
  .6600000000  .1624688808
  .6650000000  .1726082034
  .6700000000  .1835470062
  .6750000000  .1953742255
  .6800000000  .2086721346
  .6850000000  .2228410494
  .6900000000  .2385738079
  .6950000000  .2558653898
  .7000000000  .2744052695
  .7050000000  .2951008944
  .7100000000  .3177330354
  .7150000000  .3421292185
  .7200000000  .3690218392
  .7250000000  .3986941648
  .7300000000  .4307919997
  .7350000000  .4655503538
  .7400000000  .5040416798
  .7450000000  .5460250172
  .7500000000  .5915227730
  .7550000000  .6408514071
  .7600000000  .6943515381
  .7650000000  .7530679241
  .7700000000  .8167706366
  .7750000000  .8857421083
  .7800000000  .9604297253
  .7850000000  1.041335251
  .7900000000  1.129037340
  .7950000000  1.224226287
  .8000000000  1.327755115
  .8050000000  1.440711668
  .8100000000  1.564516863
  .8150000000  1.701054475
  .8200000000  1.852837863
  .8250000000  2.023218616
  .8300000000  2.216641236
  .8350000000  2.439212529
  .8400000000  2.703880250
  .8450000000  3.018157458
  .8500000000  3.395590616
  .8550000000  3.861827992
  .8600000000  4.443893377
  .8650000000  5.164169244
  .8700000000  6.090239896
  .8750000000  7.245673078
  .8800000000  8.719008032
  .8850000000  10.57286907
  .8900000000  12.87910716
  .8950000000  15.72459933
&
@ s5 color  3
@ s5 linestyle  1
@target s5
@type xy
  .4716605719 -10.000
  .4716605719  10.000
  .5283394280  10.000
  .5283394280 -10.000
&
@ s6 color  4
@ s6 linestyle  1
@ legend string 6 "(4)-(4)"
@target s6
@type xy
  .1000000000  19.18484721
  .1050000000  15.72447333
  .1100000000  12.87904516
  .1150000000  10.57282102
  .1200000000  8.718935553
  .1250000000  7.245547352
  .1300000000  6.090040759
  .1350000000  5.163886213
  .1400000000  4.443520644
  .1450000000  3.861365763
  .1500000000  3.395042469
  .1550000000  3.017529714
  .1600000000  2.703180566
  .1650000000  2.438449516
  .1700000000  2.215825069
  .1750000000  2.022358600
  .1800000000  1.851943024
  .1850000000  1.700133425
  .1900000000  1.563577654
  .1950000000  1.439761686
  .2000000000  1.326801021
  .2050000000  1.223273990
  .2100000000  1.128091998
  .2150000000  1.040401297
  .2200000000  .9595109066
  .2250000000  .8848415417
  .2300000000  .8158908689
  .2350000000  .7522109967
  .2400000000  .6935191133
  .2450000000  .6400449857
  .2500000000  .5907431178
  .2550000000  .5452726137
  .2600000000  .5033167901
  .2650000000  .4648531054
  .2700000000  .4301223537
  .2750000000  .3980517908
  .2800000000  .3684063410
  .2850000000  .3415401081
  .2900000000  .3171696763
  .2950000000  .2945626627
  .3000000000  .2738914774
  .3050000000  .2553751700
  .3100000000  .2381064795
  .3150000000  .2223958058
  .3200000000  .2082480554
  .3250000000  .1949706746
  .3300000000  .1831629963
  .3350000000  .1722429901
  .3400000000  .1621217818
  .3450000000  .1531494830
  .3500000000  .1446148902
  .3550000000  .1371206701
  .3600000000  .1300500544
  .3650000000  .1236702443
  .3700000000  .1178039901
  .3750000000  .1123862870
  .3800000000  .1075098613
  .3850000000  .1029225149
  .3900000000  .0988601596
  .3950000000  .0949898459
  .4000000000  .0915986718
  .4050000000  .0883485121
  .4100000000  .0855131251
  .4150000000  .0828008831
  .4200000000  .0804286069
  .4250000000  .0781851028
  .4300000000  .0762018004
  .4350000000  .0743695812
  .4400000000  .0727160120
  .4450000000  .0712483206
  .4500000000  .0698768953
  .4550000000  .0687369949
  .4600000000  .0676095527
  .4650000000  .0667696220
  .4700000000  .0659395114
  .4750000000  .0657813315
  .4800000000  .0652844031
  .4850000000  .0649006299
  .4900000000  .0646279687
  .4950000000  .0644649580
  .5000000000  .0644107201
  .5050000000  .0644649621
  .5100000000  .0646279767
  .5150000000  .0649006417
  .5200000000  .0652844186
  .5250000000  .0657813505
  .5300000000  .0659395452
  .5350000000  .0667696579
  .5400000000  .0676095907
  .5450000000  .0687370350
  .5500000000  .0698769376
  .5550000000  .0712483651
  .5600000000  .0727160587
  .5650000000  .0743696301
  .5700000000  .0762018515
  .5750000000  .0781851561
  .5800000000  .0804286623
  .5850000000  .0828009407
  .5900000000  .0855131848
  .5950000000  .0883485738
  .6000000000  .0915987355
  .6050000000  .0949899115
  .6100000000  .0988602268
  .6150000000  .1029225838
  .6200000000  .1075099317
  .6250000000  .1123863587
  .6300000000  .1178040629
  .6350000000  .1236703180
  .6400000000  .1300501288
  .6450000000  .1371207448
  .6500000000  .1446149650
  .6550000000  .1531495573
  .6600000000  .1621218554
  .6650000000  .1722430625
  .6700000000  .1831630670
  .6750000000  .1949707431
  .6800000000  .2082481209
  .6850000000  .2223958679
  .6900000000  .2381065373
  .6950000000  .2553752227
  .7000000000  .2738915245
  .7050000000  .2945627029
  .7100000000  .3171697088
  .7150000000  .3415401320
  .7200000000  .3684063551
  .7250000000  .3980517939
  .7300000000  .4301223448
  .7350000000  .4648530833
  .7400000000  .5033167535
  .7450000000  .5452725613
  .7500000000  .5907430485
  .7550000000  .6400448985
  .7600000000  .6935190069
  .7650000000  .7522108700
  .7700000000  .8158907210
  .7750000000  .8848413720
  .7800000000  .9595107147
  .7850000000  1.040401082
  .7900000000  1.128091761
  .7950000000  1.223273731
  .8000000000  1.326800741
  .8050000000  1.439761387
  .8100000000  1.563577338
  .8150000000  1.700133096
  .8200000000  1.851942684
  .8250000000  2.022358254
  .8300000000  2.215824722
  .8350000000  2.438449173
  .8400000000  2.703180235
  .8450000000  3.017529401
  .8500000000  3.395042182
  .8550000000  3.861365509
  .8600000000  4.443520429
  .8650000000  5.163886042
  .8700000000  6.090040635
  .8750000000  7.245547274
  .8800000000  8.718935515
  .8850000000  10.57282101
  .8900000000  12.87904517
  .8950000000  15.72447332
&
@ s7 color  4
@ s7 linestyle  1
@target s7
@type xy
  .4716605719 -10.000
  .4716605719  10.000
  .5283394280  10.000
  .5283394280 -10.000
&
@ s8 color  5
@ s8 linestyle  1
@ legend string 8 "(5)-(5)"
@target s8
@type xy
  .1000000000  19.18479997
  .1050000000  15.72446367
  .1100000000  12.87905051
  .1150000000  10.57282344
  .1200000000  8.718921794
  .1250000000  7.245507978
  .1300000000  6.089969800
  .1350000000  5.163781204
  .1400000000  4.443381101
  .1450000000  3.861193128
  .1500000000  3.394839463
  .1550000000  3.017299931
  .1600000000  2.702927836
  .1650000000  2.438177874
  .1700000000  2.215539073
  .1750000000  2.022062197
  .1800000000  1.851639900
  .1850000000  1.699826968
  .1900000000  1.563270908
  .1950000000  1.439457332
  .2000000000  1.326501363
  .2050000000  1.222980969
  .2100000000  1.127807203
  .2150000000  1.040125996
  .2200000000  .9592460743
  .2250000000  .8845878953
  .2300000000  .8156489023
  .2350000000  .7519810143
  .2400000000  .6933012714
  .2450000000  .6398393150
  .2500000000  .5905494689
  .2550000000  .5450907591
  .2600000000  .5031464460
  .2650000000  .4646939265
  .2700000000  .4299738823
  .2750000000  .3979136022
  .2800000000  .3682780147
  .2850000000  .3414211293
  .2900000000  .3170595103
  .2950000000  .2944608862
  .3000000000  .2737976141
  .3050000000  .2552886412
  .3100000000  .2380269127
  .3150000000  .2223227333
  .3200000000  .2081809692
  .3250000000  .1949092734
  .3300000000  .1831067645
  .3350000000  .1721915889
  .3400000000  .1620749052
  .3450000000  .1531066684
  .3500000000  .1445759534
  .3550000000  .1370851667
  .3600000000  .1300177930
  .3650000000  .1236409136
  .3700000000  .1177773480
  .3750000000  .1123621224
  .3800000000  .1074879088
  .3850000000  .1029026340
  .3900000000  .0988420841
  .3950000000  .0949734809
  .4000000000  .0915837679
  .4050000000  .0883349989
  .4100000000  .0855007833
  .4150000000  .0827896505
  .4200000000  .0804183028
  .4250000000  .0781756615
  .4300000000  .0761930850
  .4350000000  .0743615138
  .4400000000  .0727085015
  .4450000000  .0712412719
  .4500000000  .0698702625
  .4550000000  .0687306631
  .4600000000  .0676035186
  .4650000000  .0667637506
  .4700000000  .0659338006
  .4750000000  .0657739936
  .4800000000  .0652770274
  .4850000000  .0648932291
  .4900000000  .0646205518
  .4950000000  .0644575312
  .5000000000  .0644032877
  .5050000000  .0644575283
  .5100000000  .0646205461
  .5150000000  .0648932206
  .5200000000  .0652770161
  .5250000000  .0657739796
  .5300000000  .0659337837
  .5350000000  .0667637331
  .5400000000  .0676035005
  .5450000000  .0687306444
  .5500000000  .0698702431
  .5550000000  .0712412519
  .5600000000  .0727084809
  .5650000000  .0743614924
  .5700000000  .0761930630
  .5750000000  .0781756388
  .5800000000  .0804182793
  .5850000000  .0827896263
  .5900000000  .0855007583
  .5950000000  .0883349731
  .6000000000  .0915837414
  .6050000000  .0949734536
  .6100000000  .0988420561
  .6150000000  .1029026052
  .6200000000  .1074878794
  .6250000000  .1123620922
  .6300000000  .1177773171
  .6350000000  .1236408820
  .6400000000  .1300177608
  .6450000000  .1370851339
  .6500000000  .1445759200
  .6550000000  .1531066344
  .6600000000  .1620748707
  .6650000000  .1721915539
  .6700000000  .1831067291
  .6750000000  .1949092375
  .6800000000  .2081809330
  .6850000000  .2223226967
  .6900000000  .2380268759
  .6950000000  .2552886041
  .7000000000  .2737975768
  .7050000000  .2944608487
  .7100000000  .3170594727
  .7150000000  .3414210916
  .7200000000  .3682779767
  .7250000000  .3979135641
  .7300000000  .4299738440
  .7350000000  .4646938880
  .7400000000  .5031464072
  .7450000000  .5450907200
  .7500000000  .5905494294
  .7550000000  .6398392749
  .7600000000  .6933012306
  .7650000000  .7519809728
  .7700000000  .8156488597
  .7750000000  .8845878515
  .7800000000  .9592460291
  .7850000000  1.040125949
  .7900000000  1.127807155
  .7950000000  1.222980918
  .8000000000  1.326501311
  .8050000000  1.439457277
  .8100000000  1.563270851
  .8150000000  1.699826909
  .8200000000  1.851639839
  .8250000000  2.022062135
  .8300000000  2.215539010
  .8350000000  2.438177811
  .8400000000  2.702927774
  .8450000000  3.017299871
  .8500000000  3.394839406
  .8550000000  3.861193077
  .8600000000  4.443381056
  .8650000000  5.163781166
  .8700000000  6.089969772
  .8750000000  7.245507959
  .8800000000  8.718921784
  .8850000000  10.57282344
  .8900000000  12.87905051
  .8950000000  15.72446366
&
@ s9 color  5
@ s9 linestyle  1
@target s9
@type xy
  .4716605719 -10.000
  .4716605719  10.000
  .5283394280  10.000
  .5283394280 -10.000
&
@ s10 color  1
@ s10 linestyle  2
@ legend string 10 "(6)-(6)"
@target s10
@type xy
  .1000000000  19.18509297
  .1050000000  15.72458622
  .1100000000  12.87910001
  .1150000000  10.57287700
  .1200000000  8.719036245
  .1250000000  7.245723825
  .1300000000  6.090312882
  .1350000000  5.164262574
  .1400000000  4.444003673
  .1450000000  3.861951706
  .1500000000  3.395723662
  .1550000000  3.018295771
  .1600000000  2.704020313
  .1650000000  2.439351128
  .1700000000  2.216775193
  .1750000000  2.023345618
  .1800000000  1.852956057
  .1850000000  1.701162431
  .1900000000  1.564613555
  .1950000000  1.440796436
  .2000000000  1.327827621
  .2050000000  1.224286476
  .2100000000  1.129085385
  .2150000000  1.041371515
  .2200000000  .9604547123
  .2250000000  .8857564277
  .2300000000  .8167749683
  .2350000000  .7530629901
  .2400000000  .6943381011
  .2450000000  .6408303569
  .2500000000  .5914948705
  .2550000000  .5459909900
  .2600000000  .5040022164
  .2650000000  .4655061633
  .2700000000  .4307438773
  .2750000000  .3986426694
  .2800000000  .3689674806
  .2850000000  .3420726025
  .2900000000  .3176747055
  .2950000000  .2950412150
  .3000000000  .2743446501
  .3050000000  .2558042928
  .3100000000  .2385124712
  .3150000000  .2227797864
  .3200000000  .2086112519
  .3250000000  .1953138670
  .3300000000  .1834874469
  .3350000000  .1725495799
  .3400000000  .1624113127
  .3450000000  .1534231403
  .3500000000  .1448732023
  .3550000000  .1373648011
  .3600000000  .1302805620
  .3650000000  .1238879853
  .3700000000  .1180096625
  .3750000000  .1125805072
  .3800000000  .1076934070
  .3850000000  .1030958259
  .3900000000  .0990240388
  .3950000000  .0951446156
  .4000000000  .0917451136
  .4050000000  .0884868826
  .4100000000  .0856441463
  .4150000000  .0829247914
  .4200000000  .0805460331
  .4250000000  .0782963024
  .4300000000  .0763072882
  .4350000000  .0744696652
  .4400000000  .0728110700
  .4450000000  .0713387443
  .4500000000  .0699629048
  .4550000000  .0688190957
  .4600000000  .0676877875
  .4650000000  .0668446377
  .4700000000  .0660113442
  .4750000000  .0658463905
  .4800000000  .0653472772
  .4850000000  .0649618235
  .4900000000  .0646879722
  .4950000000  .0645242519
  .5000000000  .0644697784
  .5050000000  .0645242572
  .5100000000  .0646879829
  .5150000000  .0649618396
  .5200000000  .0653472989
  .5250000000  .0658464181
  .5300000000  .0660113714
  .5350000000  .0668446717
  .5400000000  .0676878286
  .5450000000  .0688191434
  .5500000000  .0699629591
  .5550000000  .0713388049
  .5600000000  .0728111370
  .5650000000  .0744697383
  .5700000000  .0763073671
  .5750000000  .0782963870
  .5800000000  .0805461230
  .5850000000  .0829248866
  .5900000000  .0856442462
  .5950000000  .0884869873
  .6000000000  .0917452223
  .6050000000  .0951447284
  .6100000000  .0990241550
  .6150000000  .1030959453
  .6200000000  .1076935290
  .6250000000  .1125806317
  .6300000000  .1180097887
  .6350000000  .1238881128
  .6400000000  .1302806904
  .6450000000  .1373649298
  .6500000000  .1448733310
  .6550000000  .1534232681
  .6600000000  .1624114394
  .6650000000  .1725497046
  .6700000000  .1834875691
  .6750000000  .1953139863
  .6800000000  .2086113674
  .6850000000  .2227798977
  .6900000000  .2385125776
  .6950000000  .2558043937
  .7000000000  .2743447451
  .7050000000  .2950413033
  .7100000000  .3176747867
  .7150000000  .3420726761
  .7200000000  .3689675462
  .7250000000  .3986427267
  .7300000000  .4307439259
  .7350000000  .4655062031
  .7400000000  .5040022471
  .7450000000  .5459910119
  .7500000000  .5914948835
  .7550000000  .6408303613
  .7600000000  .6943380973
  .7650000000  .7530629788
  .7700000000  .8167749503
  .7750000000  .8857564039
  .7800000000  .9604546837
  .7850000000  1.041371483
  .7900000000  1.129085351
  .7950000000  1.224286441
  .8000000000  1.327827588
  .8050000000  1.440796406
  .8100000000  1.564613530
  .8150000000  1.701162413
  .8200000000  1.852956046
  .8250000000  2.023345617
  .8300000000  2.216775202
  .8350000000  2.439351148
  .8400000000  2.704020344
  .8450000000  3.018295813
  .8500000000  3.395723713
  .8550000000  3.861951764
  .8600000000  4.444003735
  .8650000000  5.164262637
  .8700000000  6.090312941
  .8750000000  7.245723879
  .8800000000  8.719036291
  .8850000000  10.57287704
  .8900000000  12.87910005
  .8950000000  15.72458625
&
@ s11 color  1
@ s11 linestyle  2
@target s11
@type xy
  .4716605719 -10.000
  .4716605719  10.000
  .5283394280  10.000
  .5283394280 -10.000
&
@ s12 color  2
@ s12 linestyle  2
@ legend string 12 "(7)-(7)"
@target s12
@type xy
  .1000000000  19.18489948
  .1050000000  15.72452282
  .1100000000  12.87908348
  .1150000000  10.57284257
  .1200000000  8.718937261
  .1250000000  7.245528125
  .1300000000  6.090001255
  .1350000000  5.163828180
  .1400000000  4.443446941
  .1450000000  3.861279334
  .1500000000  3.394946688
  .1550000000  3.017427950
  .1600000000  2.703075765
  .1650000000  2.438344393
  .1700000000  2.215722345
  .1750000000  2.022260297
  .1800000000  1.851850794
  .1850000000  1.700048575
  .1900000000  1.563501158
  .1950000000  1.439694211
  .2000000000  1.326742956
  .2050000000  1.223225480
  .2100000000  1.128052981
  .2150000000  1.040371541
  .2200000000  .9594900446
  .2250000000  .8848291049
  .2300000000  .8158863162
  .2350000000  .7522137399
  .2400000000  .6935285193
  .2450000000  .6400603002
  .2500000000  .5907636881
  .2550000000  .5452978100
  .2600000000  .5033460123
  .2650000000  .4648857289
  .2700000000  .4301576678
  .2750000000  .3980892959
  .2800000000  .3684455807
  .2850000000  .3415805323
  .2900000000  .3172107880
  .2950000000  .2946041323
  .3000000000  .2739329305
  .3050000000  .2554161782
  .3100000000  .2381468286
  .3150000000  .2224352076
  .3200000000  .2082862271
  .3250000000  .1950074904
  .3300000000  .1831982029
  .3350000000  .1722764688
  .3400000000  .1621534295
  .3450000000  .1531791447
  .3500000000  .1446425414
  .3550000000  .1371461961
  .3600000000  .1300734459
  .3650000000  .1236914580
  .3700000000  .1178230216
  .3750000000  .1124031359
  .3800000000  .1075245440
  .3850000000  .1029350536
  .3900000000  .0988706003
  .3950000000  .0949982211
  .4000000000  .0916050594
  .4050000000  .0883529487
  .4100000000  .0855157173
  .4150000000  .0828016728
  .4200000000  .0804277196
  .4250000000  .0781825925
  .4300000000  .0761977975
  .4350000000  .0743641639
  .4400000000  .0727092961
  .4450000000  .0712404263
  .4500000000  .0698678996
  .4550000000  .0687270830
  .4600000000  .0675987346
  .4650000000  .0667581750
  .4700000000  .0659274432
  .4750000000  .0657624709
  .4800000000  .0652648389
  .4850000000  .0648805372
  .4900000000  .0646075092
  .4950000000  .0644442837
  .5000000000  .0643899773
  .5050000000  .0644442952
  .5100000000  .0646075322
  .5150000000  .0648805720
  .5200000000  .0652648855
  .5250000000  .0657625295
  .5300000000  .0659275912
  .5350000000  .0667583334
  .5400000000  .0675989034
  .5450000000  .0687272622
  .5500000000  .0698680893
  .5550000000  .0712406264
  .5600000000  .0727095066
  .5650000000  .0743643847
  .5700000000  .0761980285
  .5750000000  .0781828336
  .5800000000  .0804279705
  .5850000000  .0828019335
  .5900000000  .0855159874
  .5950000000  .0883532280
  .6000000000  .0916053472
  .6050000000  .0949985172
  .6100000000  .0988709040
  .6150000000  .1029353644
  .6200000000  .1075248609
  .6250000000  .1124034582
  .6300000000  .1178233482
  .6350000000  .1236917879
  .6400000000  .1300737777
  .6450000000  .1371465283
  .6500000000  .1446428729
  .6550000000  .1531794727
  .6600000000  .1621537531
  .6650000000  .1722767848
  .6700000000  .1831985094
  .6750000000  .1950077849
  .6800000000  .2082865057
  .6850000000  .2224354683
  .6900000000  .2381470670
  .6950000000  .2554163905
  .7000000000  .2739331136
  .7050000000  .2946042807
  .7100000000  .3172108971
  .7150000000  .3415805978
  .7200000000  .3684455970
  .7250000000  .3980892567
  .7300000000  .4301575681
  .7350000000  .4648855632
  .7400000000  .5033457734
  .7450000000  .5452974916
  .7500000000  .5907632846
  .7550000000  .6400598056
  .7600000000  .6935279277
  .7650000000  .7522130454
  .7700000000  .8158855139
  .7750000000  .8848281910
  .7800000000  .9594890161
  .7850000000  1.040370396
  .7900000000  1.128051720
  .7950000000  1.223224104
  .8000000000  1.326741469
  .8050000000  1.439692622
  .8100000000  1.563499475
  .8150000000  1.700046812
  .8200000000  1.851848969
  .8250000000  2.022258431
  .8300000000  2.215720463
  .8350000000  2.438342523
  .8400000000  2.703073943
  .8450000000  3.017426214
  .8500000000  3.394945072
  .8550000000  3.861277878
  .8600000000  4.443445682
  .8650000000  5.163827148
  .8700000000  6.090000473
  .8750000000  7.245527597
  .8800000000  8.718936975
  .8850000000  10.57284248
  .8900000000  12.87908352
  .8950000000  15.72452287
&
@ s13 color  2
@ s13 linestyle  2
@target s13
@type xy
  .4716605719 -10.000
  .4716605719  10.000
  .5283394280  10.000
  .5283394280 -10.000
&
@ s14 color  3
@ s14 linestyle  2
@ legend string 14 "(8)-(9)"
@target s14
@type xy
  .1000000000  21.84393656
  .1050000000  18.07070064
  .1100000000  14.89918415
  .1150000000  12.27747040
  .1200000000  10.14509601
  .1250000000  8.441536993
  .1300000000  7.063988689
  .1350000000  5.979682675
  .1400000000  5.104319285
  .1450000000  4.416962833
  .1500000000  3.857064183
  .1550000000  3.405563397
  .1600000000  3.038344253
  .1650000000  2.731386126
  .1700000000  2.471952154
  .1750000000  2.249928312
  .1800000000  2.059235149
  .1850000000  1.890998788
  .1900000000  1.740889524
  .1950000000  1.605658860
  .2000000000  1.482851860
  .2050000000  1.370613721
  .2100000000  1.267534910
  .2150000000  1.172530289
  .2200000000  1.084747235
  .2250000000  1.003497776
  .2300000000  .9285888882
  .2350000000  .8594901918
  .2400000000  .7954957273
  .2450000000  .7362105548
  .2500000000  .6812705969
  .2550000000  .6303389770
  .2600000000  .5838897083
  .2650000000  .5411194640
  .2700000000  .5014717715
  .2750000000  .4646872665
  .2800000000  .4313728715
  .2850000000  .4007410669
  .2900000000  .3722549808
  .2950000000  .3461625217
  .3000000000  .3225607857
  .3050000000  .3005175030
  .3100000000  .2803320775
  .3150000000  .2620922506
  .3200000000  .2449598193
  .3250000000  .2295159840
  .3300000000  .2153031996
  .3350000000  .2019447610
  .3400000000  .1901677309
  .3450000000  .1789612705
  .3500000000  .1688737719
  .3550000000  .1595125325
  .3600000000  .1508308898
  .3650000000  .1429937740
  .3700000000  .1355307291
  .3750000000  .1289481296
  .3800000000  .1225572722
  .3850000000  .1169870480
  .3900000000  .1115549642
  .3950000000  .1067822761
  .4000000000  .1021431644
  .4050000000  .0980581243
  .4100000000  .0940761189
  .4150000000  .0905842217
  .4200000000  .0871485044
  .4250000000  .0841689064
  .4300000000  .0812241583
  .4350000000  .0786533366
  .4400000000  .0761463061
  .4450000000  .0739063444
  .4500000000  .0717800466
  .4550000000  .0698199947
  .4600000000  .0680270555
  .4650000000  .0663057453
  .4700000000  .0648076886
  .4750000000  .0633254846
  .4800000000  .0620579208
  .4850000000  .0608375836
  .4900000000  .0600013703
  .4950000000  .0590216300
  .5000000000  .0581261417
  .5050000000  .0573123071
  .5100000000  .0565779986
  .5150000000  .0559215859
  .5200000000  .0553419646
  .5250000000  .0548385877
  .5300000000  .0544114972
  .5350000000  .0540613583
  .5400000000  .0537894936
  .5450000000  .0535979196
  .5500000000  .0534893825
  .5550000000  .0534673958
  .5600000000  .0535362777
  .5650000000  .0537011890
  .5700000000  .0539681704
  .5750000000  .0543441802
  .5800000000  .0548371300
  .5850000000  .0554559193
  .5900000000  .0561353542
  .5950000000  .0570646758
  .6000000000  .0580805230
  .6050000000  .0593283460
  .6100000000  .0606824222
  .6150000000  .0622942693
  .6200000000  .0640554907
  .6250000000  .0660885962
  .6300000000  .0683464281
  .6350000000  .0708711194
  .6400000000  .0737402707
  .6450000000  .0768417147
  .6500000000  .0804677102
  .6550000000  .0842998840
  .6600000000  .0888137517
  .6650000000  .0936858405
  .6700000000  .0991277524
  .6750000000  .1052991919
  .6800000000  .1119251413
  .6850000000  .1196253501
  .6900000000  .1280630342
  .6950000000  .1372486020
  .7000000000  .1479398034
  .7050000000  .1595998728
  .7100000000  .1723438478
  .7150000000  .1871321328
  .7200000000  .2033670059
  .7250000000  .2212065368
  .7300000000  .2413714558
  .7350000000  .2640369570
  .7400000000  .2890723458
  .7450000000  .3167577783
  .7500000000  .3477400030
  .7550000000  .3826846504
  .7600000000  .4214054952
  .7650000000  .4643304028
  .7700000000  .5119302628
  .7750000000  .5647176241
  .7800000000  .6232431624
  .7850000000  .6883291744
  .7900000000  .7604749024
  .7950000000  .8400249115
  .8000000000  .9275693102
  .8050000000  1.023680943
  .8100000000  1.128894543
  .8150000000  1.243682392
  .8200000000  1.368799721
  .8250000000  1.504369845
  .8300000000  1.650272281
  .8350000000  1.806347175
  .8400000000  1.972206675
  .8450000000  2.147287672
  .8500000000  2.330687186
  .8550000000  2.520621700
  .8600000000  2.715369065
  .8650000000  2.912452654
  .8700000000  3.110304434
  .8750000000  3.305874914
  .8800000000  3.499085908
  .8850000000  3.690711269
  .8900000000  3.884917814
  .8950000000  4.093424969
&
@ s15 color  3
@ s15 linestyle  2
@target s15
@type xy
  .4877774114 -10.000
  .4877774114  10.000
  .5885611469  10.000
  .5885611469 -10.000
&
@ s16 color  4
@ s16 linestyle  2
@ legend string 16 "(9)-(10)"
@target s16
@type xy
  .1000000000  4.372028141
  .1050000000  4.124976625
  .1100000000  3.915018737
  .1150000000  3.720424086
  .1200000000  3.529117493
  .1250000000  3.336714708
  .1300000000  3.141278721
  .1350000000  2.944105561
  .1400000000  2.746907222
  .1450000000  2.552127161
  .1500000000  2.361649569
  .1550000000  2.177558355
  .1600000000  2.001240264
  .1650000000  1.834270786
  .1700000000  1.676975084
  .1750000000  1.529756799
  .1800000000  1.392792652
  .1850000000  1.266058483
  .1900000000  1.149359382
  .1950000000  1.042361419
  .2000000000  .9446230684
  .2050000000  .8556248725
  .2100000000  .7747963801
  .2150000000  .7015397143
  .2200000000  .6352494745
  .2250000000  .5753289017
  .2300000000  .5212024365
  .2350000000  .4723249307
  .2400000000  .4281878708
  .2450000000  .3883230208
  .2500000000  .3527631424
  .2550000000  .3210488970
  .2600000000  .2923743666
  .2650000000  .2664185166
  .2700000000  .2429802465
  .2750000000  .2225110479
  .2800000000  .2038964862
  .2850000000  .1869480674
  .2900000000  .1719423864
  .2950000000  .1585784017
  .3000000000  .1463290497
  .3050000000  .1354140416
  .3100000000  .1257552902
  .3150000000  .1168348754
  .3200000000  .1089880311
  .3250000000  .1019298237
  .3300000000  .0953639568
  .3350000000  .0897927534
  .3400000000  .0845667522
  .3450000000  .0799314578
  .3500000000  .0757805358
  .3550000000  .0719389570
  .3600000000  .0686494515
  .3650000000  .0655141375
  .3700000000  .0628822107
  .3750000000  .0603798166
  .3800000000  .0582420906
  .3850000000  .0562534974
  .3900000000  .0545382906
  .3950000000  .0529698707
  .4000000000  .0516185899
  .4050000000  .0503974645
  .4100000000  .0493632010
  .4150000000  .0484820763
  .4200000000  .0477113704
  .4250000000  .0470669010
  .4300000000  .0465398728
  .4350000000  .0461224601
  .4400000000  .0458077682
  .4450000000  .0455897929
  .4500000000  .0454633790
  .4550000000  .0454241797
  .4600000000  .0454686175
  .4650000000  .0455938481
  .4700000000  .0457977280
  .4750000000  .0460787875
  .4800000000  .0464362087
  .4850000000  .0468698097
  .4900000000  .0473800369
  .4950000000  .0479679628
  .5000000000  .0486352937
  .5050000000  .0493843845
  .5100000000  .0502182619
  .5150000000  .0511406568
  .5200000000  .0521560444
  .5250000000  .0532696926
  .5300000000  .0544877191
  .5350000000  .0558171542
  .5400000000  .0572660116
  .5450000000  .0588433643
  .5500000000  .0605640793
  .5550000000  .0625517158
  .5600000000  .0645618120
  .5650000000  .0668669593
  .5700000000  .0692723416
  .5750000000  .0719483252
  .5800000000  .0748050952
  .5850000000  .0779219306
  .5900000000  .0812978417
  .5950000000  .0849426043
  .6000000000  .0889182607
  .6050000000  .0931990515
  .6100000000  .0978692971
  .6150000000  .1029196482
  .6200000000  .1083951247
  .6250000000  .1143788560
  .6300000000  .1207877049
  .6350000000  .1279041865
  .6400000000  .1353938656
  .6450000000  .1438835795
  .6500000000  .1527389865
  .6550000000  .1627729746
  .6600000000  .1734405484
  .6650000000  .1851037614
  .6700000000  .1979590606
  .6750000000  .2115480553
  .6800000000  .2269689335
  .6850000000  .2434337682
  .6900000000  .2612355913
  .6950000000  .2811189897
  .7000000000  .3023813725
  .7050000000  .3255249467
  .7100000000  .3511752786
  .7150000000  .3787169928
  .7200000000  .4083933864
  .7250000000  .4414360463
  .7300000000  .4769776383
  .7350000000  .5152305744
  .7400000000  .5566542244
  .7450000000  .6019990483
  .7500000000  .6506853608
  .7550000000  .7029228150
  .7600000000  .7589105641
  .7650000000  .8188580696
  .7700000000  .8833144544
  .7750000000  .9517408494
  .7800000000  1.024136711
  .7850000000  1.100423751
  .7900000000  1.180431847
  .7950000000  1.263888725
  .8000000000  1.350416283
  .8050000000  1.439537163
  .8100000000  1.530695759
  .8150000000  1.623298485
  .8200000000  1.716778544
  .8250000000  1.810690792
  .8300000000  1.904842422
  .8350000000  1.999318679
  .8400000000  2.095421586
  .8450000000  2.195496200
  .8500000000  2.303232530
  .8550000000  2.427149982
  .8600000000  2.576084943
  .8650000000  2.766086587
  .8700000000  3.022085699
  .8750000000  3.372564665
  .8800000000  3.859741610
  .8850000000  4.549480952
  .8900000000  5.502997862
  .8950000000  6.813885499
&
@ s17 color  4
@ s17 linestyle  2
@target s17
@type xy
  .4132226436 -10.000
  .4132226436  10.000
  .5499477409  10.000
  .5499477409 -10.000
&
@ s18 color  5
@ s18 linestyle  2
@ legend string 18 "(10)-(9)"
@target s18
@type xy
  .1000000000  8.597213370
  .1050000000  6.813885499
  .1100000000  5.502997862
  .1150000000  4.549480952
  .1200000000  3.859741610
  .1250000000  3.372564665
  .1300000000  3.022085699
  .1350000000  2.766086587
  .1400000000  2.576084943
  .1450000000  2.427149982
  .1500000000  2.303232530
  .1550000000  2.195496200
  .1600000000  2.095421586
  .1650000000  1.999318679
  .1700000000  1.904842422
  .1750000000  1.810690792
  .1800000000  1.716778544
  .1850000000  1.623298485
  .1900000000  1.530695759
  .1950000000  1.439537163
  .2000000000  1.350416283
  .2050000000  1.263888725
  .2100000000  1.180431847
  .2150000000  1.100423751
  .2200000000  1.024136711
  .2250000000  .9517408494
  .2300000000  .8833144544
  .2350000000  .8188580696
  .2400000000  .7589105641
  .2450000000  .7029228150
  .2500000000  .6506853608
  .2550000000  .6019990483
  .2600000000  .5566542244
  .2650000000  .5152305744
  .2700000000  .4769776383
  .2750000000  .4414360463
  .2800000000  .4083933864
  .2850000000  .3787169928
  .2900000000  .3511752786
  .2950000000  .3255249467
  .3000000000  .3023813725
  .3050000000  .2811189897
  .3100000000  .2612355913
  .3150000000  .2434337682
  .3200000000  .2269689335
  .3250000000  .2115480553
  .3300000000  .1979590606
  .3350000000  .1851037614
  .3400000000  .1734405484
  .3450000000  .1627729746
  .3500000000  .1527389865
  .3550000000  .1438835795
  .3600000000  .1353938656
  .3650000000  .1279041865
  .3700000000  .1207877049
  .3750000000  .1143788560
  .3800000000  .1083951247
  .3850000000  .1029196482
  .3900000000  .0978692971
  .3950000000  .0931990515
  .4000000000  .0889182607
  .4050000000  .0849426043
  .4100000000  .0812978417
  .4150000000  .0779219306
  .4200000000  .0748050952
  .4250000000  .0719483252
  .4300000000  .0692723416
  .4350000000  .0668669593
  .4400000000  .0645618120
  .4450000000  .0625517158
  .4500000000  .0605640793
  .4550000000  .0588433643
  .4600000000  .0572660116
  .4650000000  .0558171542
  .4700000000  .0544877191
  .4750000000  .0532696926
  .4800000000  .0521560444
  .4850000000  .0511406568
  .4900000000  .0502182619
  .4950000000  .0493843845
  .5000000000  .0486352937
  .5050000000  .0479679628
  .5100000000  .0473800369
  .5150000000  .0468698097
  .5200000000  .0464362087
  .5250000000  .0460787875
  .5300000000  .0457977280
  .5350000000  .0455938481
  .5400000000  .0454686175
  .5450000000  .0454241797
  .5500000000  .0454633790
  .5550000000  .0455897929
  .5600000000  .0458077682
  .5650000000  .0461224601
  .5700000000  .0465398728
  .5750000000  .0470669010
  .5800000000  .0477113704
  .5850000000  .0484820763
  .5900000000  .0493632010
  .5950000000  .0503974645
  .6000000000  .0516185899
  .6050000000  .0529698707
  .6100000000  .0545382906
  .6150000000  .0562534974
  .6200000000  .0582420906
  .6250000000  .0603798166
  .6300000000  .0628822107
  .6350000000  .0655141375
  .6400000000  .0686494515
  .6450000000  .0719389570
  .6500000000  .0757805358
  .6550000000  .0799314578
  .6600000000  .0845667522
  .6650000000  .0897927534
  .6700000000  .0953639568
  .6750000000  .1019298237
  .6800000000  .1089880311
  .6850000000  .1168348754
  .6900000000  .1257552902
  .6950000000  .1354140416
  .7000000000  .1463290497
  .7050000000  .1585784017
  .7100000000  .1719423864
  .7150000000  .1869480674
  .7200000000  .2038964862
  .7250000000  .2225110479
  .7300000000  .2429802465
  .7350000000  .2664185166
  .7400000000  .2923743666
  .7450000000  .3210488970
  .7500000000  .3527631424
  .7550000000  .3883230208
  .7600000000  .4281878708
  .7650000000  .4723249307
  .7700000000  .5212024365
  .7750000000  .5753289017
  .7800000000  .6352494745
  .7850000000  .7015397143
  .7900000000  .7747963801
  .7950000000  .8556248725
  .8000000000  .9446230684
  .8050000000  1.042361419
  .8100000000  1.149359382
  .8150000000  1.266058483
  .8200000000  1.392792652
  .8250000000  1.529756799
  .8300000000  1.676975084
  .8350000000  1.834270786
  .8400000000  2.001240264
  .8450000000  2.177558355
  .8500000000  2.361649569
  .8550000000  2.552127161
  .8600000000  2.746907222
  .8650000000  2.944105561
  .8700000000  3.141278721
  .8750000000  3.336714708
  .8800000000  3.529117493
  .8850000000  3.720424086
  .8900000000  3.915018737
  .8950000000  4.124976625
&
@ s19 color  5
@ s19 linestyle  2
@target s19
@type xy
  .4500522590 -10.000
  .4500522590  10.000
  .5867773563  10.000
  .5867773563 -10.000
&
