# ACE/gr parameter file
#
@    version 50122
@    world xmin 0.25
@    world xmax 0.75
@    title font 5
@    xaxis  tick major 0.1
@    xaxis  tick minor 0.02
@    xaxis  label "(r-r\s1\N)/d"
@    xaxis  label font 5
@    xaxis  label char size 1.2
@    xaxis  ticklabel font 4
@    xaxis  ticklabel char size 1
@    yaxis  tick major .1
@    yaxis  tick minor .02
@    yaxis  label font 4
@    yaxis  label char size 1.2
@    yaxis  ticklabel font 5
@    yaxis  ticklabel char size 1
@    title "density between neighbors"
@    yaxis  label "n(r) (electrons/bohr\S3\N)"
@    world ymin .0
@    world ymax .2
@    yaxis  tick major .05
@    yaxis  tick minor 0.01
@ s0 color  1
@ s0 linestyle  1
@ legend string 0 "(1)-(2)"
@target s0
@type xy
  .1000000000 -.0004522692
  .1050000000 -.0001959332
  .1100000000 -.0000443087
  .1150000000  .0000175730
  .1200000000  .0000055348
  .1250000000 -.0000672626
  .1300000000 -.0001791083
  .1350000000 -.0003208522
  .1400000000 -.0004777112
  .1450000000 -.0006422907
  .1500000000 -.0008056299
  .1550000000 -.0009623399
  .1600000000 -.0011079511
  .1650000000 -.0012400722
  .1700000000 -.0013569482
  .1750000000 -.0014571925
  .1800000000 -.0015395199
  .1850000000 -.0016054429
  .1900000000 -.0016555701
  .1950000000 -.0016907992
  .2000000000 -.0017122356
  .2050000000 -.0017211193
  .2100000000 -.0017187605
  .2150000000 -.0017064853
  .2200000000 -.0016855920
  .2250000000 -.0016573168
  .2300000000 -.0016225073
  .2350000000 -.0015818826
  .2400000000 -.0015371968
  .2450000000 -.0014893330
  .2500000000 -.0014390490
  .2550000000 -.0013869834
  .2600000000 -.0013332838
  .2650000000 -.0012788134
  .2700000000 -.0012242633
  .2750000000 -.0011698958
  .2800000000 -.0011158604
  .2850000000 -.0010626406
  .2900000000 -.0010104094
  .2950000000 -.0009592774
  .3000000000 -.0009096477
  .3050000000 -.0008613385
  .3100000000 -.0008144757
  .3150000000 -.0007695044
  .3200000000 -.0007258732
  .3250000000 -.0006840428
  .3300000000 -.0006439792
  .3350000000 -.0006051048
  .3400000000 -.0005685936
  .3450000000 -.0005331949
  .3500000000 -.0004995794
  .3550000000 -.0004675131
  .3600000000 -.0004366914
  .3650000000 -.0004077587
  .3700000000 -.0003796076
  .3750000000 -.0003535742
  .3800000000 -.0003281080
  .3850000000 -.0003045683
  .3900000000 -.0002816095
  .3950000000 -.0002603343
  .4000000000 -.0002396360
  .4050000000 -.0002204647
  .4100000000 -.0002017890
  .4150000000 -.0001845627
  .4200000000 -.0001676863
  .4250000000 -.0001522500
  .4300000000 -.0001369942
  .4350000000 -.0001231725
  .4400000000 -.0001095352
  .4450000000 -.0000970040
  .4500000000 -.0000848470
  .4550000000 -.0000734473
  .4600000000 -.0000626416
  .4650000000 -.0000522347
  .4700000000 -.0000426614
  .4750000000 -.0000331894
  .4800000000 -.0000224041
  .4850000000 -.0000140921
  .4900000000 -.0000062970
  .4950000000  .0000010048
  .5000000000  .0000078362
  .5050000000  .0000142183
  .5100000000  .0000201706
  .5150000000  .0000257115
  .5200000000  .0000308576
  .5250000000  .0000385619
  .5300000000  .0000423993
  .5350000000  .0000462778
  .5400000000  .0000496417
  .5450000000  .0000528251
  .5500000000  .0000557389
  .5550000000  .0000582807
  .5600000000  .0000607210
  .5650000000  .0000626597
  .5700000000  .0000646081
  .5750000000  .0000659691
  .5800000000  .0000673463
  .5850000000  .0000682048
  .5900000000  .0000690119
  .5950000000  .0000693501
  .6000000000  .0000695907
  .6050000000  .0000693743
  .6100000000  .0000690431
  .6150000000  .0000682325
  .6200000000  .0000673166
  .6250000000  .0000658660
  .6300000000  .0000643235
  .6350000000  .0000622031
  .6400000000  .0000599303
  .6450000000  .0000571612
  .6500000000  .0000540986
  .6550000000  .0000506495
  .6600000000  .0000467344
  .6650000000  .0000425722
  .6700000000  .0000377417
  .6750000000  .0000326271
  .6800000000  .0000270282
  .6850000000  .0000209024
  .6900000000  .0000144219
  .6950000000  .0000073327
  .7000000000 -.0000002245
  .7050000000 -.0000081922
  .7100000000 -.0000167677
  .7150000000 -.0000258144
  .7200000000 -.0000352885
  .7250000000 -.0000452591
  .7300000000 -.0000557084
  .7350000000 -.0000665310
  .7400000000 -.0000777129
  .7450000000 -.0000892284
  .7500000000 -.0001009809
  .7550000000 -.0001128850
  .7600000000 -.0001248602
  .7650000000 -.0001368043
  .7700000000 -.0001485900
  .7750000000 -.0001599817
  .7800000000 -.0001708242
  .7850000000 -.0001809536
  .7900000000 -.0001901531
  .7950000000 -.0001981837
  .8000000000 -.0002047888
  .8050000000 -.0002096996
  .8100000000 -.0002126429
  .8150000000 -.0002133505
  .8200000000 -.0002115710
  .8250000000 -.0002070822
  .8300000000 -.0001994404
  .8350000000 -.0001886965
  .8400000000 -.0001749049
  .8450000000 -.0001581543
  .8500000000 -.0001385099
  .8550000000 -.0001163773
  .8600000000 -.0000925386
  .8650000000 -.0000678594
  .8700000000 -.0000434888
  .8750000000 -.0000212691
  .8800000000 -.0000026751
  .8850000000  .0000093362
  .8900000000  .0000126172
  .8950000000  .0000046818
&
@ s1 color  1
@ s1 linestyle  1
@target s1
@type xy
  .4753377083 -10.000
  .4753377083  10.000
  .5246622916  10.000
  .5246622916 -10.000
&
@ s2 color  2
@ s2 linestyle  1
@ legend string 2 "(2)-(1)"
@target s2
@type xy
  .1000000000 -.0000169193
  .1050000000  .0000046818
  .1100000000  .0000126172
  .1150000000  .0000093362
  .1200000000 -.0000026751
  .1250000000 -.0000212691
  .1300000000 -.0000434888
  .1350000000 -.0000678594
  .1400000000 -.0000925386
  .1450000000 -.0001163773
  .1500000000 -.0001385099
  .1550000000 -.0001581543
  .1600000000 -.0001749049
  .1650000000 -.0001886965
  .1700000000 -.0001994404
  .1750000000 -.0002070822
  .1800000000 -.0002115710
  .1850000000 -.0002133505
  .1900000000 -.0002126429
  .1950000000 -.0002096996
  .2000000000 -.0002047888
  .2050000000 -.0001981837
  .2100000000 -.0001901531
  .2150000000 -.0001809536
  .2200000000 -.0001708242
  .2250000000 -.0001599817
  .2300000000 -.0001485900
  .2350000000 -.0001368043
  .2400000000 -.0001248602
  .2450000000 -.0001128850
  .2500000000 -.0001009809
  .2550000000 -.0000892284
  .2600000000 -.0000777129
  .2650000000 -.0000665310
  .2700000000 -.0000557084
  .2750000000 -.0000452591
  .2800000000 -.0000352885
  .2850000000 -.0000258144
  .2900000000 -.0000167677
  .2950000000 -.0000081922
  .3000000000 -.0000002245
  .3050000000  .0000073327
  .3100000000  .0000144219
  .3150000000  .0000209024
  .3200000000  .0000270282
  .3250000000  .0000326271
  .3300000000  .0000377417
  .3350000000  .0000425722
  .3400000000  .0000467344
  .3450000000  .0000506495
  .3500000000  .0000540986
  .3550000000  .0000571612
  .3600000000  .0000599303
  .3650000000  .0000622031
  .3700000000  .0000643235
  .3750000000  .0000658660
  .3800000000  .0000673166
  .3850000000  .0000682325
  .3900000000  .0000690431
  .3950000000  .0000693743
  .4000000000  .0000695907
  .4050000000  .0000693501
  .4100000000  .0000690119
  .4150000000  .0000682048
  .4200000000  .0000673463
  .4250000000  .0000659691
  .4300000000  .0000646081
  .4350000000  .0000626597
  .4400000000  .0000607210
  .4450000000  .0000582807
  .4500000000  .0000557389
  .4550000000  .0000528251
  .4600000000  .0000496417
  .4650000000  .0000462778
  .4700000000  .0000423993
  .4750000000  .0000385619
  .4800000000  .0000308576
  .4850000000  .0000257115
  .4900000000  .0000201706
  .4950000000  .0000142183
  .5000000000  .0000078362
  .5050000000  .0000010048
  .5100000000 -.0000062970
  .5150000000 -.0000140921
  .5200000000 -.0000224041
  .5250000000 -.0000331894
  .5300000000 -.0000426614
  .5350000000 -.0000522347
  .5400000000 -.0000626416
  .5450000000 -.0000734473
  .5500000000 -.0000848470
  .5550000000 -.0000970040
  .5600000000 -.0001095352
  .5650000000 -.0001231725
  .5700000000 -.0001369942
  .5750000000 -.0001522500
  .5800000000 -.0001676863
  .5850000000 -.0001845627
  .5900000000 -.0002017890
  .5950000000 -.0002204647
  .6000000000 -.0002396360
  .6050000000 -.0002603343
  .6100000000 -.0002816095
  .6150000000 -.0003045683
  .6200000000 -.0003281080
  .6250000000 -.0003535742
  .6300000000 -.0003796076
  .6350000000 -.0004077587
  .6400000000 -.0004366914
  .6450000000 -.0004675131
  .6500000000 -.0004995794
  .6550000000 -.0005331949
  .6600000000 -.0005685936
  .6650000000 -.0006051048
  .6700000000 -.0006439792
  .6750000000 -.0006840428
  .6800000000 -.0007258732
  .6850000000 -.0007695044
  .6900000000 -.0008144757
  .6950000000 -.0008613385
  .7000000000 -.0009096477
  .7050000000 -.0009592774
  .7100000000 -.0010104094
  .7150000000 -.0010626406
  .7200000000 -.0011158604
  .7250000000 -.0011698958
  .7300000000 -.0012242633
  .7350000000 -.0012788134
  .7400000000 -.0013332838
  .7450000000 -.0013869834
  .7500000000 -.0014390490
  .7550000000 -.0014893330
  .7600000000 -.0015371968
  .7650000000 -.0015818826
  .7700000000 -.0016225073
  .7750000000 -.0016573168
  .7800000000 -.0016855920
  .7850000000 -.0017064853
  .7900000000 -.0017187605
  .7950000000 -.0017211193
  .8000000000 -.0017122356
  .8050000000 -.0016907992
  .8100000000 -.0016555701
  .8150000000 -.0016054429
  .8200000000 -.0015395199
  .8250000000 -.0014571925
  .8300000000 -.0013569482
  .8350000000 -.0012400722
  .8400000000 -.0011079511
  .8450000000 -.0009623399
  .8500000000 -.0008056299
  .8550000000 -.0006422907
  .8600000000 -.0004777112
  .8650000000 -.0003208522
  .8700000000 -.0001791083
  .8750000000 -.0000672626
  .8800000000  .0000055348
  .8850000000  .0000175730
  .8900000000 -.0000443087
  .8950000000 -.0001959332
&
@ s3 color  2
@ s3 linestyle  1
@target s3
@type xy
  .4753377083 -10.000
  .4753377083  10.000
  .5246622916  10.000
  .5246622916 -10.000
&
@ s4 color  3
@ s4 linestyle  1
@ legend string 4 "(3)-(3)"
@target s4
@type xy
  .1000000000 -.0000564991
  .1050000000 -.0000205443
  .1100000000  .0000006021
  .1150000000  .0000090611
  .1200000000  .0000072766
  .1250000000 -.0000026836
  .1300000000 -.0000188950
  .1350000000 -.0000388384
  .1400000000 -.0000614775
  .1450000000 -.0000849986
  .1500000000 -.0001084848
  .1550000000 -.0001310577
  .1600000000 -.0001521363
  .1650000000 -.0001713212
  .1700000000 -.0001880761
  .1750000000 -.0002024421
  .1800000000 -.0002143776
  .1850000000 -.0002238981
  .1900000000 -.0002310787
  .1950000000 -.0002360411
  .2000000000 -.0002389417
  .2050000000 -.0002399604
  .2100000000 -.0002392905
  .2150000000 -.0002371301
  .2200000000 -.0002336752
  .2250000000 -.0002291136
  .2300000000 -.0002236209
  .2350000000 -.0002173578
  .2400000000 -.0002104450
  .2450000000 -.0002029232
  .2500000000 -.0001950564
  .2550000000 -.0001869438
  .2600000000 -.0001786671
  .2650000000 -.0001702726
  .2700000000 -.0001618148
  .2750000000 -.0001534159
  .2800000000 -.0001451043
  .2850000000 -.0001369084
  .2900000000 -.0001288884
  .2950000000 -.0001210524
  .3000000000 -.0001134221
  .3050000000 -.0001060623
  .3100000000 -.0000989186
  .3150000000 -.0000920339
  .3200000000 -.0000854518
  .3250000000 -.0000790771
  .3300000000 -.0000730327
  .3350000000 -.0000672368
  .3400000000 -.0000616682
  .3450000000 -.0000564433
  .3500000000 -.0000513797
  .3550000000 -.0000466677
  .3600000000 -.0000421328
  .3650000000 -.0000378675
  .3700000000 -.0000338292
  .3750000000 -.0000299916
  .3800000000 -.0000264138
  .3850000000 -.0000229832
  .3900000000 -.0000198284
  .3950000000 -.0000167836
  .4000000000 -.0000140143
  .4050000000 -.0000113340
  .4100000000 -.0000089144
  .4150000000 -.0000065780
  .4200000000 -.0000044741
  .4250000000 -.0000024621
  .4300000000 -.0000006428
  .4350000000  .0000010627
  .4400000000  .0000026259
  .4450000000  .0000040410
  .4500000000  .0000053741
  .4550000000  .0000065127
  .4600000000  .0000076389
  .4650000000  .0000085132
  .4700000000  .0000093774
  .4750000000  .0000091107
  .4800000000  .0000096527
  .4850000000  .0000100720
  .4900000000  .0000103698
  .4950000000  .0000105472
  .5000000000  .0000106047
  .5050000000  .0000105425
  .5100000000  .0000103604
  .5150000000  .0000100579
  .5200000000  .0000096342
  .5250000000  .0000090879
  .5300000000  .0000093607
  .5350000000  .0000084928
  .5400000000  .0000076148
  .5450000000  .0000064851
  .5500000000  .0000053430
  .5550000000  .0000040066
  .5600000000  .0000025882
  .5650000000  .0000010219
  .5700000000 -.0000006865
  .5750000000 -.0000025087
  .5800000000 -.0000045234
  .5850000000 -.0000066300
  .5900000000 -.0000089689
  .5950000000 -.0000113910
  .6000000000 -.0000140735
  .6050000000 -.0000168448
  .6100000000 -.0000198916
  .6150000000 -.0000230482
  .6200000000 -.0000264805
  .6250000000 -.0000300597
  .6300000000 -.0000338987
  .6350000000 -.0000379381
  .6400000000 -.0000422044
  .6450000000 -.0000467400
  .6500000000 -.0000514526
  .6550000000 -.0000565166
  .6600000000 -.0000617417
  .6650000000 -.0000673103
  .6700000000 -.0000731060
  .6750000000 -.0000791500
  .6800000000 -.0000855240
  .6850000000 -.0000921053
  .6900000000 -.0000989889
  .6950000000 -.0001061314
  .7000000000 -.0001134897
  .7050000000 -.0001211184
  .7100000000 -.0001289526
  .7150000000 -.0001369707
  .7200000000 -.0001451645
  .7250000000 -.0001534739
  .7300000000 -.0001618704
  .7350000000 -.0001703259
  .7400000000 -.0001787179
  .7450000000 -.0001869923
  .7500000000 -.0001951026
  .7550000000 -.0002029671
  .7600000000 -.0002104868
  .7650000000 -.0002173976
  .7700000000 -.0002236589
  .7750000000 -.0002291502
  .7800000000 -.0002337107
  .7850000000 -.0002371648
  .7900000000 -.0002393248
  .7950000000 -.0002399947
  .8000000000 -.0002389764
  .8050000000 -.0002360766
  .8100000000 -.0002311153
  .8150000000 -.0002239362
  .8200000000 -.0002144172
  .8250000000 -.0002024834
  .8300000000 -.0001881188
  .8350000000 -.0001713651
  .8400000000 -.0001521808
  .8450000000 -.0001311020
  .8500000000 -.0001085279
  .8550000000 -.0000850394
  .8600000000 -.0000615144
  .8650000000 -.0000388705
  .8700000000 -.0000189211
  .8750000000 -.0000027032
  .8800000000  .0000072629
  .8850000000  .0000090513
  .8900000000  .0000005922
  .8950000000 -.0000205608
&
@ s5 color  3
@ s5 linestyle  1
@target s5
@type xy
  .4716605719 -10.000
  .4716605719  10.000
  .5283394280  10.000
  .5283394280 -10.000
&
@ s6 color  4
@ s6 linestyle  1
@ legend string 6 "(4)-(4)"
@target s6
@type xy
  .1000000000 -.0000666356
  .1050000000 -.0000275631
  .1100000000 -.0000057041
  .1150000000  .0000016191
  .1200000000 -.0000026064
  .1250000000 -.0000158813
  .1300000000 -.0000358999
  .1350000000 -.0000597941
  .1400000000 -.0000863201
  .1450000000 -.0001134989
  .1500000000 -.0001402950
  .1550000000 -.0001657588
  .1600000000 -.0001893038
  .1650000000 -.0002105200
  .1700000000 -.0002288262
  .1750000000 -.0002443357
  .1800000000 -.0002570404
  .1850000000 -.0002669931
  .1900000000 -.0002743097
  .1950000000 -.0002791554
  .2000000000 -.0002817297
  .2050000000 -.0002822542
  .2100000000 -.0002809611
  .2150000000 -.0002780835
  .2200000000 -.0002738481
  .2250000000 -.0002684689
  .2300000000 -.0002621434
  .2350000000 -.0002550499
  .2400000000 -.0002473233
  .2450000000 -.0002390214
  .2500000000 -.0002304154
  .2550000000 -.0002216089
  .2600000000 -.0002126861
  .2650000000 -.0002036994
  .2700000000 -.0001947154
  .2750000000 -.0001858418
  .2800000000 -.0001771039
  .2850000000 -.0001685415
  .2900000000 -.0001602122
  .2950000000 -.0001521070
  .3000000000 -.0001442534
  .3050000000 -.0001367240
  .3100000000 -.0001294401
  .3150000000 -.0001224537
  .3200000000 -.0001158088
  .3250000000 -.0001093907
  .3300000000 -.0001033390
  .3350000000 -.0000975551
  .3400000000 -.0000920156
  .3450000000 -.0000868446
  .3500000000 -.0000818417
  .3550000000 -.0000772105
  .3600000000 -.0000727617
  .3650000000 -.0000685929
  .3700000000 -.0000646565
  .3750000000 -.0000609251
  .3800000000 -.0000574575
  .3850000000 -.0000541380
  .3900000000 -.0000510956
  .3950000000 -.0000481626
  .4000000000 -.0000455040
  .4050000000 -.0000429331
  .4100000000 -.0000406198
  .4150000000 -.0000383881
  .4200000000 -.0000363853
  .4250000000 -.0000344725
  .4300000000 -.0000327493
  .4350000000 -.0000311377
  .4400000000 -.0000296669
  .4450000000 -.0000283424
  .4500000000 -.0000270996
  .4550000000 -.0000260520
  .4600000000 -.0000250159
  .4650000000 -.0000242388
  .4700000000 -.0000234707
  .4750000000 -.0000233092
  .4800000000 -.0000227952
  .4850000000 -.0000223989
  .4900000000 -.0000221183
  .4950000000 -.0000219522
  .5000000000 -.0000218996
  .5050000000 -.0000219603
  .5100000000 -.0000221345
  .5150000000 -.0000224231
  .5200000000 -.0000228273
  .5250000000 -.0000233491
  .5300000000 -.0000235026
  .5350000000 -.0000242786
  .5400000000 -.0000250638
  .5450000000 -.0000261076
  .5500000000 -.0000271629
  .5550000000 -.0000284130
  .5600000000 -.0000297448
  .5650000000 -.0000312228
  .5700000000 -.0000328413
  .5750000000 -.0000345713
  .5800000000 -.0000364906
  .5850000000 -.0000384997
  .5900000000 -.0000407374
  .5950000000 -.0000430566
  .6000000000 -.0000456329
  .6050000000 -.0000482968
  .6100000000 -.0000512346
  .6150000000 -.0000542815
  .6200000000 -.0000576050
  .6250000000 -.0000610763
  .6300000000 -.0000648108
  .6350000000 -.0000687498
  .6400000000 -.0000729207
  .6450000000 -.0000773709
  .6500000000 -.0000820030
  .6550000000 -.0000870058
  .6600000000 -.0000921762
  .6650000000 -.0000977139
  .6700000000 -.0001034952
  .6750000000 -.0001095435
  .6800000000 -.0001159567
  .6850000000 -.0001225959
  .6900000000 -.0001295752
  .6950000000 -.0001368505
  .7000000000 -.0001443702
  .7050000000 -.0001522122
  .7100000000 -.0001603041
  .7150000000 -.0001686188
  .7200000000 -.0001771645
  .7250000000 -.0001858836
  .7300000000 -.0001947366
  .7350000000 -.0002036981
  .7400000000 -.0002126599
  .7450000000 -.0002215556
  .7500000000 -.0002303329
  .7550000000 -.0002389077
  .7600000000 -.0002471764
  .7650000000 -.0002548676
  .7700000000 -.0002619240
  .7750000000 -.0002682109
  .7800000000 -.0002735502
  .7850000000 -.0002777451
  .7900000000 -.0002805817
  .7950000000 -.0002818343
  .8000000000 -.0002812703
  .8050000000 -.0002786584
  .8100000000 -.0002737782
  .8150000000 -.0002664311
  .8200000000 -.0002564534
  .8250000000 -.0002437301
  .8300000000 -.0002282100
  .8350000000 -.0002099025
  .8400000000 -.0001886971
  .8450000000 -.0001651745
  .8500000000 -.0001397453
  .8550000000 -.0001129975
  .8600000000 -.0000858802
  .8650000000 -.0000594265
  .8700000000 -.0000356140
  .8750000000 -.0000156816
  .8800000000 -.0000024916
  .8850000000  .0000016587
  .8900000000 -.0000057207
  .8950000000 -.0000276052
&
@ s7 color  4
@ s7 linestyle  1
@target s7
@type xy
  .4716605719 -10.000
  .4716605719  10.000
  .5283394280  10.000
  .5283394280 -10.000
&
@ s8 color  5
@ s8 linestyle  1
@ legend string 8 "(5)-(5)"
@target s8
@type xy
  .1000000000 -.0001380935
  .1050000000 -.0000486202
  .1100000000 -.0000059819
  .1150000000 -.0000013416
  .1200000000 -.0000255488
  .1250000000 -.0000711217
  .1300000000 -.0001312715
  .1350000000 -.0001986025
  .1400000000 -.0002693554
  .1450000000 -.0003390612
  .1500000000 -.0004050679
  .1550000000 -.0004653017
  .1600000000 -.0005188564
  .1650000000 -.0005650445
  .1700000000 -.0006026203
  .1750000000 -.0006324364
  .1800000000 -.0006547965
  .1850000000 -.0006701112
  .1900000000 -.0006789119
  .1950000000 -.0006818108
  .2000000000 -.0006794660
  .2050000000 -.0006725512
  .2100000000 -.0006617306
  .2150000000 -.0006476393
  .2200000000 -.0006308689
  .2250000000 -.0006119575
  .2300000000 -.0005913846
  .2350000000 -.0005695689
  .2400000000 -.0005468321
  .2450000000 -.0005233773
  .2500000000 -.0004997230
  .2550000000 -.0004760765
  .2600000000 -.0004525984
  .2650000000 -.0004294153
  .2700000000 -.0004067245
  .2750000000 -.0003846206
  .2800000000 -.0003631295
  .2850000000 -.0003423956
  .2900000000 -.0003225079
  .2950000000 -.0003033398
  .3000000000 -.0002849781
  .3050000000 -.0002676148
  .3100000000 -.0002509421
  .3150000000 -.0002351199
  .3200000000 -.0002202419
  .3250000000 -.0002059573
  .3300000000 -.0001926535
  .3350000000 -.0001800303
  .3400000000 -.0001680252
  .3450000000 -.0001569484
  .3500000000 -.0001462726
  .3550000000 -.0001365101
  .3600000000 -.0001271730
  .3650000000 -.0001185022
  .3700000000 -.0001103691
  .3750000000 -.0001027090
  .3800000000 -.0000956487
  .3850000000 -.0000889199
  .3900000000 -.0000828087
  .3950000000 -.0000769352
  .4000000000 -.0000716594
  .4050000000 -.0000665695
  .4100000000 -.0000620273
  .4150000000 -.0000576551
  .4200000000 -.0000537569
  .4250000000 -.0000500429
  .4300000000 -.0000467112
  .4350000000 -.0000436037
  .4400000000 -.0000407720
  .4450000000 -.0000382272
  .4500000000 -.0000358384
  .4550000000 -.0000338217
  .4600000000 -.0000318269
  .4650000000 -.0000303118
  .4700000000 -.0000288142
  .4750000000 -.0000288133
  .4800000000 -.0000278856
  .4850000000 -.0000271663
  .4900000000 -.0000266540
  .4950000000 -.0000263475
  .5000000000 -.0000262460
  .5050000000 -.0000263493
  .5100000000 -.0000266576
  .5150000000 -.0000271717
  .5200000000 -.0000278926
  .5250000000 -.0000288218
  .5300000000 -.0000288324
  .5350000000 -.0000303298
  .5400000000 -.0000318448
  .5450000000 -.0000338396
  .5500000000 -.0000358565
  .5550000000 -.0000382455
  .5600000000 -.0000407906
  .5650000000 -.0000436226
  .5700000000 -.0000467306
  .5750000000 -.0000500628
  .5800000000 -.0000537773
  .5850000000 -.0000576761
  .5900000000 -.0000620490
  .5950000000 -.0000665919
  .6000000000 -.0000716825
  .6050000000 -.0000769589
  .6100000000 -.0000828331
  .6150000000 -.0000889450
  .6200000000 -.0000956743
  .6250000000 -.0001027351
  .6300000000 -.0001103956
  .6350000000 -.0001185290
  .6400000000 -.0001272001
  .6450000000 -.0001365373
  .6500000000 -.0001462998
  .6550000000 -.0001569754
  .6600000000 -.0001680517
  .6650000000 -.0001800562
  .6700000000 -.0001926786
  .6750000000 -.0002059813
  .6800000000 -.0002202644
  .6850000000 -.0002351407
  .6900000000 -.0002509608
  .6950000000 -.0002676309
  .7000000000 -.0002849915
  .7050000000 -.0003033498
  .7100000000 -.0003225141
  .7150000000 -.0003423977
  .7200000000 -.0003631269
  .7250000000 -.0003846127
  .7300000000 -.0004067109
  .7350000000 -.0004293954
  .7400000000 -.0004525716
  .7450000000 -.0004760424
  .7500000000 -.0004996811
  .7550000000 -.0005233270
  .7600000000 -.0005467731
  .7650000000 -.0005695007
  .7700000000 -.0005913070
  .7750000000 -.0006118703
  .7800000000 -.0006307719
  .7850000000 -.0006475327
  .7900000000 -.0006616146
  .7950000000 -.0006724263
  .8000000000 -.0006793328
  .8050000000 -.0006816702
  .8100000000 -.0006787652
  .8150000000 -.0006699599
  .8200000000 -.0006546425
  .8250000000 -.0006322817
  .8300000000 -.0006024675
  .8350000000 -.0005648962
  .8400000000 -.0005187157
  .8450000000 -.0004651717
  .8500000000 -.0004049515
  .8550000000 -.0003389613
  .8600000000 -.0002692743
  .8650000000 -.0001985417
  .8700000000 -.0001312312
  .8750000000 -.0000711006
  .8800000000 -.0000255432
  .8850000000 -.0000013451
  .8900000000 -.0000059851
  .8950000000 -.0000486102
&
@ s9 color  5
@ s9 linestyle  1
@target s9
@type xy
  .4716605719 -10.000
  .4716605719  10.000
  .5283394280  10.000
  .5283394280 -10.000
&
@ s10 color  1
@ s10 linestyle  2
@ legend string 10 "(6)-(6)"
@target s10
@type xy
  .1000000000 -.0001632184
  .1050000000 -.0000676886
  .1100000000 -.0000201573
  .1150000000 -.0000118825
  .1200000000 -.0000337028
  .1250000000 -.0000781057
  .1300000000 -.0001382672
  .1350000000 -.0002065458
  .1400000000 -.0002792096
  .1450000000 -.0003514999
  .1500000000 -.0004206997
  .1550000000 -.0004845991
  .1600000000 -.0005421247
  .1650000000 -.0005924921
  .1700000000 -.0006343866
  .1750000000 -.0006685389
  .1800000000 -.0006951824
  .1850000000 -.0007146688
  .1900000000 -.0007274801
  .1950000000 -.0007341883
  .2000000000 -.0007354201
  .2050000000 -.0007318259
  .2100000000 -.0007240544
  .2150000000 -.0007127317
  .2200000000 -.0006984466
  .2250000000 -.0006817395
  .2300000000 -.0006630961
  .2350000000 -.0006429447
  .2400000000 -.0006216112
  .2450000000 -.0005992707
  .2500000000 -.0005765011
  .2550000000 -.0005535268
  .2600000000 -.0005305256
  .2650000000 -.0005076218
  .2700000000 -.0004849915
  .2750000000 -.0004628030
  .2800000000 -.0004410973
  .2850000000 -.0004199922
  .2900000000 -.0003995969
  .2950000000 -.0003798360
  .3000000000 -.0003607838
  .3050000000 -.0003426193
  .3100000000 -.0003250967
  .3150000000 -.0003083556
  .3200000000 -.0002924934
  .3250000000 -.0002772017
  .3300000000 -.0002628358
  .3350000000 -.0002491316
  .3400000000 -.0002360303
  .3450000000 -.0002238325
  .3500000000 -.0002120404
  .3550000000 -.0002011493
  .3600000000 -.0001906936
  .3650000000 -.0001809088
  .3700000000 -.0001716757
  .3750000000 -.0001629291
  .3800000000 -.0001548038
  .3850000000 -.0001470272
  .3900000000 -.0001398984
  .3950000000 -.0001330254
  .4000000000 -.0001267886
  .4050000000 -.0001207556
  .4100000000 -.0001153149
  .4150000000 -.0001100629
  .4200000000 -.0001053321
  .4250000000 -.0001008075
  .4300000000 -.0000967106
  .4350000000 -.0000928664
  .4400000000 -.0000893366
  .4450000000 -.0000861335
  .4500000000 -.0000831122
  .4550000000 -.0000805196
  .4600000000 -.0000779554
  .4650000000 -.0000759510
  .4700000000 -.0000739696
  .4750000000 -.0000752939
  .4800000000 -.0000740969
  .4850000000 -.0000731678
  .4900000000 -.0000725052
  .4950000000 -.0000721083
  .5000000000 -.0000719763
  .5050000000 -.0000721091
  .5100000000 -.0000725067
  .5150000000 -.0000731700
  .5200000000 -.0000740997
  .5250000000 -.0000752972
  .5300000000 -.0000739759
  .5350000000 -.0000759577
  .5400000000 -.0000779626
  .5450000000 -.0000805276
  .5500000000 -.0000831208
  .5550000000 -.0000861430
  .5600000000 -.0000893470
  .5650000000 -.0000928777
  .5700000000 -.0000967229
  .5750000000 -.0001008208
  .5800000000 -.0001053465
  .5850000000 -.0001100783
  .5900000000 -.0001153314
  .5950000000 -.0001207732
  .6000000000 -.0001268071
  .6050000000 -.0001330449
  .6100000000 -.0001399187
  .6150000000 -.0001470481
  .6200000000 -.0001548252
  .6250000000 -.0001629508
  .6300000000 -.0001716974
  .6350000000 -.0001809303
  .6400000000 -.0001907145
  .6450000000 -.0002011691
  .6500000000 -.0002120589
  .6550000000 -.0002238488
  .6600000000 -.0002360442
  .6650000000 -.0002491421
  .6700000000 -.0002628422
  .6750000000 -.0002772033
  .6800000000 -.0002924890
  .6850000000 -.0003083445
  .6900000000 -.0003250775
  .6950000000 -.0003425907
  .7000000000 -.0003607447
  .7050000000 -.0003797846
  .7100000000 -.0003995317
  .7150000000 -.0004199116
  .7200000000 -.0004409994
  .7250000000 -.0004626856
  .7300000000 -.0004848529
  .7350000000 -.0005074600
  .7400000000 -.0005303381
  .7450000000 -.0005533113
  .7500000000 -.0005762555
  .7550000000 -.0005989929
  .7600000000 -.0006212991
  .7650000000 -.0006425962
  .7700000000 -.0006627093
  .7750000000 -.0006813130
  .7800000000 -.0006979795
  .7850000000 -.0007122233
  .7900000000 -.0007235047
  .7950000000 -.0007312358
  .8000000000 -.0007347913
  .8050000000 -.0007335236
  .8100000000 -.0007267836
  .8150000000 -.0007139459
  .8200000000 -.0006944401
  .8250000000 -.0006677856
  .8300000000 -.0006336324
  .8350000000 -.0005917485
  .8400000000 -.0005414064
  .8450000000 -.0004839201
  .8500000000 -.0004200745
  .8550000000 -.0003509439
  .8600000000 -.0002787370
  .8650000000 -.0002061672
  .8700000000 -.0001379895
  .8750000000 -.0000779287
  .8800000000 -.0000336161
  .8850000000 -.0000118631
  .8900000000 -.0000201678
  .8950000000 -.0000676733
&
@ s11 color  1
@ s11 linestyle  2
@target s11
@type xy
  .4716605719 -10.000
  .4716605719  10.000
  .5283394280  10.000
  .5283394280 -10.000
&
@ s12 color  2
@ s12 linestyle  2
@ legend string 12 "(7)-(7)"
@target s12
@type xy
  .1000000000  .0002255646
  .1050000000  .0000745065
  .1100000000  .0000285887
  .1150000000  .0000631857
  .1200000000  .0001547421
  .1250000000  .0002845986
  .1300000000  .0004362670
  .1350000000  .0005945635
  .1400000000  .0007502960
  .1450000000  .0008961647
  .1500000000  .0010268595
  .1550000000  .0011392048
  .1600000000  .0012330027
  .1650000000  .0013078258
  .1700000000  .0013617372
  .1750000000  .0013979711
  .1800000000  .0014179963
  .1850000000  .0014233812
  .1900000000  .0014158425
  .1950000000  .0013971589
  .2000000000  .0013690983
  .2050000000  .0013333588
  .2100000000  .0012915248
  .2150000000  .0012450358
  .2200000000  .0011951686
  .2250000000  .0011430295
  .2300000000  .0010895553
  .2350000000  .0010355224
  .2400000000  .0009815447
  .2450000000  .0009282181
  .2500000000  .0008761237
  .2550000000  .0008255303
  .2600000000  .0007766176
  .2650000000  .0007296340
  .2700000000  .0006850731
  .2750000000  .0006426013
  .2800000000  .0006021584
  .2850000000  .0005641709
  .2900000000  .0005286502
  .2950000000  .0004950253
  .3000000000  .0004635257
  .3050000000  .0004345578
  .3100000000  .0004071742
  .3150000000  .0003817791
  .3200000000  .0003584993
  .3250000000  .0003364518
  .3300000000  .0003165047
  .3350000000  .0002979035
  .3400000000  .0002805162
  .3450000000  .0002649307
  .3500000000  .0002500545
  .3550000000  .0002368698
  .3600000000  .0002244003
  .3650000000  .0002130907
  .3700000000  .0002026643
  .3750000000  .0001930098
  .3800000000  .0001843013
  .3850000000  .0001760991
  .3900000000  .0001688251
  .3950000000  .0001618913
  .4000000000  .0001558112
  .4050000000  .0001499826
  .4100000000  .0001448972
  .4150000000  .0001400325
  .4200000000  .0001357816
  .4250000000  .0001317630
  .4300000000  .0001282210
  .4350000000  .0001249552
  .4400000000  .0001220254
  .4450000000  .0001194454
  .4500000000  .0001170537
  .4550000000  .0001151204
  .4600000000  .0001132083
  .4650000000  .0001119114
  .4700000000  .0001106303
  .4750000000  .0001103696
  .4800000000  .0001095222
  .4850000000  .0001088681
  .4900000000  .0001084047
  .4950000000  .0001081300
  .5000000000  .0001080428
  .5050000000  .0001081425
  .5100000000  .0001084296
  .5150000000  .0001089052
  .5200000000  .0001095710
  .5250000000  .0001104294
  .5300000000  .0001107425
  .5350000000  .0001120299
  .5400000000  .0001133330
  .5450000000  .0001152517
  .5500000000  .0001171916
  .5550000000  .0001195901
  .5600000000  .0001221771
  .5650000000  .0001251139
  .5700000000  .0001283869
  .5750000000  .0001319362
  .5800000000  .0001359620
  .5850000000  .0001402202
  .5900000000  .0001450920
  .5950000000  .0001501846
  .6000000000  .0001560200
  .6050000000  .0001621071
  .6100000000  .0001690472
  .6150000000  .0001763276
  .6200000000  .0001845354
  .6250000000  .0001932494
  .6300000000  .0002029086
  .6350000000  .0002133391
  .6400000000  .0002246521
  .6450000000  .0002371238
  .6500000000  .0002503102
  .6550000000  .0002651863
  .6600000000  .0002807711
  .6650000000  .0002981555
  .6700000000  .0003167526
  .6750000000  .0003366940
  .6800000000  .0003587330
  .6850000000  .0003820028
  .6900000000  .0004073851
  .6950000000  .0004347530
  .7000000000  .0004637031
  .7050000000  .0004951809
  .7100000000  .0005287806
  .7150000000  .0005642730
  .7200000000  .0006022280
  .7250000000  .0006426338
  .7300000000  .0006850647
  .7350000000  .0007295805
  .7400000000  .0007765135
  .7450000000  .0008253707
  .7500000000  .0008759040
  .7550000000  .0009279337
  .7600000000  .0009811909
  .7650000000  .0010350942
  .7700000000  .0010890486
  .7750000000  .0011424406
  .7800000000  .0011944947
  .7850000000  .0012442747
  .7900000000  .0012906757
  .7950000000  .0013324221
  .8000000000  .0013680762
  .8050000000  .0013960556
  .8100000000  .0014146645
  .8150000000  .0014221376
  .8200000000  .0014166990
  .8250000000  .0013966350
  .8300000000  .0013603804
  .8350000000  .0013064692
  .8400000000  .0012316735
  .8450000000  .0011379294
  .8500000000  .0010256657
  .8550000000  .0008950828
  .8600000000  .0007493550
  .8650000000  .0005937868
  .8700000000  .0004356736
  .8750000000  .0002841954
  .8800000000  .0001545204
  .8850000000  .0000631163
  .8900000000  .0000286190
  .8950000000  .0000745536
&
@ s13 color  2
@ s13 linestyle  2
@target s13
@type xy
  .4716605719 -10.000
  .4716605719  10.000
  .5283394280  10.000
  .5283394280 -10.000
&
@ s14 color  3
@ s14 linestyle  2
@ legend string 14 "(8)-(9)"
@target s14
@type xy
  .1000000000 -.0002440841
  .1050000000  .0003376874
  .1100000000  .0006181423
  .1150000000  .0006380934
  .1200000000  .0004426377
  .1250000000  .0000788560
  .1300000000 -.0003877722
  .1350000000 -.0009250870
  .1400000000 -.0014848672
  .1450000000 -.0020399873
  .1500000000 -.0025647352
  .1550000000 -.0030396275
  .1600000000 -.0034502662
  .1650000000 -.0037930116
  .1700000000 -.0040637974
  .1750000000 -.0042611888
  .1800000000 -.0043793074
  .1850000000 -.0044290353
  .1900000000 -.0044151021
  .1950000000 -.0043430512
  .2000000000 -.0042190615
  .2050000000 -.0040496464
  .2100000000 -.0038413900
  .2150000000 -.0036007267
  .2200000000 -.0033337657
  .2250000000 -.0030461609
  .2300000000 -.0027414043
  .2350000000 -.0024252551
  .2400000000 -.0021033469
  .2450000000 -.0017792365
  .2500000000 -.0014558373
  .2550000000 -.0011354713
  .2600000000 -.0008205736
  .2650000000 -.0005139455
  .2700000000 -.0002165227
  .2750000000  .0000711879
  .2800000000  .0003457105
  .2850000000  .0006072712
  .2900000000  .0008572251
  .2950000000  .0010935559
  .3000000000  .0013136875
  .3050000000  .0015224037
  .3100000000  .0017171621
  .3150000000  .0018955336
  .3200000000  .0020639024
  .3250000000  .0022163244
  .3300000000  .0023558260
  .3350000000  .0024864113
  .3400000000  .0025984398
  .3450000000  .0027035520
  .3500000000  .0027942115
  .3550000000  .0028747384
  .3600000000  .0029458157
  .3650000000  .0030035657
  .3700000000  .0030559739
  .3750000000  .0030927203
  .3800000000  .0031269308
  .3850000000  .0031447287
  .3900000000  .0031606656
  .3950000000  .0031618703
  .4000000000  .0031609859
  .4050000000  .0031461130
  .4100000000  .0031296970
  .4150000000  .0030990695
  .4200000000  .0030682612
  .4250000000  .0030219732
  .4300000000  .0029762265
  .4350000000  .0029156747
  .4400000000  .0028542626
  .4450000000  .0027806594
  .4500000000  .0027030949
  .4550000000  .0026170868
  .4600000000  .0025225263
  .4650000000  .0024248581
  .4700000000  .0023120417
  .4750000000  .0022004191
  .4800000000  .0020708967
  .4850000000  .0019394518
  .4900000000  .0017071637
  .4950000000  .0015405663
  .5000000000  .0013616118
  .5050000000  .0011699039
  .5100000000  .0009649865
  .5150000000  .0007463343
  .5200000000  .0005133427
  .5250000000  .0002653165
  .5300000000  .0000014580
  .5350000000 -.0002791462
  .5400000000 -.0005775386
  .5450000000 -.0008949041
  .5500000000 -.0012325832
  .5550000000 -.0015920846
  .5600000000 -.0019750959
  .5650000000 -.0023834933
  .5700000000 -.0028193468
  .5750000000 -.0032849239
  .5800000000 -.0037826870
  .5850000000 -.0043152864
  .5900000000 -.0049153460
  .5950000000 -.0055247555
  .6000000000 -.0061592853
  .6050000000 -.0068531016
  .6100000000 -.0075772295
  .6150000000 -.0083678072
  .6200000000 -.0091992652
  .6250000000 -.0101009103
  .6300000000 -.0110612567
  .6350000000 -.0120904026
  .6400000000 -.0132055982
  .6450000000 -.0143809850
  .6500000000 -.0156819804
  .6550000000 -.0170362758
  .6600000000 -.0185482031
  .6650000000 -.0201446759
  .6700000000 -.0218710748
  .6750000000 -.0237569806
  .6800000000 -.0257453648
  .6850000000 -.0279576486
  .6900000000 -.0303228142
  .6950000000 -.0328432372
  .7000000000 -.0356546938
  .7050000000 -.0386538450
  .7100000000 -.0418612596
  .7150000000 -.0454363953
  .7200000000 -.0492707212
  .7250000000 -.0533888857
  .7300000000 -.0579018047
  .7350000000 -.0628276374
  .7400000000 -.0681407528
  .7450000000 -.0738794998
  .7500000000 -.0801330600
  .7550000000 -.0869875182
  .7600000000 -.0944089594
  .7650000000 -.1024515356
  .7700000000 -.1111741204
  .7750000000 -.1206402702
  .7800000000 -.1309180629
  .7850000000 -.1421107190
  .7900000000 -.1542802213
  .7950000000 -.1674712218
  .8000000000 -.1817629145
  .8050000000 -.1972361297
  .8100000000 -.2139721476
  .8150000000 -.2320512608
  .8200000000 -.2516036339
  .8250000000 -.2726892790
  .8300000000 -.2953478826
  .8350000000 -.3196301064
  .8400000000 -.3455727121
  .8450000000 -.3732191985
  .8500000000 -.4026434597
  .8550000000 -.4336863103
  .8600000000 -.4662964430
  .8650000000 -.5003443305
  .8700000000 -.5355956784
  .8750000000 -.5717075721
  .8800000000 -.6083037794
  .8850000000 -.6449026139
  .8900000000 -.6806115814
  .8950000000 -.7147671885
&
@ s15 color  3
@ s15 linestyle  2
@target s15
@type xy
  .4877774114 -10.000
  .4877774114  10.000
  .5885611469  10.000
  .5885611469 -10.000
&
@ s16 color  4
@ s16 linestyle  2
@ legend string 16 "(9)-(10)"
@target s16
@type xy
  .1000000000 -.7245570866
  .1050000000 -.6936148664
  .1100000000 -.6604624767
  .1150000000 -.6258700165
  .1200000000 -.5906864894
  .1250000000 -.5555795679
  .1300000000 -.5209455107
  .1350000000 -.4872136171
  .1400000000 -.4546453786
  .1450000000 -.4234386810
  .1500000000 -.3937653738
  .1550000000 -.3656387291
  .1600000000 -.3391135443
  .1650000000 -.3142837571
  .1700000000 -.2910248047
  .1750000000 -.2692995272
  .1800000000 -.2490585033
  .1850000000 -.2302425773
  .1900000000 -.2127852158
  .1950000000 -.1966146651
  .2000000000 -.1816558860
  .2050000000 -.1678322528
  .2100000000 -.1550670127
  .2150000000 -.1432845086
  .2200000000 -.1324111758
  .2250000000 -.1223763254
  .2300000000 -.1131127363
  .2350000000 -.1045570728
  .2400000000 -.0966501532
  .2450000000 -.0893370889
  .2500000000 -.0826287812
  .2550000000 -.0764737844
  .2600000000 -.0707700164
  .2650000000 -.0654773859
  .2700000000 -.0605716172
  .2750000000 -.0561272031
  .2800000000 -.0519872700
  .2850000000 -.0481251257
  .2900000000 -.0445885627
  .2950000000 -.0413379428
  .3000000000 -.0382898027
  .3050000000 -.0354835970
  .3100000000 -.0329130339
  .3150000000 -.0304884358
  .3200000000 -.0282732117
  .3250000000 -.0262198366
  .3300000000 -.0242713808
  .3350000000 -.0225306479
  .3400000000 -.0208701502
  .3450000000 -.0193405229
  .3500000000 -.0179228689
  .3550000000 -.0165792716
  .3600000000 -.0153657167
  .3650000000 -.0141934344
  .3700000000 -.0131433169
  .3750000000 -.0121296136
  .3800000000 -.0112078797
  .3850000000 -.0103275107
  .3900000000 -.0095184275
  .3950000000 -.0087502464
  .4000000000 -.0080400709
  .4050000000 -.0073664995
  .4100000000 -.0067433130
  .4150000000 -.0061208494
  .4200000000 -.0055649046
  .4250000000 -.0050449962
  .4300000000 -.0045586019
  .4350000000 -.0041033520
  .4400000000 -.0036770428
  .4450000000 -.0032776453
  .4500000000 -.0029033078
  .4550000000 -.0025523546
  .4600000000 -.0022232809
  .4650000000 -.0019147458
  .4700000000 -.0016255618
  .4750000000 -.0013546847
  .4800000000 -.0011012013
  .4850000000 -.0008643177
  .4900000000 -.0006433473
  .4950000000 -.0004376997
  .5000000000 -.0002468709
  .5050000000 -.0000704337
  .5100000000  .0000919691
  .5150000000  .0002406314
  .5200000000  .0003757874
  .5250000000  .0004976150
  .5300000000  .0006062366
  .5350000000  .0007017193
  .5400000000  .0007840733
  .5450000000  .0008532497
  .5500000000  .0009376321
  .5550000000  .0009689550
  .5600000000  .0010006318
  .5650000000  .0010121976
  .5700000000  .0010183600
  .5750000000  .0010084128
  .5800000000  .0009883960
  .5850000000  .0009546238
  .5900000000  .0009071992
  .5950000000  .0008468609
  .6000000000  .0007702863
  .6050000000  .0006800989
  .6100000000  .0005721568
  .6150000000  .0004482104
  .6200000000  .0003062383
  .6250000000  .0001439337
  .6300000000 -.0000351510
  .6350000000 -.0002411407
  .6400000000 -.0004608184
  .6450000000 -.0007165610
  .6500000000 -.0009846982
  .6550000000 -.0012929748
  .6600000000 -.0016215210
  .6650000000 -.0019820507
  .6700000000 -.0023788946
  .6750000000 -.0027980181
  .6800000000 -.0032698737
  .6850000000 -.0037705880
  .6900000000 -.0043080289
  .6950000000 -.0048991064
  .7000000000 -.0055250163
  .7050000000 -.0061971262
  .7100000000 -.0069267822
  .7150000000 -.0076989894
  .7200000000 -.0085182012
  .7250000000 -.0094050149
  .7300000000 -.0103405035
  .7350000000 -.0113270974
  .7400000000 -.0123701119
  .7450000000 -.0134759623
  .7500000000 -.0146329086
  .7550000000 -.0158405652
  .7600000000 -.0170974469
  .7650000000 -.0184007926
  .7700000000 -.0197457128
  .7750000000 -.0211213070
  .7800000000 -.0225187918
  .7850000000 -.0239268526
  .7900000000 -.0253313374
  .7950000000 -.0267149918
  .8000000000 -.0280572583
  .8050000000 -.0293341634
  .8100000000 -.0305183162
  .8150000000 -.0315790402
  .8200000000 -.0324826594
  .8250000000 -.0331929570
  .8300000000 -.0336718200
  .8350000000 -.0338497295
  .8400000000 -.0336942746
  .8450000000 -.0331807368
  .8500000000 -.0322761642
  .8550000000 -.0308858540
  .8600000000 -.0290454778
  .8650000000 -.0267361057
  .8700000000 -.0239530167
  .8750000000 -.0207623384
  .8800000000 -.0172256635
  .8850000000 -.0134637110
  .8900000000 -.0096513220
  .8950000000 -.0060254335
&
@ s17 color  4
@ s17 linestyle  2
@target s17
@type xy
  .4132226436 -10.000
  .4132226436  10.000
  .5499477409  10.000
  .5499477409 -10.000
&
@ s18 color  5
@ s18 linestyle  2
@ legend string 18 "(10)-(9)"
@target s18
@type xy
  .1000000000 -.0029201020
  .1050000000 -.0060254335
  .1100000000 -.0096513220
  .1150000000 -.0134637110
  .1200000000 -.0172256635
  .1250000000 -.0207623384
  .1300000000 -.0239530167
  .1350000000 -.0267361057
  .1400000000 -.0290454778
  .1450000000 -.0308858540
  .1500000000 -.0322761642
  .1550000000 -.0331807368
  .1600000000 -.0336942746
  .1650000000 -.0338497295
  .1700000000 -.0336718200
  .1750000000 -.0331929570
  .1800000000 -.0324826594
  .1850000000 -.0315790402
  .1900000000 -.0305183162
  .1950000000 -.0293341634
  .2000000000 -.0280572583
  .2050000000 -.0267149918
  .2100000000 -.0253313374
  .2150000000 -.0239268526
  .2200000000 -.0225187918
  .2250000000 -.0211213070
  .2300000000 -.0197457128
  .2350000000 -.0184007926
  .2400000000 -.0170974469
  .2450000000 -.0158405652
  .2500000000 -.0146329086
  .2550000000 -.0134759623
  .2600000000 -.0123701119
  .2650000000 -.0113270974
  .2700000000 -.0103405035
  .2750000000 -.0094050149
  .2800000000 -.0085182012
  .2850000000 -.0076989894
  .2900000000 -.0069267822
  .2950000000 -.0061971262
  .3000000000 -.0055250163
  .3050000000 -.0048991064
  .3100000000 -.0043080289
  .3150000000 -.0037705880
  .3200000000 -.0032698737
  .3250000000 -.0027980181
  .3300000000 -.0023788946
  .3350000000 -.0019820507
  .3400000000 -.0016215210
  .3450000000 -.0012929748
  .3500000000 -.0009846982
  .3550000000 -.0007165610
  .3600000000 -.0004608184
  .3650000000 -.0002411407
  .3700000000 -.0000351510
  .3750000000  .0001439337
  .3800000000  .0003062383
  .3850000000  .0004482104
  .3900000000  .0005721568
  .3950000000  .0006800989
  .4000000000  .0007702863
  .4050000000  .0008468609
  .4100000000  .0009071992
  .4150000000  .0009546238
  .4200000000  .0009883960
  .4250000000  .0010084128
  .4300000000  .0010183600
  .4350000000  .0010121976
  .4400000000  .0010006318
  .4450000000  .0009689550
  .4500000000  .0009376321
  .4550000000  .0008532497
  .4600000000  .0007840733
  .4650000000  .0007017193
  .4700000000  .0006062366
  .4750000000  .0004976150
  .4800000000  .0003757874
  .4850000000  .0002406314
  .4900000000  .0000919691
  .4950000000 -.0000704337
  .5000000000 -.0002468709
  .5050000000 -.0004376997
  .5100000000 -.0006433473
  .5150000000 -.0008643177
  .5200000000 -.0011012013
  .5250000000 -.0013546847
  .5300000000 -.0016255618
  .5350000000 -.0019147458
  .5400000000 -.0022232809
  .5450000000 -.0025523546
  .5500000000 -.0029033078
  .5550000000 -.0032776453
  .5600000000 -.0036770428
  .5650000000 -.0041033520
  .5700000000 -.0045586019
  .5750000000 -.0050449962
  .5800000000 -.0055649046
  .5850000000 -.0061208494
  .5900000000 -.0067433130
  .5950000000 -.0073664995
  .6000000000 -.0080400709
  .6050000000 -.0087502464
  .6100000000 -.0095184275
  .6150000000 -.0103275107
  .6200000000 -.0112078797
  .6250000000 -.0121296136
  .6300000000 -.0131433169
  .6350000000 -.0141934344
  .6400000000 -.0153657167
  .6450000000 -.0165792716
  .6500000000 -.0179228689
  .6550000000 -.0193405229
  .6600000000 -.0208701502
  .6650000000 -.0225306479
  .6700000000 -.0242713808
  .6750000000 -.0262198366
  .6800000000 -.0282732117
  .6850000000 -.0304884358
  .6900000000 -.0329130339
  .6950000000 -.0354835970
  .7000000000 -.0382898027
  .7050000000 -.0413379428
  .7100000000 -.0445885627
  .7150000000 -.0481251257
  .7200000000 -.0519872700
  .7250000000 -.0561272031
  .7300000000 -.0605716172
  .7350000000 -.0654773859
  .7400000000 -.0707700164
  .7450000000 -.0764737844
  .7500000000 -.0826287812
  .7550000000 -.0893370889
  .7600000000 -.0966501532
  .7650000000 -.1045570728
  .7700000000 -.1131127363
  .7750000000 -.1223763254
  .7800000000 -.1324111758
  .7850000000 -.1432845086
  .7900000000 -.1550670127
  .7950000000 -.1678322528
  .8000000000 -.1816558860
  .8050000000 -.1966146651
  .8100000000 -.2127852158
  .8150000000 -.2302425773
  .8200000000 -.2490585033
  .8250000000 -.2692995272
  .8300000000 -.2910248047
  .8350000000 -.3142837571
  .8400000000 -.3391135443
  .8450000000 -.3656387291
  .8500000000 -.3937653738
  .8550000000 -.4234386810
  .8600000000 -.4546453786
  .8650000000 -.4872136171
  .8700000000 -.5209455107
  .8750000000 -.5555795679
  .8800000000 -.5906864894
  .8850000000 -.6258700165
  .8900000000 -.6604624767
  .8950000000 -.6936148664
&
@ s19 color  5
@ s19 linestyle  2
@target s19
@type xy
  .4500522590 -10.000
  .4500522590  10.000
  .5867773563  10.000
  .5867773563 -10.000
&
