  Type    Harmonic   (l)             Total
     1
                 0     0  1166.24961653312
                 1     1 -.175071742876310
                 2     1  .000003384995603
                 3     1 -.000006845544292
                 4     2 -.000018550597833
                 5     2 -.000019330487044
                 6     2 -.031149871866997
                 7     2 -.000106574507690
                 8     2 -.054087108991656
                 9     3  .004406534005131
                10     3  .000011049513701
                11     3  .003427616975936
                12     3  .019894699518974
                13     3  .000006153979223
                14     3 -.015389821829587
                15     3  .000023628580898
                16     4  .000015843913525
                17     4 -.030650129987483
                18     4  .000006012741685
                19     4  .027099028384146
                20     4 -.023505483495413
                21     4 -.000070637509664
                22     4 -.034998606835842
                23     4  .000019384126446
                24     4 -.046358826912312
                25     5  .018303959430566
                26     5 -.000005664651683
                27     5  .013628552269777
                28     5  .000000809606617
                29     5  .012617869705903
                30     5 -.020335948697863
                31     5  .000001011639555
                32     5 -.011914371225379
                33     5 -.000005180903092
                34     5  .030925782873047
                35     5 -.000009064329475
                36     6 -.000003352667299
                37     6  .024402015475476
                38     6 -.000002325602716
                39     6 -.001892484396363
                40     6  .000000038604334
                41     6 -.018029801767160
                42     6  .025057867862626
                43     6 -.000001633007996
                44     6 -.063700816622690
                45     6 -.000001619141026
                46     6 -.008911523990387
                47     6  .000006354904268
                48     6 -.034556171363788
                49     7 -.005884146550960
                50     7  .000001256272402
                51     7 -.005574947087932
                52     7  .000001931654024
                53     7 -.001761364979573
                54     7  .000001328853303
                55     7 -.005167725199419
                56     7  .008026329237907
                57     7 -.000000037829593
                58     7  .007851323655319
                59     7 -.000000133034682
                60     7 -.001932358804458
                61     7  .000000988277803
                62     7 -.014812400815073
                63     7  .000000896732098
                64     8  .000000337121449
                65     8 -.006514187869000
                66     8  .000000110563820
                67     8 -.001831419620657
                68     8  .000000221216328
                69     8  .002237209933845
                70     8  .000000016528725
                71     8  .004463889377963
                72     8  .005608321939475
                73     8  .000002787252621
                74     8 -.002695384569648
                75     8 -.000003720901873
                76     8 -.014796870809802
                77     8 -.000000849324165
                78     8  .005041973639931
                79     8 -.000000452898856
                80     8 -.005722507967925
     2
                 0     0  1166.21431901650
                 1     1  .004725547969898
                 2     1  .000000159168908
                 3     1  .000000704694577
                 4     2 -.000039875509746
                 5     2  .000036978018511
                 6     2 -.001746420789925
                 7     2 -.000095271415885
                 8     2 -.003335254787131
                 9     3  .000818406318328
                10     3 -.000000156694665
                11     3  .000638104381994
                12     3 -.001053816063917
                13     3 -.000000415668645
                14     3  .000809821990948
                15     3 -.000001783709529
                16     4  .000034203498053
                17     4 -.054577381345453
                18     4  .000013058726325
                19     4  .048167015623411
                20     4 -.016403415863371
                21     4 -.000067649040887
                22     4 -.024283945951472
                23     4  .000009439018936
                24     4 -.032274670193433
                25     5 -.000127012234414
                26     5 -.000000205688398
                27     5 -.000076369175887
                28     5 -.000000093000961
                29     5 -.000079141905236
                30     5  .000350338194068
                31     5 -.000000071539300
                32     5  .000215838984383
                33     5  .000000229075679
                34     5 -.000538779541454
                35     5  .000000420031989
                36     6 -.000006974510391
                37     6  .044152864381897
                38     6 -.000004859986085
                39     6 -.003416593403346
                40     6  .000000175907044
                41     6 -.032612014402166
                42     6  .018500546651431
                43     6 -.000000903947738
                44     6 -.069548414367742
                45     6  .000000504973655
                46     6 -.017550712813154
                47     6  .000009540412281
                48     6 -.045427768062258
                49     7  .000465454482834
                50     7  .000000249898278
                51     7  .000305945370626
                52     7 -.000000018923239
                53     7  .000359096687006
                54     7 -.000000081118733
                55     7  .000259256782157
                56     7 -.000198742912246
                57     7  .000000163506363
                58     7 -.000199888761929
                59     7  .000000185230970
                60     7  .000051156193759
                61     7 -.000000093937873
                62     7  .000372346875580
                63     7  .000000129190957
                64     8  .000000424580955
                65     8 -.012044484395123
                66     8  .000000296181286
                67     8 -.003383333488044
                68     8  .000000288048346
                69     8  .004139744767578
                70     8 -.000000088441898
                71     8  .008259325274614
                72     8  .007194285056892
                73     8  .000001547012016
                74     8 -.001945744848008
                75     8 -.000002271437671
                76     8 -.015745765111425
                77     8 -.000000688722983
                78     8  .007091983725770
                79     8 -.000000427081357
                80     8 -.004747034543451
     3
                 0     0  1166.21831483386
                 1     1  .010542423056493
                 2     1  .000006710464521
                 3     1 -.000000222584648
                 4     2 -.000037557016441
                 5     2 -.000016844654328
                 6     2 -.002741107776416
                 7     2 -.000097234784009
                 8     2 -.005035454661146
                 9     3 -.000524666759031
                10     3 -.000000731185279
                11     3 -.000374101852882
                12     3 -.001451811593175
                13     3  .000000089407011
                14     3  .001122863494217
                15     3  .000000256707062
                16     4  .000032376674281
                17     4 -.051281416266358
                18     4  .000012330802956
                19     4  .045299878613546
                20     4 -.017198488609287
                21     4 -.000068038284779
                22     4 -.025528309610791
                23     4  .000011432742903
                24     4 -.033922341941062
                25     5 -.001483253078957
                26     5  .000000325890345
                27     5 -.001089009089232
                28     5 -.000000136253269
                29     5 -.001022346138327
                30     5  .001506102340163
                31     5  .000000062568222
                32     5  .000879617323329
                33     5 -.000000148799486
                34     5 -.002279943610682
                35     5 -.000000099049632
                36     6 -.000007006464629
                37     6  .042421821750665
                38     6 -.000004686888404
                39     6 -.003304167176528
                40     6 -.000000088999407
                41     6 -.031345400153455
                42     6  .019429624004163
                43     6 -.000000593993969
                44     6 -.069261675496608
                45     6  .000001114558172
                46     6 -.016587921359852
                47     6  .000009659514662
                48     6 -.044351242543931
                49     7  .000141253594822
                50     7 -.000000049217539
                51     7  .000251182173809
                52     7  .000000010477323
                53     7 -.000169956779334
                54     7  .000000017755561
                55     7  .000252675424525
                56     7 -.000511161974282
                57     7  .000000003221927
                58     7 -.000494689988715
                59     7 -.000000031665510
                60     7  .000119957229572
                61     7  .000000088373500
                62     7  .000939405461115
                63     7  .000000007440859
                64     8  .000000507281919
                65     8 -.011520221538646
                66     8  .000000276777888
                67     8 -.003238415341163
                68     8  .000000324567886
                69     8  .003957622559419
                70     8 -.000000035044062
                71     8  .007897603031173
                72     8  .007027372144467
                73     8  .000001456753031
                74     8 -.002023760425569
                75     8 -.000002036248177
                76     8 -.015647158245060
                77     8 -.000000634124811
                78     8  .006873216287091
                79     8 -.000000566463280
                80     8 -.004853086081612
     4
                 0     0  1166.22033506622
                 1     1 -.001736966433311
                 2     1 -.000006781381675
                 3     1 -.000000150328576
                 4     2 -.000037150264340
                 5     2 -.000010809639383
                 6     2 -.004384760050323
                 7     2 -.000097641480086
                 8     2 -.008046577380384
                 9     3 -.000064869340484
                10     3  .000000340286639
                11     3 -.000049609970899
                12     3  .000158288599222
                13     3 -.000000009570635
                14     3 -.000113505150028
                15     3 -.000000296290603
                16     4  .000032596296273
                17     4 -.049908003795760
                18     4  .000012355117165
                19     4  .044080075436871
                20     4 -.017775681992478
                21     4 -.000068484036062
                22     4 -.026242900036972
                23     4  .000010657228715
                24     4 -.034999043902590
                25     5  .000151012102397
                26     5 -.000000236292617
                27     5  .000122537009031
                28     5 -.000000035860515
                29     5  .000110485446565
                30     5 -.000229853169765
                31     5 -.000000061519080
                32     5 -.000138156260428
                33     5 -.000000046200208
                34     5  .000341835890017
                35     5 -.000000075988619
                36     6 -.000007039309971
                37     6  .041296292891900
                38     6 -.000004740034288
                39     6 -.003214969091532
                40     6  .000000021995028
                41     6 -.030512066033078
                42     6  .019738985428080
                43     6 -.000000643249171
                44     6 -.069104976971076
                45     6  .000001082124752
                46     6 -.016224437513397
                47     6  .000009929287563
                48     6 -.043944425804774
                49     7 -.000025271399067
                50     7  .000000029386043
                51     7 -.000042593984653
                52     7 -.000000021569516
                53     7  .000015348691851
                54     7 -.000000030689589
                55     7 -.000039174825309
                56     7  .000075971290346
                57     7  .000000058765366
                58     7  .000075053946581
                59     7  .000000084096835
                60     7 -.000017163615868
                61     7  .000000048434125
                62     7 -.000134690483466
                63     7  .000000094467551
                64     8  .000000595368080
                65     8 -.011269233808495
                66     8  .000000259163639
                67     8 -.003168649268297
                68     8  .000000359399696
                69     8  .003871096959495
                70     8 -.000000005286914
                71     8  .007726702010692
                72     8  .006933997957631
                73     8  .000001564585195
                74     8 -.002007421001320
                75     8 -.000002041817059
                76     8 -.015495898730357
                77     8 -.000000579032808
                78     8  .006789765482978
                79     8 -.000000601541292
                80     8 -.004828071225903
     5
                 0     0  1166.21920186465
                 1     1 -.002329537786402
                 2     1  .000001593789068
                 3     1  .000000044853210
                 4     2 -.000037226080919
                 5     2  .000012185453647
                 6     2 -.003739951431492
                 7     2 -.000096749003843
                 8     2 -.006972477865193
                 9     3  .000151986704225
                10     3  .000000759162002
                11     3  .000107634429869
                12     3  .000386472203222
                13     3 -.000000001020479
                14     3 -.000273736722600
                15     3  .000000000397849
                16     4  .000032222310061
                17     4 -.050616531566092
                18     4  .000012277832457
                19     4  .044710978720953
                20     4 -.017581860683989
                21     4 -.000068935532482
                22     4 -.025926217704777
                23     4  .000010311791572
                24     4 -.034644486938153
                25     5  .000288891480184
                26     5 -.000000277382227
                27     5  .000223920071026
                28     5  .000000117828111
                29     5  .000211799644213
                30     5 -.000325598359597
                31     5  .000000016852540
                32     5 -.000185683311601
                33     5 -.000000005258442
                34     5  .000482015822156
                35     5  .000000018734628
                36     6 -.000007124938127
                37     6  .041809221008835
                38     6 -.000004623091794
                39     6 -.003245845116403
                40     6 -.000000195157399
                41     6 -.030889436624436
                42     6  .019557685963413
                43     6 -.000000680927845
                44     6 -.069216350145948
                45     6  .000001049658939
                46     6 -.016425572788464
                47     6  .000010095574108
                48     6 -.044188718376296
                49     7 -.000061737819964
                50     7 -.000000014500590
                51     7 -.000063668359689
                52     7 -.000000105791511
                53     7  .000013601604622
                54     7 -.000000088647624
                55     7 -.000070714808360
                56     7  .000124310367992
                57     7  .000000077129113
                58     7  .000120261295937
                59     7  .000000057178315
                60     7 -.000029382984743
                61     7 -.000000092315734
                62     7 -.000233623532658
                63     7 -.000000013405118
                64     8  .000000601794512
                65     8 -.011397038747639
                66     8  .000000216527840
                67     8 -.003201846253013
                68     8  .000000426422000
                69     8  .003917319171553
                70     8  .000000020037964
                71     8  .007814036379298
                72     8  .006974148701225
                73     8  .000001544966673
                74     8 -.001999176125591
                75     8 -.000001995361526
                76     8 -.015553357368952
                77     8 -.000000552960432
                78     8  .006838758019933
                79     8 -.000000568043374
                80     8 -.004831740495349
     6
                 0     0  1166.21707128011
                 1     1 -.003941065754822
                 2     1  .000010705489566
                 3     1  .000000799286573
                 4     2 -.000036429014608
                 5     2 -.000028193650647
                 6     2 -.002816585863454
                 7     2 -.000096474596949
                 8     2 -.005311364373553
                 9     3  .000042385063481
                10     3  .000000047132326
                11     3 -.000005792946874
                12     3  .000705266099657
                13     3 -.000000023252437
                14     3 -.000541957653427
                15     3 -.000000023853823
                16     4  .000031945850554
                17     4 -.051990832061961
                18     4  .000012192505388
                19     4  .045922376202919
                20     4 -.017127871476618
                21     4 -.000067841846157
                22     4 -.025293415731990
                23     4  .000010604144973
                24     4 -.033723920170845
                25     5  .000592564505990
                26     5  .000000279810262
                27     5  .000448049920110
                28     5  .000000147653359
                29     5  .000431920897998
                30     5 -.000652385642138
                31     5  .000000217516120
                32     5 -.000381062010441
                33     5  .000000027088680
                34     5  .000996268585010
                35     5  .000000204080645
                36     6 -.000007038461358
                37     6  .042633881508113
                38     6 -.000004690332386
                39     6 -.003324917583889
                40     6 -.000000046978116
                41     6 -.031504669757265
                42     6  .019331611625941
                43     6 -.000000421110242
                44     6 -.069364348158979
                45     6  .000001454043405
                46     6 -.016719155146353
                47     6  .000009700952654
                48     6 -.044524292452985
                49     7 -.000090840706102
                50     7 -.000000200653346
                51     7 -.000111125301621
                52     7  .000000394699998
                53     7  .000044940694227
                54     7  .000000386903861
                55     7 -.000117933051486
                56     7  .000200831716043
                57     7 -.000000087665541
                58     7  .000200295260124
                59     7 -.000000101647362
                60     7 -.000047100533523
                61     7  .000000136423002
                62     7 -.000380383906510
                63     7  .000000028993246
                64     8  .000000709551725
                65     8 -.011563038888268
                66     8  .000000353103054
                67     8 -.003251404072633
                68     8  .000000422702004
                69     8  .003971398808575
                70     8  .000000033202419
                71     8  .007928849594913
                72     8  .007044718494885
                73     8  .000001421714247
                74     8 -.002017716923120
                75     8 -.000002190167225
                76     8 -.015699354981254
                77     8 -.000000719040307
                78     8  .006905347607834
                79     8 -.000000433960267
                80     8 -.004870868407250
     7
                 0     0  1166.22152081977
                 1     1  .017296118198633
                 2     1  .000003894699286
                 3     1 -.000000745673592
                 4     2 -.000039223783511
                 5     2 -.000011350727470
                 6     2 -.004859112474537
                 7     2 -.000098636198794
                 8     2 -.008799014166501
                 9     3 -.000275217975186
                10     3 -.000000871702573
                11     3 -.000209866222699
                12     3 -.002184278061918
                13     3  .000000365010361
                14     3  .001738402646675
                15     3  .000001459555843
                16     4  .000034401103268
                17     4 -.050135963475663
                18     4  .000013130314414
                19     4  .044299466264879
                20     4 -.017725278210538
                21     4 -.000068756999061
                22     4 -.026198847480933
                23     4  .000010548594401
                24     4 -.034895709829993
                25     5 -.001969274966295
                26     5 -.000000313753011
                27     5 -.001481027638220
                28     5 -.000000392016972
                29     5 -.001367347549344
                30     5  .002183746410319
                31     5 -.000000014688167
                32     5  .001280860627421
                33     5 -.000000360849873
                34     5 -.003338144219560
                35     5 -.000000850344722
                36     6 -.000007329929995
                37     6  .040932863035440
                38     6 -.000004922083284
                39     6 -.003177146981861
                40     6 -.000000020016087
                41     6 -.030242786450352
                42     6  .019892741771694
                43     6 -.000001000123184
                44     6 -.069038236682335
                45     6  .000000524283941
                46     6 -.016058381633936
                47     6  .000010412659550
                48     6 -.043760446236310
                49     7  .000444522068176
                50     7  .000000565596561
                51     7  .000542904985046
                52     7 -.000000353678681
                53     7 -.000048247023484
                54     7 -.000000439976503
                55     7  .000522390370167
                56     7 -.000901198786225
                57     7  .000000089337447
                58     7 -.000880596539157
                59     7  .000000117704058
                60     7  .000212913552018
                61     7 -.000000090905259
                62     7  .001657516552174
                63     7  .000000156683940
                64     8  .000000480629887
                65     8 -.011132756716281
                66     8  .000000088759994
                67     8 -.003128210854646
                68     8  .000000425806159
                69     8  .003824675841195
                70     8  .000000040932568
                71     8  .007630778365630
                72     8  .006907427069710
                73     8  .000001604895089
                74     8 -.002016161237882
                75     8 -.000001738514612
                76     8 -.015463990963216
                77     8 -.000000433778827
                78     8  .006752096404126
                79     8 -.000000805331570
                80     8 -.004834099067063
     8
                 0     0  1166.23931098256
                 1     1  .006453421638072
                 2     1 -.000035899045388
                 3     1 -.000054136377341
                 4     2 -.000137751509057
                 5     2 -.000069437506667
                 6     2 -.007598479191590
                 7     2 -.000080075995248
                 8     2 -.013373472699592
                 9     3 -.003955651997641
                10     3  .000032904558791
                11     3 -.003135235982851
                12     3  .001920952148117
                13     3  .000027842100205
                14     3 -.001436887736451
                15     3  .000107840679593
                16     4  .000123941405343
                17     4 -.050486407265587
                18     4  .000046931375932
                19     4  .044681341071356
                20     4 -.015737919456997
                21     4 -.000082248991665
                22     4 -.023318319600125
                23     4 -.000020758263516
                24     4 -.030998336565164
                25     5  .004763869206960
                26     5 -.000028872263404
                27     5  .003560887145023
                28     5 -.000010853822590
                29     5  .003329299270895
                30     5 -.002354555976640
                31     5 -.000006211988185
                32     5 -.001401540963172
                33     5 -.000028017038657
                34     5  .003536532597889
                35     5 -.000060251693880
                36     6 -.000037946656254
                37     6  .040372397407780
                38     6 -.000022005656131
                39     6 -.003152439782374
                40     6 -.000004595578576
                41     6 -.029860492362274
                42     6  .020313048540920
                43     6  .000001935218108
                44     6 -.069713203499093
                45     6  .000010634555276
                46     6 -.016020110161533
                47     6  .000029856900842
                48     6 -.043964732933162
                49     7  .001025002436864
                50     7  .000011373894912
                51     7  .000639758789138
                52     7  .000007117807480
                53     7  .000869409314391
                54     7  .000003217333832
                55     7  .000520493744802
                56     7 -.000317287094866
                57     7 -.000000290008222
                58     7 -.000306274848416
                59     7  .000001157280584
                60     7  .000085924222378
                61     7  .000008280685587
                62     7  .000606416706262
                63     7  .000010804268523
                64     8  .000002199891484
                65     8 -.009748716569368
                66     8  .000003341520643
                67     8 -.002738924380653
                68     8 -.000000163884184
                69     8  .003352643192167
                70     8 -.000000737111457
                71     8  .006691217953158
                72     8  .006453557517516
                73     8  .000000972016978
                74     8 -.002629863598002
                75     8 -.000004799424578
                76     8 -.016023171952480
                77     8 -.000004795633820
                78     8  .005997289557916
                79     8 -.000006125378569
                80     8 -.005787106280411
     9
                 0     0  236.298428523347
                 1     1  .016837466425687
                 2     1  .000020240991398
                 3     1 -.000039203332558
                 4     2 -.000128872553277
                 5     2 -.000027854904828
                 6     2  .013329150387764
                 7     2 -.000868913020935
                 8     2  .021868973300142
                 9     3 -.005467535976472
                10     3 -.000008354582155
                11     3 -.004241054396089
                12     3 -.001464715546427
                13     3  .000016422204901
                14     3  .001102448352471
                15     3  .000063697229566
                16     4  .000068367291016
                17     4 -.022390008895734
                18     4  .000025592062532
                19     4  .019753314393654
                20     4 -.000688826976406
                21     4 -.000467595878493
                22     4 -.000577867585892
                23     4 -.000011073419056
                24     4 -.001273804695922
                25     5 -.003552153402063
                26     5 -.000010522564761
                27     5 -.002654794198877
                28     5 -.000010026176891
                29     5 -.002457826173911
                30     5  .002722828940581
                31     5 -.000000469509232
                32     5  .001588637138256
                33     5 -.000011671045128
                34     5 -.004122838909505
                35     5 -.000023200656331
                36     6 -.000010519505300
                37     6  .018069193705550
                38     6 -.000009603764490
                39     6 -.001409221266254
                40     6  .000003115308120
                41     6 -.013344612721326
                42     6  .002303740203842
                43     6 -.000022824160204
                44     6 -.018234500153714
                45     6 -.000037378815730
                46     6 -.006793359824302
                47     6  .000025030035714
                48     6 -.014119221700961
                49     7  .000326406926376
                50     7  .000002837650754
                51     7  .000435675764173
                52     7  .000000325155508
                53     7 -.000137864342824
                54     7 -.000000431827991
                55     7  .000431673957225
                56     7 -.000878140170361
                57     7  .000000165665302
                58     7 -.000858272069396
                59     7 -.000000213389818
                60     7  .000207962107649
                61     7  .000002310297600
                62     7  .001620314643954
                63     7  .000002539372576
                64     8  .000001239896811
                65     8 -.002985945599750
                66     8  .000000410121370
                67     8 -.000840510227846
                68     8  .000000228156018
                69     8  .001023424563102
                70     8  .000000814691893
                71     8  .002045179819874
                72     8  .001412733264931
                73     8  .000009678827199
                74     8 -.000301131059057
                75     8 -.000014635338598
                76     8 -.002917315090060
                77     8 -.000003401633970
                78     8  .001431810162956
                79     8  .000000228708411
                80     8 -.000797482689151
    10
                 0     0  533.555036313549
                 1     1  .083860627423455
                 2     1  .000044124012535
                 3     1  .000068089846582
                 4     2 -.000122485580988
                 5     2 -.000044635322298
                 6     2 -.005890801830215
                 7     2 -.000586110689706
                 8     2 -.010394308355743
                 9     3 -.003869444108763
                10     3 -.000055677959331
                11     3 -.002950299094499
                12     3 -.012417236328281
                13     3 -.000034452183300
                14     3  .009513796057725
                15     3 -.000133134482101
                16     4  .000094152546200
                17     4 -.020178887540673
                18     4  .000035592695046
                19     4  .017848875862690
                20     4 -.007217927250531
                21     4 -.000312691787661
                22     4 -.010758862134513
                23     4  .000036894323667
                24     4 -.014300380244251
                25     5 -.013236736537073
                26     5  .000030677518596
                27     5 -.009896332450347
                28     5 -.000000661096476
                29     5 -.009170974440505
                30     5  .012617837152194
                31     5  .000000203637217
                32     5  .007411497799973
                33     5  .000028361145874
                34     5 -.019141216536033
                35     5  .000054621464802
                36     6 -.000024020452798
                37     6  .012973556045125
                38     6 -.000014390976985
                39     6 -.001021437518158
                40     6 -.000002307093345
                41     6 -.009602263365488
                42     6  .009331507045898
                43     6 -.000009882854446
                44     6 -.026746942453353
                45     6 -.000011129147943
                46     6 -.004802810676684
                47     6  .000031943128737
                48     6 -.015523721328122
                49     7  .002283788411734
                50     7 -.000008762983094
                51     7  .002182254007126
                52     7 -.000005753476846
                53     7  .000662418886567
                54     7 -.000002687714731
                55     7  .002028239279074
                56     7 -.003506826942509
                57     7 -.000000149212601
                58     7 -.003427690986444
                59     7 -.000000378466145
                60     7  .000842415605761
                61     7 -.000006044280790
                62     7  .006456777974032
                63     7 -.000007442073074
                64     8  .000001061397945
                65     8 -.002242984352987
                66     8  .000001758393038
                67     8 -.000629815756560
                68     8 -.000000268101488
                69     8  .000772337157586
                70     8 -.000000213308542
                71     8  .001541758048635
                72     8  .001856970204627
                73     8  .000001318571229
                74     8 -.001092133787520
                75     8 -.000004905066218
                76     8 -.005335895385171
                77     8 -.000002977586064
                78     8  .001584352011705
                79     8 -.000001585764070
                80     8 -.002242616845655
