 energy and charge average matrices
  type  L       (e_i|H|e_j)                    (e_i|e_j)       
     0  0 -.005477025 -.001507171        .188730635  .019821976
          -.001507171 -6.40208117        .019821976  1.00197742
     0  1 -.038361353  .074660245        .093731885  .019000019
           .074660245 -9.78588468        .019000019  3.01400436
     0  2  .359689847  .129918872        2.92064487  .098557473
           .129918872 -.118801238        .098557473  .051789253
     0  3 -.027362712  .028962625        .021945203 -.007873239
           .028962625 -.029084433       -.007873239  .010818377
     0  4 -.005883586  .006510804        .005856225 -.001923365
           .006510804 -.006819510       -.001923365  .002496816
     0  5 -.000921994  .001139582        .001589984 -.000420022
           .001139582 -.001302237       -.000420022  .000464029
     0  6 -.000070248  .000114732        .000316184 -.000049639
           .000114732 -.000172150       -.000049639  .000063025
     0  7 -.000008885  .000021330        .000082327 -.000011449
           .000021330 -.000041022       -.000011449  .000014815
     0  8 -.000004976  .000007888        .000020330 -.000003801
           .000007888 -.000014078       -.000003801  .000005139
     1  0 -.024853868 -.003620851        .183704951  .020486319
          -.003620851 -6.44119308        .020486319  1.00229116
     1  1 -.043385889  .076756897        .117322293  .025558672
           .076756897 -9.90799822        .025558672  3.01818368
     1  2  .199978120  .136899346        2.89822112  .107807809
           .136899346 -.138174380        .107807809  .061641654
     1  3 -.034983606  .038185154        .033057839 -.010158652
           .038185154 -.038359039       -.010158652  .014299921
     1  4 -.008650725  .009415047        .007988498 -.002703572
           .009415047 -.009823077       -.002703572  .003595881
     1  5 -.001581090  .001879242        .002321136 -.000698630
           .001879242 -.002092265       -.000698630  .000741236
     1  6 -.000144693  .000196632        .000418754 -.000081433
           .000196632 -.000273091       -.000081433  .000098234
     1  7 -.000017450  .000032479        .000109822 -.000017137
           .000032479 -.000058492       -.000017137  .000020700
     1  8 -.000007526  .000010847        .000026415 -.000004981
           .000010847 -.000018633       -.000004981  .000006740
     2  0 -.022930663 -.003399410        .184230467  .020488008
          -.003399410 -6.43670491        .020488008  1.00228219
     2  1 -.042765309  .077469242        .116778933  .025064591
           .077469242 -9.89474777        .025064591  3.01816576
     2  2  .208736858  .141595189        2.89551660  .107129154
           .141595189 -.141346768        .107129154  .062238324
     2  3 -.037501465  .040001293        .031209713 -.010457104
           .040001293 -.039913440       -.010457104  .014713097
     2  4 -.009369737  .010014740        .007787341 -.002837476
           .010014740 -.010356670       -.002837476  .003721283
     2  5 -.001746902  .002002513        .002229059 -.000715080
           .002002513 -.002190998       -.000715080  .000760453
     2  6 -.000156631  .000203740        .000406491 -.000079602
           .000203740 -.000272547       -.000079602  .000096090
     2  7 -.000019141  .000031261        .000100838 -.000015797
           .000031261 -.000054412       -.000015797  .000019109
     2  8 -.000007219  .000009867        .000024149 -.000004444
           .000009867 -.000016791       -.000004444  .000006026
     3  0 -.022484541 -.003334676        .183577479  .020428903
          -.003334676 -6.43454974        .020428903  1.00227298
     3  1 -.042889387  .077656118        .115851208  .024740704
           .077656118 -9.88873790        .024740704  3.01810703
     3  2  .218700559  .140313409        2.90108305  .106058409
           .140313409 -.139704438        .106058409  .061293498
     3  3 -.037259302  .039666003        .030670217 -.010374250
           .039666003 -.039567928       -.010374250  .014520093
     3  4 -.009323070  .009959444        .007687089 -.002815049
           .009959444 -.010285445       -.002815049  .003676953
     3  5 -.001741246  .001994529        .002191649 -.000707743
           .001994529 -.002177403       -.000707743  .000751892
     3  6 -.000155966  .000201990        .000396141 -.000078278
           .000201990 -.000268766       -.000078278  .000094327
     3  7 -.000018448  .000030382        .000098327 -.000015269
           .000030382 -.000052742       -.000015269  .000018485
     3  8 -.000006864  .000009462        .000023491 -.000004240
           .000009462 -.000016126       -.000004240  .000005772
     4  0 -.022805930 -.003373607        .183823171  .020455776
          -.003373607 -6.43587490        .020455776  1.00227728
     4  1 -.042942943  .077582706        .116213269  .024870713
           .077582706 -9.89268949        .024870713  3.01813875
     4  2  .214121479  .140878772        2.90185413  .106318959
           .140878772 -.140554876        .106318959  .061671573
     4  3 -.037410083  .039847737        .030939441 -.010419591
           .039847737 -.039760444       -.010419591  .014601278
     4  4 -.009364983  .010004315        .007743966 -.002829146
           .010004315 -.010337987       -.002829146  .003697750
     4  5 -.001747843  .002003816        .002213832 -.000712353
           .002003816 -.002189666       -.000712353  .000756869
     4  6 -.000156700  .000203323        .000400964 -.000079008
           .000203323 -.000271138       -.000079008  .000095259
     4  7 -.000018794  .000030850        .000099530 -.000015521
           .000030850 -.000053601       -.000015521  .000018792
     4  8 -.000007038  .000009665        .000023806 -.000004333
           .000009665 -.000016452       -.000004333  .000005894
     5  0 -.023236145 -.003429570        .184468166  .020510673
          -.003429570 -6.43820730        .020510673  1.00228463
     5  1 -.042817840  .077496357        .117287830  .025241289
           .077496357 -9.89932705        .025241289  3.01823989
     5  2  .205463947  .141562974        2.89974036  .106661891
           .141562974 -.141727047        .106661891  .062226597
     5  3 -.037513762  .040054941        .031440543 -.010459438
           .040054941 -.039983829       -.010459438  .014702503
     5  4 -.009392964  .010046064        .007832022 -.002840616
           .010046064 -.010392563       -.002840616  .003723335
     5  5 -.001752050  .002011054        .002239476 -.000717835
           .002011054 -.002202382       -.000717835  .000763245
     5  6 -.000157679  .000204847        .000406677 -.000080062
           .000204847 -.000274510       -.000080062  .000096702
     5  7 -.000019261  .000031615        .000101487 -.000015949
           .000031615 -.000055053       -.000015949  .000019333
     5  8 -.000007328  .000010025        .000024324 -.000004503
           .000010025 -.000017026       -.000004503  .000006110
     6  0 -.022248327 -.003307945        .182767083  .020366959
          -.003307945 -6.43218529        .020366959  1.00226729
     6  1 -.042801931  .077527755        .115156141  .024573262
           .077527755 -9.88052268        .024573262  3.01796100
     6  2  .218832730  .138801569        2.87417145  .105321331
           .138801569 -.137942083        .105321331  .060602833
     6  3 -.036306940  .038938705        .031000870 -.010187314
           .038938705 -.038855148       -.010187314  .014281762
     6  4 -.009026965  .009703598        .007663939 -.002743351
           .009703598 -.010034818       -.002743351  .003597787
     6  5 -.001669556  .001936538        .002190067 -.000692870
           .001936538 -.002121971       -.000692870  .000736051
     6  6 -.000150118  .000196644        .000391486 -.000077073
           .000196644 -.000263621       -.000077073  .000092986
     6  7 -.000017483  .000029912        .000098392 -.000015131
           .000029912 -.000052340       -.000015131  .000018369
     6  8 -.000006831  .000009459        .000023290 -.000004243
           .000009459 -.000016138       -.000004243  .000005780
     7  0 -.017252404 -.002685342        .186629670  .020523437
          -.002685342 -6.41708778        .020523437  1.00225093
     7  1 -.041132928  .078497104        .111618224  .023146229
           .078497104 -9.83758684        .023146229  3.01731977
     7  2  .307844064  .112599907        2.91551289  .118621511
           .112599907 -.106391929        .118621511  .050695437
     7  3 -.026721335  .029195479        .026235138 -.007412589
           .029195479 -.029064230       -.007412589  .010943752
     7  4 -.006405891  .007083074        .006550182 -.001986713
           .007083074 -.007355240       -.001986713  .002715439
     7  5 -.001214831  .001465161        .001916092 -.000537429
           .001465161 -.001628832       -.000537429  .000568988
     7  6 -.000090502  .000144344        .000376863 -.000059171
           .000144344 -.000205602       -.000059171  .000072173
     7  7 -.000008114  .000021699        .000094057 -.000011971
           .000021699 -.000042483       -.000011971  .000014801
     7  8 -.000003961  .000007135        .000022984 -.000003277
           .000007135 -.000013428       -.000003277  .000004718
     8  0 -.000318433 -.000599738        .083514359  .015844330
          -.000599738 -6.12711585        .015844330  1.00150467
     8  1  .005678787  .003548050        .047695440  .021142588
           .003548050 -10.8610698        .021142588  2.99195647
     8  2  .795380857  .024459675        4.15743625  .050758263
           .024459675 -.019341731        .050758263  .010114538
     8  3 -.003126983  .003740091        .004468359 -.000921907
           .003740091 -.003736927       -.000921907  .001529919
     8  4 -.000489161  .000623789        .000892987 -.000188895
           .000623789 -.000672168       -.000188895  .000268905
     8  5 -.000046606  .000081962        .000202078 -.000035929
           .000081962 -.000101212       -.000035929  .000038237
     8  6 -.000000955  .000007414        .000035892 -.000003877
           .000007414 -.000012185       -.000003877  .000004420
     8  7  .000000215  .000000905        .000006675 -.000000574
           .000000905 -.000002081       -.000000574  .000000712
     8  8  .000000018  .000000222        .000001326 -.000000105
           .000000222 -.000000500       -.000000105  .000000166
     9  0  .009384765  .000919829        .094179626  .016495345
           .000919829 -5.79932617        .016495345  1.00135631
     9  1  .000269379  .011452140        .033994787  .014519912
           .011452140 -9.81782694        .014519912  2.98697953
     9  2  .767814978  .015446637        3.85809138  .080405152
           .015446637 -.004297182        .080405152  .006414790
     9  3 -.000270319  .001078240        .004566449 -.000019247
           .001078240 -.001066747       -.000019247  .000790982
     9  4  .000006842  .000205877        .001168878 -.000060450
           .000205877 -.000259131       -.000060450  .000160338
     9  5  .000028142  .000034309        .000320730 -.000024372
           .000034309 -.000061549       -.000024372  .000027847
     9  6  .000010840  .000003785        .000071987 -.000003675
           .000003785 -.000012749       -.000003675  .000004720
     9  7  .000002703  .000000477        .000015897 -.000000639
           .000000477 -.000003092       -.000000639  .000001009
     9  8  .000000644  .000000085        .000003496 -.000000073
           .000000085 -.000000774       -.000000073  .000000244
