 ( 4i3 )
  1  8 10  2 npan, lm, ntype, spins
 ( 2i3 )
  3  2    ntls, nsets
 ( 3e22.14 )
 -0.64486323942270E+01 -0.64485764945391E+01 -0.64485205948511E+01
 ( 3e22.14 )
 -0.30490614531591E-01 -0.35680798192506E+00  0.19751742957333E+00
  0.10033267633910E+01  0.10273740817243E+01  0.89633350901636E+00
  0.51877919344987E+00  0.43343262445853E+00  0.53413260491507E+00
 -0.30466905897082E-01 -0.35382725766427E+00  0.19732530777824E+00
  0.10035364572687E+01  0.10280881365460E+01  0.89770995309572E+00
  0.51952440606646E+00  0.43382723016535E+00  0.53487556379627E+00
 -0.61859798141181E+01 -0.31600760198824E+01 -0.20692709995284E+01
 -0.17721606666555E+01 -0.21731373075957E+01 -0.28708226182925E+01
 -0.28804023722006E+01 -0.30481135739746E+01 -0.30215256712902E+01
 -0.61850065899629E+01 -0.31585496523915E+01 -0.20672539547980E+01
 -0.17715057508629E+01 -0.21732818940725E+01 -0.28705469097675E+01
 -0.28806299488404E+01 -0.30470261090772E+01 -0.30231324232679E+01
 -0.13663367276988E+00 -0.31564451677265E+00  0.15057725640112E+00
  0.97091787858302E+00  0.10175343231270E+01  0.10044441479561E+01
  0.60611616341046E+00  0.45945381788454E+00  0.52813836003528E+00
 -0.13658714203644E+00 -0.31460567199137E+00  0.15041538284537E+00
  0.97144227820002E+00  0.10179308056340E+01  0.10067155034251E+01
  0.60699213005918E+00  0.45999874572698E+00  0.52875609223078E+00
 -0.62177317702424E+01 -0.31818961677112E+01 -0.20031328250434E+01
 -0.18736657446860E+01 -0.20746378154405E+01 -0.29340239814679E+01
 -0.29479888825928E+01 -0.31569239289189E+01 -0.30165368350105E+01
 -0.62174700092090E+01 -0.31814827188904E+01 -0.20027369290094E+01
 -0.18696874035092E+01 -0.20728726088562E+01 -0.29341823288793E+01
 -0.29480691541920E+01 -0.31565355111405E+01 -0.30169656971401E+01
 -0.12580950328128E+00 -0.31174934977923E+00  0.15653609268842E+00
  0.99254636203348E+00  0.10597840130536E+01  0.10659419538664E+01
  0.62273326935593E+00  0.44995994349575E+00  0.50332249331107E+00
 -0.12565201835798E+00 -0.31123575531349E+00  0.15643146403428E+00
  0.99279414204432E+00  0.10601592566333E+01  0.10670290657466E+01
  0.62311804201303E+00  0.45013840987675E+00  0.50348335902714E+00
 -0.62131706533309E+01 -0.31781176702663E+01 -0.20283638680112E+01
 -0.17824338865855E+01 -0.20570399395109E+01 -0.29551994776537E+01
 -0.29646837886897E+01 -0.31580012409370E+01 -0.30224556606142E+01
 -0.62129469384336E+01 -0.31778281100057E+01 -0.20278809870540E+01
 -0.17812680881949E+01 -0.20572259682746E+01 -0.29559480688385E+01
 -0.29648712780983E+01 -0.31576938215343E+01 -0.30221577672025E+01
 -0.12379474124180E+00 -0.31562189220830E+00  0.15878825422176E+00
  0.99965961538344E+00  0.10702001842800E+01  0.10801046478228E+01
  0.63155438734890E+00  0.45030346860559E+00  0.49919130660613E+00
 -0.12375569359651E+00 -0.31586911849093E+00  0.15863427261242E+00
  0.99998144810744E+00  0.10705256940050E+01  0.10812265085821E+01
  0.63226420764263E+00  0.45063243944140E+00  0.49953850041447E+00
 -0.62115300177065E+01 -0.31767184802881E+01 -0.20385571667062E+01
 -0.17925758208330E+01 -0.20700365548603E+01 -0.29678651486953E+01
 -0.29753155265597E+01 -0.31587659553252E+01 -0.30232284895882E+01
 -0.62112045497652E+01 -0.31763402143410E+01 -0.20377666703059E+01
 -0.17915745686650E+01 -0.20693612705332E+01 -0.29677034383498E+01
 -0.29756076870770E+01 -0.31594023732869E+01 -0.30241726169282E+01
 -0.12538389440400E+00 -0.31496479841501E+00  0.15759667045236E+00
  0.99713400252732E+00  0.10671895115454E+01  0.10752015787173E+01
  0.62898375891549E+00  0.45097740692092E+00  0.50167185476629E+00
 -0.12540816051318E+00 -0.31528063876120E+00  0.15740534498576E+00
  0.99740770615518E+00  0.10674384411304E+01  0.10769746060362E+01
  0.62986547805243E+00  0.45150969047164E+00  0.50220501591407E+00
 -0.62126108052875E+01 -0.31777691512081E+01 -0.20377776158544E+01
 -0.17940372521316E+01 -0.20713574455144E+01 -0.29668160661655E+01
 -0.29737495789511E+01 -0.31598719682469E+01 -0.30224850011824E+01
 -0.62121948889736E+01 -0.31772436750563E+01 -0.20370012697722E+01
 -0.17931888141205E+01 -0.20697927865581E+01 -0.29666201887427E+01
 -0.29741030816952E+01 -0.31609466962142E+01 -0.30246265437330E+01
 -0.12729382595585E+00 -0.31058943057565E+00  0.15531055723858E+00
  0.99325079161171E+00  0.10612501013541E+01  0.10675904585425E+01
  0.62498881136022E+00  0.45325280504950E+00  0.50782128993511E+00
 -0.12772983287465E+00 -0.31364442298350E+00  0.15535090072985E+00
  0.99372131962882E+00  0.10614706940461E+01  0.10663131945981E+01
  0.62527385116260E+00  0.45297194908142E+00  0.50739304454946E+00
 -0.62144501521395E+01 -0.31791653453877E+01 -0.20353868930059E+01
 -0.17989639848460E+01 -0.20702890647626E+01 -0.29624419219859E+01
 -0.29693260474015E+01 -0.31579573128775E+01 -0.30222288897756E+01
 -0.62142111822616E+01 -0.31789473414641E+01 -0.20355288293541E+01
 -0.18056775564937E+01 -0.20732232415488E+01 -0.29639369529926E+01
 -0.29690862900887E+01 -0.31576668015379E+01 -0.30214404184264E+01
 -0.12303117608899E+00 -0.31717409293237E+00  0.15933170471948E+00
  0.99745691540493E+00  0.10636762009170E+01  0.10662338064400E+01
  0.62824004451687E+00  0.45178486494157E+00  0.50486039859229E+00
 -0.11787056339786E+00 -0.31599753488406E+00  0.15997467940411E+00
  0.99995837099419E+00  0.10680361831976E+01  0.10726573250553E+01
  0.62601835318335E+00  0.45026393073696E+00  0.50338222284976E+00
 -0.62097284622892E+01 -0.31745882604624E+01 -0.20354551190558E+01
 -0.18194569460233E+01 -0.20785166047470E+01 -0.29619405614483E+01
 -0.29673517735862E+01 -0.31545502419073E+01 -0.30235540655645E+01
 -0.62107528844027E+01 -0.31770126139581E+01 -0.20356012531702E+01
 -0.18220011314822E+01 -0.20923382704774E+01 -0.29763311812320E+01
 -0.29711119543781E+01 -0.31520811003458E+01 -0.30084669719115E+01
 -0.93672408935808E-01 -0.31364327611993E+00  0.16813530111406E+00
  0.91806886164959E+00  0.96459888353141E+00  0.96070225694379E+00
  0.54692023739293E+00  0.40050106081066E+00  0.44904368199346E+00
 -0.83931120014137E-01 -0.28335346226160E+00  0.16245152379282E+00
  0.95432878174840E+00  0.10043171988992E+01  0.10486093062477E+01
  0.59660356962942E+00  0.43417598617789E+00  0.48313623381054E+00
 -0.61932458745619E+01 -0.31632917228883E+01 -0.18728691262206E+01
 -0.18049527169417E+01 -0.20655691019818E+01 -0.29665060376437E+01
 -0.29950819083996E+01 -0.31683990024927E+01 -0.30532734938700E+01
 -0.61863332662518E+01 -0.31557127433416E+01 -0.18531281395781E+01
 -0.17326260107010E+01 -0.20131567580887E+01 -0.29535379238098E+01
 -0.30018257858147E+01 -0.31793671195655E+01 -0.30888825785849E+01
 -0.47829889115258E-02  0.11973183376605E+00  0.19813044029275E+00
  0.79010136146073E+00  0.77941576348766E+00  0.64408905079355E+00
  0.42247505082101E+00  0.32859146661348E+00  0.36439183167558E+00
  0.18926289156078E-01  0.14401834251126E+00  0.28421440456343E+00
  0.84140456046248E+00  0.82515066415782E+00  0.71942456972843E+00
  0.45844990719802E+00  0.35232227154005E+00  0.38560756482952E+00
 -0.59452329831106E+01 -0.35778534545671E+01 -0.18553496043688E+01
 -0.17260690421227E+01 -0.21130756355919E+01 -0.28028876215882E+01
 -0.29576809750558E+01 -0.31660854153319E+01 -0.31518494207200E+01
 -0.57052775192768E+01 -0.33420758069670E+01 -0.16732186233587E+01
 -0.17194135176118E+01 -0.20595724603912E+01 -0.27951190749363E+01
 -0.29642961218903E+01 -0.31617354853669E+01 -0.32244953840222E+01
  0.98420651035112E-01  0.15395214702850E-01  0.19879535187290E+00
  0.34584327087943E+00  0.34725682667488E+00  0.33090476753272E+00
  0.27570450834033E+00  0.24505786669002E+00  0.23937294264645E+00
  0.10980665593810E+00  0.32692516281647E-01  0.19862766992132E+00
  0.39569887930582E+00  0.41226274865149E+00  0.38882256298631E+00
  0.30629117520089E+00  0.26923852466593E+00  0.25825955763981E+00
 -0.56204665099772E+01 -0.32479975601187E+01 -0.63539616447501E+00
 -0.95299896252335E+00 -0.14371218015724E+01 -0.23406895445805E+01
 -0.28777232009442E+01 -0.32522164759314E+01 -0.32485880902192E+01
 -0.55919108309305E+01 -0.32261817465582E+01 -0.57613303698845E+00
 -0.93151672209093E+00 -0.14286354636843E+01 -0.23665613752795E+01
 -0.29016256170711E+01 -0.32294381842946E+01 -0.31747905858392E+01
