#-------------------------------------------------------------------------------
 start rspt
 Initialized constants. Machine eps = 2.2204460493e-16 
 fft column major dimensions:
       normal fft: 20 20 216, size = 86400
        super fft: 40 40 432, size = 691200
 mbases (matrix dimension mod spin) = 305
 mbasis set
 matrix dimension is 610
 initfft: start
 initfft: fft_ncmdim: 20 20 216 ... fft_scmdim: 40 40 432
 initfft: nrmdim: 216 20 20 ... srmdim: 432 40 40
 fftw_fft_init: wisdom read from rspt_fft_wisdom.0
 initfft: 
 (Tail,Energy) parameter set
     p     t     e
     1     1     1
     2     2     1
     3     3     1
     4     1     2
     5     2     2
 spin axis =  .000000000  1.00000000  .000000000 absolute
 spin axis euler angles: alpha =  1.57079632 beta =  1.57079632 gamma = -1.57079632
 eset 0
  L  T  S  n  f                 E
  0  1 -1  6 20  1.85375121480417
  1  1 -1  6 21  3.05503813960765
  2  1 -1  5  0  .197517429573330
  3  1 -1  5  0  1.00332676339100
  4  1 -1  5  0  1.02737408172430
  5  1 -1  6  0  .896333509016360
  6  1 -1  7  0  .518779193449870
  7  1 -1  8  0  .433432624458530
  8  1 -1  9  0  .534132604915070
  0  2 -1  6 20  1.80604632771754
  1  2 -1  6 21  3.00045855625584
  2  2 -1  5  0  .150577256401120
  3  2 -1  5  0  .970917878583020
  4  2 -1  5  0  1.01753432312700
  5  2 -1  6  0  1.00444414795610
  6  2 -1  7  0  .606116163410460
  7  2 -1  8  0  .459453817884540
  8  2 -1  9  0  .528138360035280
  0  3 -1  6 20  1.81207681003920
  1  3 -1  6 21  3.00721275931064
  2  3 -1  5  0  .156536092688420
  3  3 -1  5  0  .992546362033480
  4  3 -1  5  0  1.05978401305360
  5  3 -1  6  0  1.06594195386640
  6  3 -1  7  0  .622733269355930
  7  3 -1  8  0  .449959943495750
  8  3 -1  9  0  .503322493311070
  0  4 -1  6 20  1.81429831235123
  1  4 -1  6 21  3.00973526942591
  2  4 -1  5  0  .158788254221760
  3  4 -1  5  0  .999659615383440
  4  4 -1  5  0  1.07020018428000
  5  4 -1  6  0  1.08010464782280
  6  4 -1  7  0  .631554387348900
  7  4 -1  8  0  .450303468605590
  8  4 -1  9  0  .499191306606130
  0  5 -1  6 20  1.81279457709905
  1  5 -1  6 21  3.00809830436453
  2  5 -1  5  0  .157596670452360
  3  5 -1  5  0  .997134002527320
  4  5 -1  5  0  1.06718951154540
  5  5 -1  6  0  1.07520157871730
  6  5 -1  7  0  .628983758915490
  7  5 -1  8  0  .450977406920920
  8  5 -1  9  0  .501671854766290
  0  6 -1  6 20  1.81052017491408
  1  6 -1  6 21  3.00559803173567
  2  6 -1  5  0  .155310557238580
  3  6 -1  5  0  .993250791611710
  4  6 -1  5  0  1.06125010135410
  5  6 -1  6  0  1.06759045854250
  6  6 -1  7  0  .624988811360220
  7  6 -1  8  0  .453252805049500
  8  6 -1  9  0  .507821289935110
  0  7 -1  6 20  1.81728205129553
  1  7 -1  6 21  3.01259930182302
  2  7 -1  5  0  .159331704719480
  3  7 -1  5  0  .997456915404930
  4  7 -1  5  0  1.06367620091700
  5  7 -1  6  0  1.06623380644000
  6  7 -1  7  0  .628240044516870
  7  7 -1  8  0  .451784864941570
  8  7 -1  9  0  .504860398592290
  0  8 -1  6 20  1.83150444534332
  1  8 -1  6 21  3.02797681649071
  2  8 -1  5  0  .168135301114060
  3  8 -1  5  0  .918068861649590
  4  8 -1  5  0  .964598883531410
  5  8 -1  6  0  .960702256943790
  6  8 -1  7  0  .546920237392930
  7  8 -1  8  0  .400501060810660
  8  8 -1  9  0  .449043681993460
  0  9 -1  4 20  2.86968770301547
  1  9 -1  4 21  3.70553867803170
  2  9 -1  3  0  .198130440292750
  3  9 -1  4  0  .790101361460730
  4  9 -1  5  0  .779415763487660
  5  9 -1  6  0  .644089050793550
  6  9 -1  7  0  .422475050821010
  7  9 -1  8  0  .328591466613480
  8  9 -1  9  0  .364391831675580
  0 10 -1  5 20  2.66316399403673
  1 10 -1  5 21  3.65425881208929
  2 10 -1  4  0  .198795351872900
  3 10 -1  4  0  .345843270879430
  4 10 -1  5  0  .347256826674880
  5 10 -1  6  0  .330904767532720
  6 10 -1  7  0  .275704508340330
  7 10 -1  8  0  .245057866690020
  8 10 -1  9  0  .239372942646450
  0  1  1  6 20  1.85487511235015
  1  1  1  6 21  3.05592566025410
  2  1  1  5  0  .197325307778240
  3  1  1  5  0  1.00353645726870
  4  1  1  5  0  1.02808813654600
  5  1  1  6  0  .897709953095720
  6  1  1  7  0  .519524406066460
  7  1  1  8  0  .433827230165350
  8  1  1  9  0  .534875563796270
  0  2  1  6 20  1.80627846134195
  1  2  1  6 21  3.00060757375029
  2  2  1  5  0  .150415382845370
  3  2  1  5  0  .971442278200020
  4  2  1  5  0  1.01793080563400
  5  2  1  6  0  1.00671550342510
  6  2  1  7  0  .606992130059180
  7  2  1  8  0  .459998745726980
  8  2  1  9  0  .528756092230780
  0  3  1  6 20  1.81225583995607
  1  3  1  6 21  3.00733811513289
  2  3  1  5  0  .156431464034280
  3  3  1  5  0  .992794142044320
  4  3  1  5  0  1.06015925663330
  5  3  1  6  0  1.06702906574660
  6  3  1  7  0  .623118042013030
  7  3  1  8  0  .450138409876750
  8  3  1  9  0  .503483359027140
  0  4  1  6 20  1.81467770593259
  1  4  1  6 21  3.01003436651322
  2  4  1  5  0  .158634272612420
  3  4  1  5  0  .999981448107440
  4  4  1  5  0  1.07052569400500
  5  4  1  6  0  1.08122650858210
  6  4  1  7  0  .632264207642630
  7  4  1  8  0  .450632439441400
  8  4  1  9  0  .499538500414470
  0  5  1  6 20  1.81333647084853
  1  5  1  6 21  3.00852569660173
  2  5  1  5  0  .157405344985760
  3  5  1  5  0  .997407706155180
  4  5  1  5  0  1.06743844113040
  5  5  1  6  0  1.07697460603620
  6  5  1  7  0  .629865478052430
  7  5  1  8  0  .451509690471640
  8  5  1  9  0  .502205015914070
  0  6  1  6 20  1.81118286084059
  1  6  1  6 21  3.00621133000506
  2  6  1  5  0  .155350900729850
  3  6  1  5  0  .993721319628820
  4  6  1  5  0  1.06147069404610
  5  6  1  6  0  1.06631319459810
  6  6  1  7  0  .625273851162600
  7  6  1  8  0  .452971949081420
  8  6  1  9  0  .507393044549460
  0  7  1  6 20  1.81456801840650
  1  7  1  6 21  3.01028440056206
  2  7  1  5  0  .159974679404110
  3  7  1  5  0  .999958370994190
  4  7  1  5  0  1.06803618319760
  5  7  1  6  0  1.07265732505530
  6  7  1  7  0  .626018353183350
  7  7  1  8  0  .450263930736960
  8  7  1  9  0  .503382222849760
  0  8  1  6 20  1.83314404097671
  1  8  1  6 21  3.02800208260872
  2  8  1  5  0  .162451523792820
  3  8  1  5  0  .954328781748400
  4  8  1  5  0  1.00431719889920
  5  8  1  6  0  1.04860930624770
  6  8  1  7  0  .596603569629420
  7  8  1  8  0  .434175986177890
  8  8  1  9  0  .483136233810540
  0  9  1  4 20  3.02225543105397
  1  9  1  4 21  3.84771086778397
  2  9  1  3  0  .284214404563430
  3  9  1  4  0  .841404560462480
  4  9  1  5  0  .825150664157820
  5  9  1  6  0  .719424569728430
  6  9  1  7  0  .458449907198020
  7  9  1  8  0  .352322271540050
  8  9  1  9  0  .385607564829520
  0 10  1  5 20  2.67687584223216
  1 10  1  5 21  3.66559425292804
  2 10  1  4  0  .198627669921320
  3 10  1  4  0  .395698879305820
  4 10  1  5  0  .412262748651490
  5 10  1  6  0  .388822562986310
  6 10  1  7  0  .306291175200890
  7 10  1  8  0  .269238524665930
  8 10  1  9  0  .258259557639810
 eset 1
  L  T  S  n  f                 E
  0  1 -1  5 -1 -6.40750633687228
  1  1 -1  5 -1 -3.23327742215625
  2  1 -1  5  0 -2.06927099952840
  3  1 -1  5  0 -1.77216066665550
  4  1 -1  5  0 -2.17313730759570
  5  1 -1  6  0 -2.87082261829250
  6  1 -1  7  0 -2.88040237220060
  7  1 -1  8  0 -3.04811357397460
  8  1 -1  9  0 -3.02152567129020
  0  2 -1  5 -1 -6.44603486082434
  1  2 -1  5 -1 -3.27252385416589
  2  2 -1  5  0 -2.00313282504340
  3  2 -1  5  0 -1.87366574468600
  4  2 -1  5  0 -2.07463781544050
  5  2 -1  6  0 -2.93402398146790
  6  2 -1  7  0 -2.94798888259280
  7  2 -1  8  0 -3.15692392891890
  8  2 -1  9  0 -3.01653683501050
  0  3 -1  5 -1 -6.44157529071516
  1  3 -1  5 -1 -3.26786421072911
  2  3 -1  5  0 -2.02836386801120
  3  3 -1  5  0 -1.78243388658550
  4  3 -1  5  0 -2.05703993951090
  5  3 -1  6  0 -2.95519947765370
  6  3 -1  7  0 -2.96468378868970
  7  3 -1  8  0 -3.15800124093700
  8  3 -1  9  0 -3.02245566061420
  0  4 -1  5 -1 -6.43942967244069
  1  4 -1  5 -1 -3.26577130011844
  2  4 -1  5  0 -2.03855716670620
  3  4 -1  5  0 -1.79257582083300
  4  4 -1  5  0 -2.07003655486030
  5  4 -1  6  0 -2.96786514869530
  6  4 -1  7  0 -2.97531552655970
  7  4 -1  8  0 -3.15876595532520
  8  4 -1  9  0 -3.02322848958820
  0  5 -1  5 -1 -6.44074841351266
  1  5 -1  5 -1 -3.26711190131172
  2  5 -1  5  0 -2.03777761585440
  3  5 -1  5  0 -1.79403725213160
  4  5 -1  5  0 -2.07135744551440
  5  5 -1  6  0 -2.96681606616550
  6  5 -1  7  0 -2.97374957895110
  7  5 -1  8  0 -3.15987196824690
  8  5 -1  9  0 -3.02248500118240
  0  6 -1  5 -1 -6.44306808974982
  1  6 -1  5 -1 -3.26938390230505
  2  6 -1  5  0 -2.03538689300590
  3  6 -1  5  0 -1.79896398484600
  4  6 -1  5  0 -2.07028906476260
  5  6 -1  6  0 -2.96244192198590
  6  6 -1  7  0 -2.96932604740150
  7  6 -1  8  0 -3.15795731287750
  8  6 -1  9  0 -3.02222888977560
  0  7 -1  5 -1 -6.43706814533483
  1  7 -1  5 -1 -3.26308777001181
  2  7 -1  5  0 -2.03545511905580
  3  7 -1  5  0 -1.81945694602330
  4  7 -1  5  0 -2.07851660474700
  5  7 -1  6  0 -2.96194056144830
  6  7 -1  7  0 -2.96735177358620
  7  7 -1  8  0 -3.15455024190730
  8  7 -1  9  0 -3.02355406556450
  0  8 -1  5 -1 -6.42203769886119
  1  8 -1  5 -1 -3.24873421845587
  2  8 -1  5  0 -1.87286912622060
  3  8 -1  5  0 -1.80495271694170
  4  8 -1  5  0 -2.06556910198180
  5  8 -1  6  0 -2.96650603764370
  6  8 -1  7  0 -2.99508190839960
  7  8 -1  8  0 -3.16839900249270
  8  8 -1  9  0 -3.05327349387000
  0  9 -1  3 -1 -6.14109599534137
  1  9 -1  3 -1 -3.64634788409300
  2  9 -1  3  0 -1.85534960436880
  3  9 -1  4  0 -1.72606904212270
  4  9 -1  5  0 -2.11307563559190
  5  9 -1  6  0 -2.80288762158820
  6  9 -1  7  0 -2.95768097505580
  7  9 -1  8  0 -3.16608541533190
  8  9 -1  9  0 -3.15184942072000
  0 10 -1  4 -1 -5.81310619510424
  1 10 -1  4 -1 -3.29637145984330
  2 10 -1  4  0 -.635396164475010
  3 10 -1  4  0 -.952998962523350
  4 10 -1  5  0 -1.43712180157240
  5 10 -1  6  0 -2.34068954458050
  6 10 -1  7  0 -2.87772320094420
  7 10 -1  8  0 -3.25221647593140
  8 10 -1  9  0 -3.24858809021920
  0  1  1  5 -1 -6.40659314902692
  1  1  1  5 -1 -3.23213367735708
  2  1  1  5  0 -2.06725395479800
  3  1  1  5  0 -1.77150575086290
  4  1  1  5  0 -2.17328189407250
  5  1  1  6  0 -2.87054690976750
  6  1  1  7  0 -2.88062994884040
  7  1  1  8  0 -3.04702610907720
  8  1  1  9  0 -3.02313242326790
  0  2  1  5 -1 -6.44580969282031
  1  2  1  5 -1 -3.27224514664238
  2  2  1  5  0 -2.00273692900940
  3  2  1  5  0 -1.86968740350920
  4  2  1  5  0 -2.07287260885620
  5  2  1  6  0 -2.93418232887930
  6  2  1  7  0 -2.94806915419200
  7  2  1  8  0 -3.15653551114050
  8  2  1  9  0 -3.01696569714010
  0  3  1  5 -1 -6.44141163877796
  1  3  1  5 -1 -3.26766080052663
  2  3  1  5  0 -2.02788098705400
  3  3  1  5  0 -1.78126808819490
  4  3  1  5  0 -2.05722596827460
  5  3  1  6  0 -2.95594806883850
  6  3  1  7  0 -2.96487127809830
  7  3  1  8  0 -3.15769382153430
  8  3  1  9  0 -3.02215776720250
  0  4  1  5 -1 -6.43910947211045
  1  4  1  5 -1 -3.26537466901199
  2  4  1  5  0 -2.03776667030590
  3  4  1  5  0 -1.79157456866500
  4  4  1  5  0 -2.06936127053320
  5  4  1  6  0 -2.96770343834980
  6  4  1  7  0 -2.97560768707700
  7  4  1  8  0 -3.15940237328690
  8  4  1  9  0 -3.02417261692820
  0  5  1  5 -1 -6.44029497343595
  1  5  1  5 -1 -3.26654969729507
  2  5  1  5  0 -2.03700126977220
  3  5  1  5  0 -1.79318881412050
  4  5  1  5  0 -2.06979278655810
  5  5  1  6  0 -2.96662018874270
  6  5  1  7  0 -2.97410308169520
  7  5  1  8  0 -3.16094669621420
  8  5  1  9  0 -3.02462654373300
  0  6  1  5 -1 -6.44260228667921
  1  6  1  5 -1 -3.26880369467827
  2  6  1  5  0 -2.03552882935410
  3  6  1  5  0 -1.80567755649370
  4  6  1  5  0 -2.07322324154880
  5  6  1  6  0 -2.96393695299260
  6  6  1  7  0 -2.96908629008870
  7  6  1  8  0 -3.15766680153790
  8  6  1  9  0 -3.02144041842640
  0  7  1  5 -1 -6.43910411449875
  1  7  1  5 -1 -3.26562932218250
  2  7  1  5  0 -2.03560125317020
  3  7  1  5  0 -1.82200113148220
  4  7  1  5  0 -2.09233827047740
  5  7  1  6  0 -2.97633118123200
  6  7  1  7  0 -2.97111195437810
  7  7  1  8  0 -3.15208110034580
  8  7  1  9  0 -3.00846697191150
  0  8  1  5 -1 -6.41925912856852
  1  8  1  5 -1 -3.24535310786898
  2  8  1  5  0 -1.85312813957810
  3  8  1  5  0 -1.73262601070100
  4  8  1  5  0 -2.01315675808870
  5  8  1  6  0 -2.95353792380980
  6  8  1  7  0 -3.00182578581470
  7  8  1  8  0 -3.17936711956550
  8  8  1  9  0 -3.08888257858490
  0  9  1  3 -1 -5.89831612067108
  1  9  1  3 -1 -3.40911011188777
  2  9  1  3  0 -1.67321862335870
  3  9  1  4  0 -1.71941351761180
  4  9  1  5  0 -2.05957246039120
  5  9  1  6  0 -2.79511907493630
  6  9  1  7  0 -2.96429612189030
  7  9  1  8  0 -3.16173548536690
  8  9  1  9  0 -3.22449538402220
  0 10  1  4 -1 -5.79233254154914
  1 10  1  4 -1 -3.27515886173703
  2 10  1  4  0 -.576133036988450
  3 10  1  4  0 -.931516722090930
  4 10  1  5  0 -1.42863546368430
  5 10  1  6  0 -2.36656137527950
  6 10  1  7  0 -2.90162561707110
  7 10  1  8  0 -3.22943818429460
  8 10  1  9  0 -3.17479058583920
basisFT:    M0    M1    M2     vectors (column major order)
basisFT:     5     5    54       13189
basisFT: radii           1           2
basisFT:     2  2.04760083  2.42751365
basisFT: L+N+1           6           6
basisFT:  maxL
basisFT:     2
initBasisFT: basis Fourier Transform parameters
      radii and powers:
        2.04760083     6
        2.42751365     6
          Lm    M0    M1    M2
           2     5     5    54
 initfft: wisdom written to rspt_fft_wisdom.0
 end rspt
#-------------------------------------------------------------------------------
