"Start runs srun -n 124 rspt 1.00e-09 100 on nid001865,  Mon Dec  8 16:32:28 2025"
  6.12628560e-03 -298187.524143271  2.98187524e+05
  2.67151700e+00 -297681.705206287  5.05818937e+02
  2.01527590e-01 -298141.047575146  4.59342369e+02
  1.73700950e+01 -295164.033065495  2.97701451e+03
  1.29687410e+01 -295873.023773928  7.08990708e+02
  1.43579310e+01 -295286.089950081  5.86933824e+02
  4.64962500e+00 -297131.810760591  1.84572081e+03
  1.27675250e+01 -295256.401947738  1.87540881e+03
  2.80025000e+00 -296287.441460607  1.03103951e+03
  6.39403190e+00 -296638.336752958  3.50895292e+02
  5.06382340e+00 -297079.585222607  4.41248470e+02
  1.66811830e+02 -271819.602690221  2.52599825e+04
  1.42092820e+01 -295424.609725615  2.36050070e+04
  1.31181400e+02 -277650.172988699  1.77744367e+04
  1.27857100e+01 -295455.640992017  1.78054680e+04
  1.21671870e+01 -294343.932465573  1.11170853e+03
  1.95717680e+00 -297519.481497111  3.17554903e+03
  1.21604030e+01 -294421.298605451  3.09818289e+03
  4.00112080e+00 -296301.402036953  1.88010343e+03
  5.29593800e+00 -295388.367276293  9.13034761e+02
  3.81636110e+00 -296333.135965605  9.44768689e+02
  4.06241010e+01 -289278.226002954  7.05490996e+03
  4.43098610e+00 -295801.947238347  6.52372124e+03
  7.10583850e+01 -284679.594722613  1.11223525e+04
  5.73931600e+00 -295088.209042802  1.04086143e+04
  1.13026590e+02 -276704.346425733  1.83838626e+04
  5.81361040e+01 -286046.268913661  9.34192249e+03
  6.74960520e+01 -285913.165056884  1.33103857e+02
  5.38415510e+01 -288962.523454130  3.04935840e+03
  1.31492780e+02 -276088.152410565  1.28743710e+04
  4.01129980e+00 -296657.603993848  2.05694516e+04
  1.21662680e+02 -277047.978172389  1.96096258e+04
  7.64021470e+00 -295677.926333050  1.86299482e+04
  1.11680470e+02 -277896.775141012  1.77811512e+04
  2.17510800e+01 -294131.233176525  1.62344580e+04
  6.48659780e+01 -287007.690826151  7.12354235e+03
  5.85046150e+00 -296861.417933795  9.85372711e+03
  5.12724880e+00 -295938.870017072  9.22547917e+02
  8.50204060e+00 -296057.847576412  1.18977559e+02
  1.79607440e+01 -294736.291999013  1.32155558e+03
  6.19303470e+00 -297032.467804761  2.29617581e+03
  1.72464010e+02 -270792.366343563  2.62401015e+04
  3.10553740e+01 -292130.863250240  2.13384969e+04
  9.49153600e+01 -282922.040526957  9.20882272e+03
  5.07223970e+01 -289037.771273046  6.11573075e+03
  3.15693460e+02 -248053.357955965  4.09844133e+04
  3.19713500e+01 -291353.315258549  4.32999573e+04
  8.31417430e+01 -282962.260631616  8.39105463e+03
  1.87397500e+01 -294463.622120182  1.15013615e+04
  2.63761190e+01 -292487.080866123  1.97654125e+03
  1.06611320e+01 -295695.243187586  3.20816232e+03
  2.70407350e+02 -255070.220979779  4.06250222e+04
  1.78383780e+01 -294437.739678795  3.93675187e+04
  8.13875730e+01 -283083.000108222  1.13547396e+04
  5.85477960e+01 -287573.582289279  4.49058218e+03
  5.02212880e+01 -289216.972807843  1.64339052e+03
  5.84383560e+00 -297068.848847575  7.85187604e+03
  1.14942840e+01 -295282.527277884  1.78632157e+03
  1.04511770e+01 -296070.947460844  7.88420183e+02
  4.30873210e+00 -295631.950333158  4.38997128e+02
  5.14657600e+00 -296615.673975808  9.83723643e+02
  2.03818750e+02 -266069.532509897  3.05461415e+04
  3.03469880e+01 -292368.889790596  2.62993573e+04
  1.73052560e+02 -271890.248959141  2.04786408e+04
  2.84669930e+01 -291577.538920942  1.96872900e+04
  5.53680200e+01 -284160.875553244  7.41666337e+03
  8.98144670e+00 -296030.458332762  1.18695828e+04
  3.98334130e+01 -290103.006344353  5.92745199e+03
  6.44522100e+00 -296697.267073762  6.59426073e+03
  1.00615810e+01 -295519.197522712  1.17806955e+03
  1.29737850e+00 -297707.087445329  2.18788992e+03
  1.42712420e+02 -273454.225462989  2.42528620e+04
  2.97740450e+00 -296960.330477936  2.35061050e+04
  5.83925980e+01 -286010.749877448  1.09495806e+04
  1.31727530e+01 -295280.494063163  9.26974419e+03
  9.38829320e+01 -282070.847374688  1.32096467e+04
  2.48190860e+01 -293269.507556583  1.11986602e+04
  5.48655500e+01 -286954.269412442  6.31523814e+03
  1.68631610e+01 -289482.815009687  2.52854560e+03
  1.76628100e+01 -291677.540803300  2.19472579e+03
  6.03036270e+01 -287603.854501126  4.07368630e+03
  1.17061690e+02 -280052.652623733  7.55120188e+03
  6.45615110e+01 -286583.966010472  6.53131339e+03
  1.78898600e+02 -270189.090741479  1.63948753e+04
  1.95517650e+02 -265909.775153630  4.27931559e+03
  5.09020070e+01 -289550.121321772  2.36403462e+04
  2.55719230e+01 -292828.104333971  3.27798301e+03
  5.79533380e+01 -287168.162251891  5.65994208e+03
  3.61759220e+01 -291069.830870758  3.90166862e+03
  1.12355750e+02 -278578.829712318  1.24910012e+04
  1.24849400e+01 -295503.216924758  1.69243872e+04
  1.80961330e+02 -269069.697210916  2.64335197e+04
  5.21887480e+01 -288416.367495111  1.93466703e+04
  1.63813020e+02 -273962.020746820  1.44543467e+04
  1.43079670e+02 -274026.821680520  6.48009337e+01
  2.71257720e+01 -291895.658356338  1.78688367e+04
  6.41010140e+00 -295997.027766306  4.10136941e+03
  4.80636000e+00 -297085.971185536  1.08894342e+03
  1.43915620e+00 -297306.954405285  2.20983220e+02
  2.10311060e+00 -297041.316090127  2.65638315e+02
"Start runs srun -n 248 rspt 1.00e-10 500 on nid001480,  Fri Dec 12 16:09:37 2025"
  1.00318890e-03 -298370.874963468  2.98370875e+05
  2.06534800e-05 -298371.063879530  1.88916062e-01
  3.52682400e-04 -298371.002681513  6.11980170e-02
  2.94136000e-04 -298371.012812445  1.01309320e-02
  7.00246040e-04 -298370.806804066  2.06008379e-01
  2.21192400e-04 -298370.958450125  1.51646059e-01
  3.28181270e-05 -298371.052199363  9.37492380e-02
  9.96751570e-06 -298371.068130440  1.59310770e-02
  2.12790020e-03 -298370.661481419  4.06649021e-01
  7.75765590e-05 -298371.053570290  3.92088871e-01
  4.31344240e-03 -298370.222676518  8.30893772e-01
  4.35198420e-05 -298371.059165567  8.36489049e-01
  4.55895020e-04 -298370.953263062  1.05902505e-01
  9.58024320e-06 -298371.070268664  1.17005602e-01
  6.15044730e-05 -298371.059342328  1.09263360e-02
  5.28901190e-05 -298371.061920761  2.57843302e-03
  9.87683360e-05 -298371.052337341  9.58342000e-03
  8.90096880e-06 -298371.068137344  1.58000030e-02
  6.63635950e-04 -298370.938880190  1.29257154e-01
  9.68195600e-06 -298371.068022008  1.29141818e-01
  3.21851000e-03 -298370.425734564  6.42287444e-01
  2.90084350e-05 -298371.062417712  6.36683148e-01
  1.15401280e-04 -298371.030704302  3.17134100e-02
  8.93981750e-07 -298371.072433678  4.17293760e-02
  2.78371210e-06 -298371.072001826  4.31852008e-04
  1.27073260e-07 -298371.074088675  2.08684901e-03
  3.81895230e-07 -298371.075052616  9.63940984e-04
  4.11006480e-07 -298371.075259106  2.06489989e-04
  9.48480010e-05 -298371.057257662  1.80014440e-02
  2.19859960e-06 -298371.075848247  1.85905850e-02
  1.08164790e-04 -298371.056092712  1.97555350e-02
  2.28293510e-06 -298371.076836848  2.07441360e-02
  1.93149200e-05 -298371.071682018  5.15483000e-03
  8.05710280e-06 -298371.076668904  4.98688599e-03
  3.89521900e-06 -298371.079737384  3.06848000e-03
  5.91285290e-06 -298371.085212662  5.47527801e-03
  4.01770440e-07 -298371.085163283  4.93790139e-05
  1.18658560e-07 -298371.086480591  1.31730799e-03
  3.42971610e-06 -298371.087707287  1.22669601e-03
  6.40291920e-07 -298371.088481360  7.74073007e-04
  1.78193340e-06 -298371.090225970  1.74461002e-03
  5.51649930e-06 -298371.090490614  2.64643983e-04
  1.88885950e-06 -298371.092700549  2.20993499e-03
  9.99385390e-07 -298371.094579250  1.87870103e-03
  5.35611030e-06 -298371.095319787  7.40536954e-04
  9.06376300e-06 -298371.095029559  2.90227996e-04
  1.78841780e-05 -298371.092599537  2.43002200e-03
  2.12221360e-05 -298371.093156264  5.56726998e-04
  1.18921650e-03 -298370.859668307  2.33487957e-01
  2.07833270e-05 -298371.095098229  2.35429922e-01
  2.34370680e-03 -298370.671681377  4.23416852e-01
  7.66470100e-05 -298371.078929457  4.07248080e-01
  3.94014430e-04 -298370.986631994  9.22974630e-02
  1.14725910e-05 -298371.101999441  1.15367447e-01
  1.41748040e-05 -298371.100356257  1.64318399e-03
  1.75041890e-05 -298371.098984046  1.37221097e-03
  1.62336960e-06 -298371.107115088  8.13104195e-03
  3.53552520e-06 -298371.108099521  9.84433049e-04
  5.71579790e-04 -298371.002459736  1.05639785e-01
  1.03722840e-06 -298371.109155021  1.06695285e-01
  1.42660820e-05 -298371.106903626  2.25139502e-03
  5.57988770e-07 -298371.109889549  2.98592303e-03
  3.17172830e-06 -298371.109386198  5.03351039e-04
  1.05328950e-06 -298371.110304997  9.18799022e-04
  9.63518940e-07 -298371.110812557  5.07559977e-04
  4.94494210e-06 -298371.111680469  8.67912022e-04
  1.25778460e-05 -298371.105588263  6.09220599e-03
  1.14016730e-05 -298371.110760703  5.17243997e-03
  1.36120040e-03 -298370.864030437  2.46730266e-01
  2.59670140e-05 -298371.108121065  2.44090628e-01
  1.43991020e-03 -298370.827293270  2.80827795e-01
  9.18811190e-06 -298371.111396125  2.84102855e-01
  8.85598270e-06 -298371.111217177  1.78947987e-04
  1.64264330e-06 -298371.112955136  1.73795898e-03
  4.90625140e-07 -298371.113350772  3.95636016e-04
  2.19366960e-06 -298371.112771986  5.78786014e-04
  2.30287930e-06 -298371.112732606  3.93799855e-05
  1.59249360e-08 -298371.113593303  8.60697008e-04
  1.98142660e-06 -298371.113219404  3.73899005e-04
  5.67659080e-09 -298371.113597755  3.78350960e-04
  1.32585520e-07 -298371.113575269  2.24859687e-05
  1.21651820e-08 -298371.113600309  2.50400044e-05
  5.72275800e-08 -298371.113590359  9.95001756e-06
  1.44360050e-08 -298371.113604379  1.40200136e-05
  1.46778840e-08 -298371.113606894  2.51497841e-06
  1.57155070e-08 -298371.113606040  8.53964593e-07
  2.54525980e-09 -298371.113625636  1.95959583e-05
  1.85323400e-10 -298371.113631202  5.56604937e-06
  4.79546380e-09 -298371.113629298  1.90403080e-06
  1.67295030e-10 -298371.113629975  6.77013304e-07
  9.23070860e-09 -298371.113627013  2.96201324e-06
  2.05782630e-10 -298371.113628979  1.96602196e-06
  1.60664750e-10 -298371.113627915  1.06403604e-06
  2.04992010e-10 -298371.113627757  1.57975592e-07
  1.71495660e-10 -298371.113627257  5.00003807e-07
  6.72475200e-11 -298371.113622467  4.79002483e-06
"Start runs srun -n 60 rspt 1.00e-08 1 on nid001465,  Sun Dec 14 14:44:59 2025"
  6.72475200e-11 -298371.113622467  2.98371114e+05
