"Start runs srun -n 124 rspt 1.00e-09 100 on nid001865, Mon Dec  8 16:32:28 2025"
     0, -298187.524143271
     1, -297681.705206287
     2, -298141.047575146
     3, -295164.033065495
     4, -295873.023773928
     5, -295286.089950081
     6, -297131.810760591
     7, -295256.401947738
     8, -296287.441460607
     9, -296638.336752958
    10, -297079.585222607
    11, -271819.602690221
    12, -295424.609725615
    13, -277650.172988699
    14, -295455.640992017
    15, -294343.932465573
    16, -297519.481497111
    17, -294421.298605451
    18, -296301.402036953
    19, -295388.367276293
    20, -296333.135965605
    21, -289278.226002954
    22, -295801.947238347
    23, -284679.594722613
    24, -295088.209042802
    25, -276704.346425733
    26, -286046.268913661
    27, -285913.165056884
    28, -288962.523454130
    29, -276088.152410565
    30, -296657.603993848
    31, -277047.978172389
    32, -295677.926333050
    33, -277896.775141012
    34, -294131.233176525
    35, -287007.690826151
    36, -296861.417933795
    37, -295938.870017072
    38, -296057.847576412
    39, -294736.291999013
    40, -297032.467804761
    41, -270792.366343563
    42, -292130.863250240
    43, -282922.040526957
    44, -289037.771273046
    45, -248053.357955965
    46, -291353.315258549
    47, -282962.260631616
    48, -294463.622120182
    49, -292487.080866123
    50, -295695.243187586
    51, -255070.220979779
    52, -294437.739678795
    53, -283083.000108222
    54, -287573.582289279
    55, -289216.972807843
    56, -297068.848847575
    57, -295282.527277884
    58, -296070.947460844
    59, -295631.950333158
    60, -296615.673975808
    61, -266069.532509897
    62, -292368.889790596
    63, -271890.248959141
    64, -291577.538920942
    65, -284160.875553244
    66, -296030.458332762
    67, -290103.006344353
    68, -296697.267073762
    69, -295519.197522712
    70, -297707.087445329
    71, -273454.225462989
    72, -296960.330477936
    73, -286010.749877448
    74, -295280.494063163
    75, -282070.847374688
    76, -293269.507556583
    77, -286954.269412442
    78, -289482.815009687
    79, -291677.540803300
    80, -287603.854501126
    81, -280052.652623733
    82, -286583.966010472
    83, -270189.090741479
    84, -265909.775153630
    85, -289550.121321772
    86, -292828.104333971
    87, -287168.162251891
    88, -291069.830870758
    89, -278578.829712318
    90, -295503.216924758
    91, -269069.697210916
    92, -288416.367495111
    93, -273962.020746820
    94, -274026.821680520
    95, -291895.658356338
    96, -295997.027766306
    97, -297085.971185536
    98, -297306.954405285
    99, -297041.316090127
"Start runs srun -n 248 rspt 1.00e-10 500 on nid001480, Fri Dec 12 16:09:37 2025"
   503, -298370.874963468
   504, -298371.063879530
   505, -298371.002681513
   506, -298371.012812445
   507, -298370.806804066
   508, -298370.958450125
   509, -298371.052199363
   510, -298371.068130440
   511, -298370.661481419
   512, -298371.053570290
   513, -298370.222676518
   514, -298371.059165567
   515, -298370.953263062
   516, -298371.070268664
   517, -298371.059342328
   518, -298371.061920761
   519, -298371.052337341
   520, -298371.068137344
   521, -298370.938880190
   522, -298371.068022008
   523, -298370.425734564
   524, -298371.062417712
   525, -298371.030704302
   526, -298371.072433678
   527, -298371.072001826
   528, -298371.074088675
   529, -298371.075052616
   530, -298371.075259106
   531, -298371.057257662
   532, -298371.075848247
   533, -298371.056092712
   534, -298371.076836848
   535, -298371.071682018
   536, -298371.076668904
   537, -298371.079737384
   538, -298371.085212662
   539, -298371.085163283
   540, -298371.086480591
   541, -298371.087707287
   542, -298371.088481360
   543, -298371.090225970
   544, -298371.090490614
   545, -298371.092700549
   546, -298371.094579250
   547, -298371.095319787
   548, -298371.095029559
   549, -298371.092599537
   550, -298371.093156264
   551, -298370.859668307
   552, -298371.095098229
   553, -298370.671681377
   554, -298371.078929457
   555, -298370.986631994
   556, -298371.101999441
   557, -298371.100356257
   558, -298371.098984046
   559, -298371.107115088
   560, -298371.108099521
   561, -298371.002459736
   562, -298371.109155021
   563, -298371.106903626
   564, -298371.109889549
   565, -298371.109386198
   566, -298371.110304997
   567, -298371.110812557
   568, -298371.111680469
   569, -298371.105588263
   570, -298371.110760703
   571, -298370.864030437
   572, -298371.108121065
   573, -298370.827293270
   574, -298371.111396125
   575, -298371.111217177
   576, -298371.112955136
   577, -298371.113350772
   578, -298371.112771986
   579, -298371.112732606
   580, -298371.113593303
   581, -298371.113219404
   582, -298371.113597755
   583, -298371.113575269
   584, -298371.113600309
   585, -298371.113590359
   586, -298371.113604379
   587, -298371.113606894
   588, -298371.113606040
   589, -298371.113625636
   590, -298371.113631202
   591, -298371.113629298
   592, -298371.113629975
   593, -298371.113627013
   594, -298371.113628979
   595, -298371.113627915
   596, -298371.113627757
   597, -298371.113627257
   598, -298371.113622467
"Start runs srun -n 60 rspt 1.00e-08 1 on nid001465, Sun Dec 14 14:44:59 2025"
   598, -298371.113622467
