# ACE/gr parameter file
#
@    version 50122
@    world xmin 0.25
@    world xmax 0.75
@    title font 5
@    xaxis  tick major 0.1
@    xaxis  tick minor 0.02
@    xaxis  label "(r-r\s1\N)/d"
@    xaxis  label font 5
@    xaxis  label char size 1.2
@    xaxis  ticklabel font 4
@    xaxis  ticklabel char size 1
@    yaxis  tick major .1
@    yaxis  tick minor .02
@    yaxis  label font 4
@    yaxis  label char size 1.2
@    yaxis  ticklabel font 5
@    yaxis  ticklabel char size 1
@    title "potential between neighbors"
@    yaxis  label "V(r) (Ry)"
@    world ymin -10.
@    world ymax   .0
@    yaxis  tick major 2
@    yaxis  tick minor 1
@ s0 color  1
@ s0 linestyle  1
@ legend string 0 "(1)-(2)"
@target s0
@type xy
  .1000000000 -301.5729511
  .1050000000 -287.2134036
  .1100000000 -274.1588884
  .1150000000 -262.2333495
  .1200000000 -251.2974207
  .1250000000 -241.2596391
  .1300000000 -231.9713405
  .1350000000 -223.3873442
  .1400000000 -215.4001136
  .1450000000 -207.9826759
  .1500000000 -201.0415678
  .1550000000 -194.5578804
  .1600000000 -188.4839029
  .1650000000 -182.7706043
  .1700000000 -177.3890063
  .1750000000 -172.3161314
  .1800000000 -167.5348384
  .1850000000 -163.0096530
  .1900000000 -158.7212505
  .1950000000 -154.6519958
  .2000000000 -150.7857731
  .2050000000 -147.1078348
  .2100000000 -143.6046692
  .2150000000 -140.2638824
  .2200000000 -137.0740933
  .2250000000 -134.0248404
  .2300000000 -131.1095973
  .2350000000 -128.3243856
  .2400000000 -125.6539130
  .2450000000 -123.0905033
  .2500000000 -120.6270736
  .2550000000 -118.2570838
  .2600000000 -115.9841562
  .2650000000 -113.7999144
  .2700000000 -111.6924738
  .2750000000 -109.6569753
  .2800000000 -107.7002807
  .2850000000 -105.8143219
  .2900000000 -103.9876383
  .2950000000 -102.2218362
  .3000000000 -100.5233532
  .3050000000 -98.87372665
  .3100000000 -97.27599162
  .3150000000 -95.73669014
  .3200000000 -94.23765351
  .3250000000 -92.78853973
  .3300000000 -91.38478439
  .3350000000 -90.01419658
  .3400000000 -88.69702857
  .3450000000 -87.40901028
  .3500000000 -86.16133520
  .3550000000 -84.94868454
  .3600000000 -83.76585647
  .3650000000 -82.62204692
  .3700000000 -81.49981768
  .3750000000 -80.41892734
  .3800000000 -79.35567999
  .3850000000 -78.33005337
  .3900000000 -77.32177101
  .3950000000 -76.34695837
  .4000000000 -75.38901720
  .4050000000 -74.46190058
  .4100000000 -73.55008912
  .4150000000 -72.66779162
  .4200000000 -71.79827073
  .4250000000 -70.95813317
  .4300000000 -70.12782201
  .4350000000 -69.32696080
  .4400000000 -68.53566906
  .4450000000 -67.76879406
  .4500000000 -67.01429402
  .4550000000 -66.27859225
  .4600000000 -65.55881325
  .4650000000 -64.85171500
  .4700000000 -64.16472982
  .4750000000 -63.48501447
  .4800000000  .0000362445
  .4850000000 -.0000176150
  .4900000000 -.0000825342
  .4950000000 -.0001541535
  .5000000000 -.0002279879
  .5050000000 -.0002999566
  .5100000000 -.0003667423
  .5150000000 -.0004259593
  .5200000000 -.0004761484
  .5250000000 -63.48564589
  .5300000000 -64.16543389
  .5350000000 -64.85249248
  .5400000000 -65.55965204
  .5450000000 -66.27948798
  .5500000000 -67.01524094
  .5550000000 -67.76978425
  .5600000000 -68.53670062
  .5650000000 -69.32802449
  .5700000000 -70.12891801
  .5750000000 -70.95925271
  .5800000000 -71.79941407
  .5850000000 -72.66895317
  .5900000000 -73.55126841
  .5950000000 -74.46309443
  .6000000000 -75.39022508
  .6050000000 -76.34817864
  .6100000000 -77.32300339
  .6150000000 -78.33129723
  .6200000000 -79.35693531
  .6250000000 -80.42019404
  .6300000000 -81.50109589
  .6350000000 -82.62333676
  .6400000000 -83.76715808
  .6450000000 -84.94999797
  .6500000000 -86.16266039
  .6550000000 -87.41034713
  .6600000000 -88.69837655
  .6650000000 -90.01555555
  .6700000000 -91.38615296
  .6750000000 -92.78991730
  .6800000000 -94.23903883
  .6850000000 -95.73808136
  .6900000000 -97.27738763
  .6950000000 -98.87512485
  .7000000000 -100.5247514
  .7050000000 -102.2232327
  .7100000000 -103.9890296
  .7150000000 -105.8157053
  .7200000000 -107.7016538
  .7250000000 -109.6583348
  .7300000000 -111.6938161
  .7350000000 -113.8012368
  .7400000000 -115.9854557
  .7450000000 -118.2583570
  .7500000000 -120.6283170
  .7550000000 -123.0917141
  .7600000000 -125.6550883
  .7650000000 -128.3255225
  .7700000000 -131.1106931
  .7750000000 -134.0258920
  .7800000000 -137.0750978
  .7850000000 -140.2648372
  .7900000000 -143.6055714
  .7950000000 -147.1086815
  .8000000000 -150.7865610
  .8050000000 -154.6527216
  .8100000000 -158.7219102
  .8150000000 -163.0102427
  .8200000000 -167.5353541
  .8250000000 -172.3165694
  .8300000000 -177.3893642
  .8350000000 -182.7708816
  .8400000000 -188.4841024
  .8450000000 -194.5580083
  .8500000000 -201.0416345
  .8550000000 -207.9826952
  .8600000000 -215.4000978
  .8650000000 -223.3873067
  .8700000000 -231.9712910
  .8750000000 -241.2595867
  .8800000000 -251.2973724
  .8850000000 -262.2333128
  .8900000000 -274.1588694
  .8950000000 -287.2134073
&
@ s1 color  1
@ s1 linestyle  1
@target s1
@type xy
  .4753377083 -10.000
  .4753377083  10.000
  .5246622916  10.000
  .5246622916 -10.000
&
@ s2 color  2
@ s2 linestyle  1
@ legend string 2 "(2)-(1)"
@target s2
@type xy
  .1000000000 -301.5729811
  .1050000000 -287.2134073
  .1100000000 -274.1588694
  .1150000000 -262.2333128
  .1200000000 -251.2973724
  .1250000000 -241.2595867
  .1300000000 -231.9712910
  .1350000000 -223.3873067
  .1400000000 -215.4000978
  .1450000000 -207.9826952
  .1500000000 -201.0416345
  .1550000000 -194.5580083
  .1600000000 -188.4841024
  .1650000000 -182.7708816
  .1700000000 -177.3893642
  .1750000000 -172.3165694
  .1800000000 -167.5353541
  .1850000000 -163.0102427
  .1900000000 -158.7219102
  .1950000000 -154.6527216
  .2000000000 -150.7865610
  .2050000000 -147.1086815
  .2100000000 -143.6055714
  .2150000000 -140.2648372
  .2200000000 -137.0750978
  .2250000000 -134.0258920
  .2300000000 -131.1106931
  .2350000000 -128.3255225
  .2400000000 -125.6550883
  .2450000000 -123.0917141
  .2500000000 -120.6283170
  .2550000000 -118.2583570
  .2600000000 -115.9854557
  .2650000000 -113.8012368
  .2700000000 -111.6938161
  .2750000000 -109.6583348
  .2800000000 -107.7016538
  .2850000000 -105.8157053
  .2900000000 -103.9890296
  .2950000000 -102.2232327
  .3000000000 -100.5247514
  .3050000000 -98.87512485
  .3100000000 -97.27738763
  .3150000000 -95.73808136
  .3200000000 -94.23903883
  .3250000000 -92.78991730
  .3300000000 -91.38615296
  .3350000000 -90.01555555
  .3400000000 -88.69837655
  .3450000000 -87.41034713
  .3500000000 -86.16266039
  .3550000000 -84.94999797
  .3600000000 -83.76715808
  .3650000000 -82.62333676
  .3700000000 -81.50109589
  .3750000000 -80.42019404
  .3800000000 -79.35693531
  .3850000000 -78.33129723
  .3900000000 -77.32300339
  .3950000000 -76.34817864
  .4000000000 -75.39022508
  .4050000000 -74.46309443
  .4100000000 -73.55126841
  .4150000000 -72.66895317
  .4200000000 -71.79941407
  .4250000000 -70.95925271
  .4300000000 -70.12891801
  .4350000000 -69.32802449
  .4400000000 -68.53670062
  .4450000000 -67.76978425
  .4500000000 -67.01524094
  .4550000000 -66.27948798
  .4600000000 -65.55965204
  .4650000000 -64.85249248
  .4700000000 -64.16543389
  .4750000000 -63.48564589
  .4800000000 -.0004761484
  .4850000000 -.0004259593
  .4900000000 -.0003667423
  .4950000000 -.0002999566
  .5000000000 -.0002279879
  .5050000000 -.0001541535
  .5100000000 -.0000825342
  .5150000000 -.0000176150
  .5200000000  .0000362445
  .5250000000 -63.48501447
  .5300000000 -64.16472982
  .5350000000 -64.85171500
  .5400000000 -65.55881325
  .5450000000 -66.27859225
  .5500000000 -67.01429402
  .5550000000 -67.76879406
  .5600000000 -68.53566906
  .5650000000 -69.32696080
  .5700000000 -70.12782201
  .5750000000 -70.95813317
  .5800000000 -71.79827073
  .5850000000 -72.66779162
  .5900000000 -73.55008912
  .5950000000 -74.46190058
  .6000000000 -75.38901720
  .6050000000 -76.34695837
  .6100000000 -77.32177101
  .6150000000 -78.33005337
  .6200000000 -79.35567999
  .6250000000 -80.41892734
  .6300000000 -81.49981768
  .6350000000 -82.62204692
  .6400000000 -83.76585647
  .6450000000 -84.94868454
  .6500000000 -86.16133520
  .6550000000 -87.40901028
  .6600000000 -88.69702857
  .6650000000 -90.01419658
  .6700000000 -91.38478439
  .6750000000 -92.78853973
  .6800000000 -94.23765351
  .6850000000 -95.73669014
  .6900000000 -97.27599162
  .6950000000 -98.87372665
  .7000000000 -100.5233532
  .7050000000 -102.2218362
  .7100000000 -103.9876383
  .7150000000 -105.8143219
  .7200000000 -107.7002807
  .7250000000 -109.6569753
  .7300000000 -111.6924738
  .7350000000 -113.7999144
  .7400000000 -115.9841562
  .7450000000 -118.2570838
  .7500000000 -120.6270736
  .7550000000 -123.0905033
  .7600000000 -125.6539130
  .7650000000 -128.3243856
  .7700000000 -131.1095973
  .7750000000 -134.0248404
  .7800000000 -137.0740933
  .7850000000 -140.2638824
  .7900000000 -143.6046692
  .7950000000 -147.1078348
  .8000000000 -150.7857731
  .8050000000 -154.6519958
  .8100000000 -158.7212505
  .8150000000 -163.0096530
  .8200000000 -167.5348384
  .8250000000 -172.3161314
  .8300000000 -177.3890063
  .8350000000 -182.7706043
  .8400000000 -188.4839029
  .8450000000 -194.5578804
  .8500000000 -201.0415678
  .8550000000 -207.9826759
  .8600000000 -215.4001136
  .8650000000 -223.3873442
  .8700000000 -231.9713405
  .8750000000 -241.2596391
  .8800000000 -251.2974207
  .8850000000 -262.2333495
  .8900000000 -274.1588884
  .8950000000 -287.2134036
&
@ s3 color  2
@ s3 linestyle  1
@target s3
@type xy
  .4753377083 -10.000
  .4753377083  10.000
  .5246622916  10.000
  .5246622916 -10.000
&
@ s4 color  3
@ s4 linestyle  1
@ legend string 4 "(3)-(3)"
@target s4
@type xy
  .1000000000 -299.2225410
  .1050000000 -284.9776006
  .1100000000 -272.0321055
  .1150000000 -260.2102740
  .1200000000 -249.3633789
  .1250000000 -239.3827297
  .1300000000 -230.1859716
  .1350000000 -221.6460694
  .1400000000 -213.7437838
  .1450000000 -206.3672777
  .1500000000 -199.4880216
  .1550000000 -193.0593176
  .1600000000 -187.0224146
  .1650000000 -181.3452822
  .1700000000 -176.0190252
  .1750000000 -170.9939748
  .1800000000 -166.2454108
  .1850000000 -161.7521439
  .1900000000 -157.4948689
  .1950000000 -153.4559702
  .2000000000 -149.6193511
  .2050000000 -145.9702831
  .2100000000 -142.4952726
  .2150000000 -139.1819436
  .2200000000 -136.0189322
  .2250000000 -132.9957939
  .2300000000 -130.1029197
  .2350000000 -127.3314617
  .2400000000 -124.6751994
  .2450000000 -122.1360075
  .2500000000 -119.6961951
  .2550000000 -117.3492372
  .2600000000 -115.0891057
  .2650000000 -112.9145407
  .2700000000 -110.8289996
  .2750000000 -108.8148575
  .2800000000 -106.8676312
  .2850000000 -104.9930303
  .2900000000 -103.1866529
  .2950000000 -101.4354243
  .3000000000 -99.74216271
  .3050000000 -98.11184473
  .3100000000 -96.52698773
  .3150000000 -94.99362471
  .3200000000 -93.51294934
  .3250000000 -92.06974048
  .3300000000 -90.67796921
  .3350000000 -89.32484316
  .3400000000 -88.00765622
  .3450000000 -86.73666641
  .3500000000 -85.49255445
  .3550000000 -84.29292699
  .3600000000 -83.12019394
  .3650000000 -81.98246310
  .3700000000 -80.87496401
  .3750000000 -79.79511457
  .3800000000 -78.74726979
  .3850000000 -77.72161816
  .3900000000 -76.72835576
  .3950000000 -75.75351579
  .4000000000 -74.81022078
  .4050000000 -73.88307373
  .4100000000 -72.98554315
  .4150000000 -72.10321132
  .4200000000 -71.24761438
  .4250000000 -70.40743787
  .4300000000 -69.59028061
  .4350000000 -68.78979672
  .4400000000 -68.00789048
  .4450000000 -67.24481555
  .4500000000 -66.49524890
  .4550000000 -65.76746219
  .4600000000 -65.04762958
  .4650000000 -64.35310503
  .4700000000 -63.66606196
  .4750000000 -.0001783914
  .4800000000 -.0001876657
  .4850000000 -.0001940608
  .4900000000 -.0001974608
  .4950000000 -.0001978431
  .5000000000 -.0001952717
  .5050000000 -.0001898875
  .5100000000 -.0001818961
  .5150000000 -.0001715542
  .5200000000 -.0001591561
  .5250000000 -.0001450206
  .5300000000 -63.66606188
  .5350000000 -64.35310491
  .5400000000 -65.04762942
  .5450000000 -65.76746200
  .5500000000 -66.49524869
  .5550000000 -67.24481533
  .5600000000 -68.00789025
  .5650000000 -68.78979649
  .5700000000 -69.59028039
  .5750000000 -70.40743765
  .5800000000 -71.24761418
  .5850000000 -72.10321113
  .5900000000 -72.98554297
  .5950000000 -73.88307356
  .6000000000 -74.81022063
  .6050000000 -75.75351565
  .6100000000 -76.72835564
  .6150000000 -77.72161805
  .6200000000 -78.74726969
  .6250000000 -79.79511447
  .6300000000 -80.87496392
  .6350000000 -81.98246301
  .6400000000 -83.12019385
  .6450000000 -84.29292691
  .6500000000 -85.49255437
  .6550000000 -86.73666633
  .6600000000 -88.00765615
  .6650000000 -89.32484309
  .6700000000 -90.67796913
  .6750000000 -92.06974040
  .6800000000 -93.51294926
  .6850000000 -94.99362463
  .6900000000 -96.52698766
  .6950000000 -98.11184465
  .7000000000 -99.74216263
  .7050000000 -101.4354243
  .7100000000 -103.1866528
  .7150000000 -104.9930302
  .7200000000 -106.8676311
  .7250000000 -108.8148574
  .7300000000 -110.8289995
  .7350000000 -112.9145406
  .7400000000 -115.0891056
  .7450000000 -117.3492371
  .7500000000 -119.6961951
  .7550000000 -122.1360074
  .7600000000 -124.6751994
  .7650000000 -127.3314617
  .7700000000 -130.1029197
  .7750000000 -132.9957938
  .7800000000 -136.0189321
  .7850000000 -139.1819435
  .7900000000 -142.4952725
  .7950000000 -145.9702830
  .8000000000 -149.6193511
  .8050000000 -153.4559701
  .8100000000 -157.4948688
  .8150000000 -161.7521438
  .8200000000 -166.2454108
  .8250000000 -170.9939747
  .8300000000 -176.0190251
  .8350000000 -181.3452822
  .8400000000 -187.0224146
  .8450000000 -193.0593176
  .8500000000 -199.4880215
  .8550000000 -206.3672777
  .8600000000 -213.7437838
  .8650000000 -221.6460694
  .8700000000 -230.1859716
  .8750000000 -239.3827297
  .8800000000 -249.3633789
  .8850000000 -260.2102740
  .8900000000 -272.0321055
  .8950000000 -284.9776006
&
@ s5 color  3
@ s5 linestyle  1
@target s5
@type xy
  .4716605719 -10.000
  .4716605719  10.000
  .5283394280  10.000
  .5283394280 -10.000
&
@ s6 color  4
@ s6 linestyle  1
@ legend string 6 "(4)-(4)"
@target s6
@type xy
  .1000000000 -299.2225416
  .1050000000 -284.9776011
  .1100000000 -272.0321059
  .1150000000 -260.2102743
  .1200000000 -249.3633791
  .1250000000 -239.3827299
  .1300000000 -230.1859721
  .1350000000 -221.6460702
  .1400000000 -213.7437852
  .1450000000 -206.3672798
  .1500000000 -199.4880244
  .1550000000 -193.0593212
  .1600000000 -187.0224191
  .1650000000 -181.3452875
  .1700000000 -176.0190315
  .1750000000 -170.9939821
  .1800000000 -166.2454193
  .1850000000 -161.7521534
  .1900000000 -157.4948795
  .1950000000 -153.4559819
  .2000000000 -149.6193639
  .2050000000 -145.9702968
  .2100000000 -142.4952872
  .2150000000 -139.1819589
  .2200000000 -136.0189482
  .2250000000 -132.9958106
  .2300000000 -130.1029369
  .2350000000 -127.3314793
  .2400000000 -124.6752174
  .2450000000 -122.1360256
  .2500000000 -119.6962134
  .2550000000 -117.3492555
  .2600000000 -115.0891239
  .2650000000 -112.9145586
  .2700000000 -110.8290172
  .2750000000 -108.8148747
  .2800000000 -106.8676479
  .2850000000 -104.9930464
  .2900000000 -103.1866683
  .2950000000 -101.4354390
  .3000000000 -99.74217649
  .3050000000 -98.11185756
  .3100000000 -96.52699957
  .3150000000 -94.99363547
  .3200000000 -93.51295895
  .3250000000 -92.06974889
  .3300000000 -90.67797632
  .3350000000 -89.32484890
  .3400000000 -88.00766051
  .3450000000 -86.73666908
  .3500000000 -85.49255546
  .3550000000 -84.29292608
  .3600000000 -83.12019100
  .3650000000 -81.98245790
  .3700000000 -80.87495629
  .3750000000 -79.79510412
  .3800000000 -78.74725621
  .3850000000 -77.72160127
  .3900000000 -76.72833501
  .3950000000 -75.75349105
  .4000000000 -74.81019141
  .4050000000 -73.88303963
  .4100000000 -72.98550369
  .4150000000 -72.10316640
  .4200000000 -71.24756351
  .4250000000 -70.40738093
  .4300000000 -69.59021731
  .4350000000 -68.78972695
  .4400000000 -68.00781419
  .4450000000 -67.24473269
  .4500000000 -66.49515957
  .4550000000 -65.76736652
  .4600000000 -65.04752765
  .4650000000 -64.35299732
  .4700000000 -63.66594854
  .4750000000 -.0000656654
  .4800000000 -.0000707755
  .4850000000 -.0000749817
  .4900000000 -.0000782786
  .4950000000 -.0000806558
  .5000000000 -.0000820939
  .5050000000 -.0000825632
  .5100000000 -.0000820250
  .5150000000 -.0000804359
  .5200000000 -.0000777550
  .5250000000 -.0000739522
  .5300000000 -63.66594834
  .5350000000 -64.35299705
  .5400000000 -65.04752729
  .5450000000 -65.76736611
  .5500000000 -66.49515911
  .5550000000 -67.24473220
  .5600000000 -68.00781367
  .5650000000 -68.78972641
  .5700000000 -69.59021677
  .5750000000 -70.40738039
  .5800000000 -71.24756298
  .5850000000 -72.10316589
  .5900000000 -72.98550319
  .5950000000 -73.88303915
  .6000000000 -74.81019095
  .6050000000 -75.75349061
  .6100000000 -76.72833460
  .6150000000 -77.72160088
  .6200000000 -78.74725583
  .6250000000 -79.79510377
  .6300000000 -80.87495596
  .6350000000 -81.98245758
  .6400000000 -83.12019070
  .6450000000 -84.29292579
  .6500000000 -85.49255518
  .6550000000 -86.73666882
  .6600000000 -88.00766027
  .6650000000 -89.32484866
  .6700000000 -90.67797610
  .6750000000 -92.06974869
  .6800000000 -93.51295876
  .6850000000 -94.99363530
  .6900000000 -96.52699941
  .6950000000 -98.11185742
  .7000000000 -99.74217636
  .7050000000 -101.4354388
  .7100000000 -103.1866682
  .7150000000 -104.9930463
  .7200000000 -106.8676478
  .7250000000 -108.8148747
  .7300000000 -110.8290172
  .7350000000 -112.9145587
  .7400000000 -115.0891239
  .7450000000 -117.3492555
  .7500000000 -119.6962135
  .7550000000 -122.1360257
  .7600000000 -124.6752175
  .7650000000 -127.3314795
  .7700000000 -130.1029371
  .7750000000 -132.9958108
  .7800000000 -136.0189485
  .7850000000 -139.1819591
  .7900000000 -142.4952874
  .7950000000 -145.9702970
  .8000000000 -149.6193641
  .8050000000 -153.4559822
  .8100000000 -157.4948798
  .8150000000 -161.7521537
  .8200000000 -166.2454195
  .8250000000 -170.9939824
  .8300000000 -176.0190317
  .8350000000 -181.3452878
  .8400000000 -187.0224192
  .8450000000 -193.0593214
  .8500000000 -199.4880245
  .8550000000 -206.3672799
  .8600000000 -213.7437853
  .8650000000 -221.6460702
  .8700000000 -230.1859721
  .8750000000 -239.3827299
  .8800000000 -249.3633791
  .8850000000 -260.2102743
  .8900000000 -272.0321059
  .8950000000 -284.9776010
&
@ s7 color  4
@ s7 linestyle  1
@target s7
@type xy
  .4716605719 -10.000
  .4716605719  10.000
  .5283394280  10.000
  .5283394280 -10.000
&
@ s8 color  5
@ s8 linestyle  1
@ legend string 8 "(5)-(5)"
@target s8
@type xy
  .1000000000 -299.2225402
  .1050000000 -284.9776069
  .1100000000 -272.0321168
  .1150000000 -260.2102876
  .1200000000 -249.3633920
  .1250000000 -239.3827395
  .1300000000 -230.1859751
  .1350000000 -221.6460635
  .1400000000 -213.7437648
  .1450000000 -206.3672421
  .1500000000 -199.4879657
  .1550000000 -193.0592388
  .1600000000 -187.0223118
  .1650000000 -181.3451554
  .1700000000 -176.0188759
  .1750000000 -170.9938050
  .1800000000 -166.2452229
  .1850000000 -161.7519402
  .1900000000 -157.4946515
  .1950000000 -153.4557412
  .2000000000 -149.6191121
  .2050000000 -145.9700356
  .2100000000 -142.4950179
  .2150000000 -139.1816828
  .2200000000 -136.0186664
  .2250000000 -132.9955241
  .2300000000 -130.1026467
  .2350000000 -127.3311864
  .2400000000 -124.6749225
  .2450000000 -122.1357299
  .2500000000 -119.6959176
  .2550000000 -117.3489604
  .2600000000 -115.0888303
  .2650000000 -112.9142672
  .2700000000 -110.8287288
  .2750000000 -108.8145899
  .2800000000 -106.8673672
  .2850000000 -104.9927704
  .2900000000 -103.1863976
  .2950000000 -101.4351738
  .3000000000 -99.74191732
  .3050000000 -98.11160473
  .3100000000 -96.52675323
  .3150000000 -94.99339584
  .3200000000 -93.51272622
  .3250000000 -92.06952310
  .3300000000 -90.67775761
  .3350000000 -89.32463731
  .3400000000 -88.00745605
  .3450000000 -86.73647184
  .3500000000 -85.49236540
  .3550000000 -84.29274334
  .3600000000 -83.12001559
  .3650000000 -81.98228994
  .3700000000 -80.87479592
  .3750000000 -79.79495144
  .3800000000 -78.74711150
  .3850000000 -77.72146463
  .3900000000 -76.72820689
  .3950000000 -75.75337150
  .4000000000 -74.81008102
  .4050000000 -73.88293843
  .4100000000 -72.98541229
  .4150000000 -72.10308486
  .4200000000 -71.24749232
  .4250000000 -70.40732017
  .4300000000 -69.59016729
  .4350000000 -68.78968775
  .4400000000 -68.00778585
  .4450000000 -67.24471526
  .4500000000 -66.49515287
  .4550000000 -65.76737033
  .4600000000 -65.04754187
  .4650000000 -64.35302109
  .4700000000 -63.66598174
  .4750000000  .0002422897
  .4800000000  .0002337740
  .4850000000  .0002267223
  .4900000000  .0002214792
  .4950000000  .0002182903
  .5000000000  .0002172808
  .5050000000  .0002184426
  .5100000000  .0002216312
  .5150000000  .0002265720
  .5200000000  .0002328764
  .5250000000  .0002400665
  .5300000000 -63.66598160
  .5350000000 -64.35302092
  .5400000000 -65.04754169
  .5450000000 -65.76737015
  .5500000000 -66.49515268
  .5550000000 -67.24471506
  .5600000000 -68.00778566
  .5650000000 -68.78968755
  .5700000000 -69.59016709
  .5750000000 -70.40731997
  .5800000000 -71.24749212
  .5850000000 -72.10308465
  .5900000000 -72.98541209
  .5950000000 -73.88293823
  .6000000000 -74.81008082
  .6050000000 -75.75337130
  .6100000000 -76.72820668
  .6150000000 -77.72146443
  .6200000000 -78.74711130
  .6250000000 -79.79495124
  .6300000000 -80.87479572
  .6350000000 -81.98228975
  .6400000000 -83.12001541
  .6450000000 -84.29274316
  .6500000000 -85.49236523
  .6550000000 -86.73647168
  .6600000000 -88.00745589
  .6650000000 -89.32463716
  .6700000000 -90.67775747
  .6750000000 -92.06952297
  .6800000000 -93.51272610
  .6850000000 -94.99339573
  .6900000000 -96.52675313
  .6950000000 -98.11160464
  .7000000000 -99.74191724
  .7050000000 -101.4351738
  .7100000000 -103.1863976
  .7150000000 -104.9927704
  .7200000000 -106.8673672
  .7250000000 -108.8145899
  .7300000000 -110.8287288
  .7350000000 -112.9142672
  .7400000000 -115.0888303
  .7450000000 -117.3489605
  .7500000000 -119.6959177
  .7550000000 -122.1357300
  .7600000000 -124.6749226
  .7650000000 -127.3311864
  .7700000000 -130.1026468
  .7750000000 -132.9955241
  .7800000000 -136.0186665
  .7850000000 -139.1816829
  .7900000000 -142.4950180
  .7950000000 -145.9700357
  .8000000000 -149.6191122
  .8050000000 -153.4557413
  .8100000000 -157.4946516
  .8150000000 -161.7519403
  .8200000000 -166.2452230
  .8250000000 -170.9938051
  .8300000000 -176.0188759
  .8350000000 -181.3451555
  .8400000000 -187.0223118
  .8450000000 -193.0592389
  .8500000000 -199.4879657
  .8550000000 -206.3672421
  .8600000000 -213.7437648
  .8650000000 -221.6460636
  .8700000000 -230.1859751
  .8750000000 -239.3827395
  .8800000000 -249.3633920
  .8850000000 -260.2102876
  .8900000000 -272.0321168
  .8950000000 -284.9776069
&
@ s9 color  5
@ s9 linestyle  1
@target s9
@type xy
  .4716605719 -10.000
  .4716605719  10.000
  .5283394280  10.000
  .5283394280 -10.000
&
@ s10 color  1
@ s10 linestyle  2
@ legend string 10 "(6)-(6)"
@target s10
@type xy
  .1000000000 -299.2225382
  .1050000000 -284.9776051
  .1100000000 -272.0321154
  .1150000000 -260.2102866
  .1200000000 -249.3633917
  .1250000000 -239.3827401
  .1300000000 -230.1859767
  .1350000000 -221.6460664
  .1400000000 -213.7437689
  .1450000000 -206.3672474
  .1500000000 -199.4879720
  .1550000000 -193.0592457
  .1600000000 -187.0223189
  .1650000000 -181.3451623
  .1700000000 -176.0188821
  .1750000000 -170.9938100
  .1800000000 -166.2452265
  .1850000000 -161.7519420
  .1900000000 -157.4946511
  .1950000000 -153.4557383
  .2000000000 -149.6191065
  .2050000000 -145.9700270
  .2100000000 -142.4950060
  .2150000000 -139.1816674
  .2200000000 -136.0186473
  .2250000000 -132.9955010
  .2300000000 -130.1026195
  .2350000000 -127.3311549
  .2400000000 -124.6748866
  .2450000000 -122.1356895
  .2500000000 -119.6958725
  .2550000000 -117.3489106
  .2600000000 -115.0887758
  .2650000000 -112.9142080
  .2700000000 -110.8286650
  .2750000000 -108.8145214
  .2800000000 -106.8672942
  .2850000000 -104.9926931
  .2900000000 -103.1863160
  .2950000000 -101.4350882
  .3000000000 -99.74182773
  .3050000000 -98.11151142
  .3100000000 -96.52665634
  .3150000000 -94.99329554
  .3200000000 -93.51262268
  .3250000000 -92.06941643
  .3300000000 -90.67764795
  .3350000000 -89.32452473
  .3400000000 -88.00734064
  .3450000000 -86.73635362
  .3500000000 -85.49224439
  .3550000000 -84.29261949
  .3600000000 -83.11988887
  .3650000000 -81.98216026
  .3700000000 -80.87466319
  .3750000000 -79.79481558
  .3800000000 -78.74697236
  .3850000000 -77.72132216
  .3900000000 -76.72806093
  .3950000000 -75.75322204
  .4000000000 -74.80992797
  .4050000000 -73.88278180
  .4100000000 -72.98525215
  .4150000000 -72.10292125
  .4200000000 -71.24732550
  .4250000000 -70.40715023
  .4300000000 -69.58999462
  .4350000000 -68.78951258
  .4400000000 -68.00760859
  .4450000000 -67.24453633
  .4500000000 -66.49497255
  .4550000000 -65.76718934
  .4600000000 -65.04736020
  .4650000000 -64.35283977
  .4700000000 -63.66580077
  .4750000000  .0002337553
  .4800000000  .0002188029
  .4850000000  .0002065967
  .4900000000  .0001975614
  .4950000000  .0001920195
  .5000000000  .0001901768
  .5050000000  .0001921134
  .5100000000  .0001977795
  .5150000000  .0002069978
  .5200000000  .0002194707
  .5250000000  .0002347928
  .5300000000 -63.66580068
  .5350000000 -64.35283967
  .5400000000 -65.04736010
  .5450000000 -65.76718923
  .5500000000 -66.49497243
  .5550000000 -67.24453619
  .5600000000 -68.00760844
  .5650000000 -68.78951241
  .5700000000 -69.58999444
  .5750000000 -70.40715004
  .5800000000 -71.24732529
  .5850000000 -72.10292104
  .5900000000 -72.98525193
  .5950000000 -73.88278158
  .6000000000 -74.80992774
  .6050000000 -75.75322182
  .6100000000 -76.72806071
  .6150000000 -77.72132195
  .6200000000 -78.74697216
  .6250000000 -79.79481539
  .6300000000 -80.87466301
  .6350000000 -81.98216010
  .6400000000 -83.11988872
  .6450000000 -84.29261935
  .6500000000 -85.49224427
  .6550000000 -86.73635352
  .6600000000 -88.00734055
  .6650000000 -89.32452467
  .6700000000 -90.67764791
  .6750000000 -92.06941641
  .6800000000 -93.51262268
  .6850000000 -94.99329556
  .6900000000 -96.52665638
  .6950000000 -98.11151149
  .7000000000 -99.74182782
  .7050000000 -101.4350883
  .7100000000 -103.1863162
  .7150000000 -104.9926932
  .7200000000 -106.8672944
  .7250000000 -108.8145217
  .7300000000 -110.8286652
  .7350000000 -112.9142083
  .7400000000 -115.0887761
  .7450000000 -117.3489110
  .7500000000 -119.6958729
  .7550000000 -122.1356898
  .7600000000 -124.6748870
  .7650000000 -127.3311553
  .7700000000 -130.1026200
  .7750000000 -132.9955015
  .7800000000 -136.0186478
  .7850000000 -139.1816679
  .7900000000 -142.4950066
  .7950000000 -145.9700275
  .8000000000 -149.6191071
  .8050000000 -153.4557389
  .8100000000 -157.4946517
  .8150000000 -161.7519425
  .8200000000 -166.2452270
  .8250000000 -170.9938105
  .8300000000 -176.0188825
  .8350000000 -181.3451627
  .8400000000 -187.0223192
  .8450000000 -193.0592460
  .8500000000 -199.4879722
  .8550000000 -206.3672475
  .8600000000 -213.7437690
  .8650000000 -221.6460664
  .8700000000 -230.1859767
  .8750000000 -239.3827401
  .8800000000 -249.3633917
  .8850000000 -260.2102866
  .8900000000 -272.0321153
  .8950000000 -284.9776051
&
@ s11 color  1
@ s11 linestyle  2
@target s11
@type xy
  .4716605719 -10.000
  .4716605719  10.000
  .5283394280  10.000
  .5283394280 -10.000
&
@ s12 color  2
@ s12 linestyle  2
@ legend string 12 "(7)-(7)"
@target s12
@type xy
  .1000000000 -299.2225345
  .1050000000 -284.9775714
  .1100000000 -272.0320617
  .1150000000 -260.2102244
  .1200000000 -249.3633323
  .1250000000 -239.3826946
  .1300000000 -230.1859569
  .1350000000 -221.6460830
  .1400000000 -213.7438371
  .1450000000 -206.3673808
  .1500000000 -199.4881852
  .1550000000 -193.0595493
  .1600000000 -187.0227170
  .1650000000 -181.3456538
  .1700000000 -176.0194602
  .1750000000 -170.9944656
  .1800000000 -166.2459491
  .1850000000 -161.7527216
  .1900000000 -157.4954786
  .1950000000 -153.4566055
  .2000000000 -149.6200064
  .2050000000 -145.9709535
  .2100000000 -142.4959540
  .2150000000 -139.1826322
  .2200000000 -136.0196249
  .2250000000 -132.9964876
  .2300000000 -130.1036116
  .2350000000 -127.3321493
  .2400000000 -124.6758801
  .2450000000 -122.1366784
  .2500000000 -119.6968542
  .2550000000 -117.3498824
  .2600000000 -115.0897352
  .2650000000 -112.9151526
  .2700000000 -110.8295919
  .2750000000 -108.8154289
  .2800000000 -106.8681806
  .2850000000 -104.9935565
  .2900000000 -103.1871550
  .2950000000 -101.4359018
  .3000000000 -99.74261519
  .3050000000 -98.11227184
  .3100000000 -96.52738961
  .3150000000 -94.99400146
  .3200000000 -93.51330137
  .3250000000 -92.07006825
  .3300000000 -90.67827342
  .3350000000 -89.32512458
  .3400000000 -88.00791554
  .3450000000 -86.73690482
  .3500000000 -85.49277256
  .3550000000 -84.29312612
  .3600000000 -83.12037478
  .3650000000 -81.98262670
  .3700000000 -80.87511119
  .3750000000 -79.79524604
  .3800000000 -78.74738629
  .3850000000 -77.72172013
  .3900000000 -76.72844363
  .3950000000 -75.75358979
  .4000000000 -74.81028082
  .4050000000 -73.88311991
  .4100000000 -72.98557476
  .4150000000 -72.10322833
  .4200000000 -71.24761559
  .4250000000 -70.40742301
  .4300000000 -69.59024833
  .4350000000 -68.78974637
  .4400000000 -68.00782100
  .4450000000 -67.24472580
  .4500000000 -66.49513854
  .4550000000 -65.76732992
  .4600000000 -65.04747564
  .4650000000 -64.35292940
  .4700000000 -63.66586487
  .4750000000 -.0003099417
  .4800000000 -.0003017200
  .4850000000 -.0002948395
  .4900000000 -.0002897224
  .4950000000 -.0002866695
  .5000000000 -.0002858367
  .5050000000 -.0002872226
  .5100000000 -.0002906698
  .5150000000 -.0002958779
  .5200000000 -.0003024285
  .5250000000 -.0003098202
  .5300000000 -63.66586630
  .5350000000 -64.35293074
  .5400000000 -65.04747690
  .5450000000 -65.76733111
  .5500000000 -66.49513968
  .5550000000 -67.24472692
  .5600000000 -68.00782211
  .5650000000 -68.78974750
  .5700000000 -69.59024948
  .5750000000 -70.40742418
  .5800000000 -71.24761679
  .5850000000 -72.10322955
  .5900000000 -72.98557600
  .5950000000 -73.88312116
  .6000000000 -74.81028208
  .6050000000 -75.75359106
  .6100000000 -76.72844488
  .6150000000 -77.72172137
  .6200000000 -78.74738750
  .6250000000 -79.79524723
  .6300000000 -80.87511234
  .6350000000 -81.98262782
  .6400000000 -83.12037586
  .6450000000 -84.29312715
  .6500000000 -85.49277354
  .6550000000 -86.73690576
  .6600000000 -88.00791642
  .6650000000 -89.32512541
  .6700000000 -90.67827419
  .6750000000 -92.07006896
  .6800000000 -93.51330202
  .6850000000 -94.99400205
  .6900000000 -96.52739013
  .6950000000 -98.11227229
  .7000000000 -99.74261558
  .7050000000 -101.4359022
  .7100000000 -103.1871552
  .7150000000 -104.9935567
  .7200000000 -106.8681807
  .7250000000 -108.8154289
  .7300000000 -110.8295918
  .7350000000 -112.9151525
  .7400000000 -115.0897350
  .7450000000 -117.3498821
  .7500000000 -119.6968539
  .7550000000 -122.1366780
  .7600000000 -124.6758796
  .7650000000 -127.3321487
  .7700000000 -130.1036110
  .7750000000 -132.9964869
  .7800000000 -136.0196241
  .7850000000 -139.1826315
  .7900000000 -142.4959532
  .7950000000 -145.9709526
  .8000000000 -149.6200055
  .8050000000 -153.4566046
  .8100000000 -157.4954778
  .8150000000 -161.7527208
  .8200000000 -166.2459483
  .8250000000 -170.9944647
  .8300000000 -176.0194594
  .8350000000 -181.3456531
  .8400000000 -187.0227164
  .8450000000 -193.0595488
  .8500000000 -199.4881847
  .8550000000 -206.3673805
  .8600000000 -213.7438369
  .8650000000 -221.6460829
  .8700000000 -230.1859568
  .8750000000 -239.3826946
  .8800000000 -249.3633324
  .8850000000 -260.2102245
  .8900000000 -272.0320618
  .8950000000 -284.9775715
&
@ s13 color  2
@ s13 linestyle  2
@target s13
@type xy
  .4716605719 -10.000
  .4716605719  10.000
  .5283394280  10.000
  .5283394280 -10.000
&
@ s14 color  3
@ s14 linestyle  2
@ legend string 14 "(8)-(9)"
@target s14
@type xy
  .1000000000 -309.4660842
  .1050000000 -294.7304480
  .1100000000 -281.3334872
  .1150000000 -269.0946549
  .1200000000 -257.8763875
  .1250000000 -247.5738921
  .1300000000 -238.0403534
  .1350000000 -229.2341514
  .1400000000 -221.0353100
  .1450000000 -213.4255084
  .1500000000 -206.3041844
  .1550000000 -199.6477712
  .1600000000 -193.4158077
  .1650000000 -187.5537498
  .1700000000 -182.0318937
  .1750000000 -176.8233256
  .1800000000 -171.9169689
  .1850000000 -167.2736434
  .1900000000 -162.8732107
  .1950000000 -158.6975870
  .2000000000 -154.7302454
  .2050000000 -150.9560621
  .2100000000 -147.3611800
  .2150000000 -143.9328884
  .2200000000 -140.6595155
  .2250000000 -137.5303323
  .2300000000 -134.5414462
  .2350000000 -131.6831080
  .2400000000 -128.9425043
  .2450000000 -126.3117617
  .2500000000 -123.7836149
  .2550000000 -121.3513554
  .2600000000 -119.0211710
  .2650000000 -116.7794641
  .2700000000 -114.6165767
  .2750000000 -112.5275234
  .2800000000 -110.5216352
  .2850000000 -108.5859908
  .2900000000 -106.7111841
  .2950000000 -104.9010425
  .3000000000 -103.1577501
  .3050000000 -101.4646050
  .3100000000 -99.82679305
  .3150000000 -98.24682087
  .3200000000 -96.70818137
  .3250000000 -95.22275043
  .3300000000 -93.78185128
  .3350000000 -92.37668632
  .3400000000 -91.02485487
  .3450000000 -89.70271351
  .3500000000 -88.42381451
  .3550000000 -87.17899820
  .3600000000 -85.96659096
  .3650000000 -84.79241437
  .3700000000 -83.64214958
  .3750000000 -82.53254901
  .3800000000 -81.44107941
  .3850000000 -80.38991134
  .3900000000 -79.35486959
  .3950000000 -78.35583660
  .4000000000 -77.37248802
  .4050000000 -76.42240090
  .4100000000 -75.48643113
  .4150000000 -74.58234572
  .4200000000 -73.68981917
  .4250000000 -72.82901114
  .4300000000 -71.97827127
  .4350000000 -71.15627708
  .4400000000 -70.34559179
  .4450000000 -69.55851167
  .4500000000 -68.78558873
  .4550000000 -68.03052734
  .4600000000 -67.29323093
  .4650000000 -66.56754058
  .4700000000 -65.86386433
  .4750000000 -65.16763454
  .4800000000 -64.49316444
  .4850000000 -63.82816105
  .4900000000 -.0234175637
  .4950000000 -.0239771280
  .5000000000 -.0244520190
  .5050000000 -.0248372153
  .5100000000 -.0251204694
  .5150000000 -.0252779880
  .5200000000 -.0252706773
  .5250000000 -.0250417053
  .5300000000 -.0245160876
  .5350000000 -.0236028478
  .5400000000 -.0222000391
  .5450000000 -.0202025743
  .5500000000 -.0175124229
  .5550000000 -.0140503494
  .5600000000 -.0097680427
  .5650000000 -.0046592626
  .5700000000  .0012314407
  .5750000000  .0078037768
  .5800000000  .0149015961
  .5850000000  .0223182244
  .5900000000 -25.46182899
  .5950000000 -25.77093907
  .6000000000 -26.08613907
  .6050000000 -26.41188143
  .6100000000 -26.74442536
  .6150000000 -27.08831278
  .6200000000 -27.44027865
  .6250000000 -27.80384774
  .6300000000 -28.17734929
  .6350000000 -28.56197525
  .6400000000 -28.95892816
  .6450000000 -29.36579072
  .6500000000 -29.78785816
  .6550000000 -30.21887749
  .6600000000 -30.66673048
  .6650000000 -31.12545769
  .6700000000 -31.59830822
  .6750000000 -32.08664116
  .6800000000 -32.58701230
  .6850000000 -33.10637495
  .6900000000 -33.64046259
  .6950000000 -34.18961233
  .7000000000 -34.76087762
  .7050000000 -35.34884127
  .7100000000 -35.95476731
  .7150000000 -36.58643032
  .7200000000 -37.23852404
  .7250000000 -37.91241464
  .7300000000 -38.61327293
  .7350000000 -39.34182367
  .7400000000 -40.09702895
  .7450000000 -40.88073354
  .7500000000 -41.69684200
  .7550000000 -42.54895378
  .7600000000 -43.43583043
  .7650000000 -44.35992866
  .7700000000 -45.32390497
  .7750000000 -46.33063357
  .7800000000 -47.38322729
  .7850000000 -48.48625903
  .7900000000 -49.64287095
  .7950000000 -50.85573584
  .8000000000 -52.12910850
  .8050000000 -53.46762712
  .8100000000 -54.87635459
  .8150000000 -56.36082492
  .8200000000 -57.92956464
  .8250000000 -59.58904571
  .8300000000 -61.34573259
  .8350000000 -63.20781442
  .8400000000 -65.18430900
  .8450000000 -67.28723703
  .8500000000 -69.53689236
  .8550000000 -71.93667934
  .8600000000 -74.50597273
  .8650000000 -77.27059650
  .8700000000 -80.23946876
  .8750000000 -83.45262581
  .8800000000 -86.92715167
  .8850000000 -90.69646255
  .8900000000 -94.81608139
  .8950000000 -99.32268889
&
@ s15 color  3
@ s15 linestyle  2
@target s15
@type xy
  .4877774114 -10.000
  .4877774114  10.000
  .5885611469  10.000
  .5885611469 -10.000
&
@ s16 color  4
@ s16 linestyle  2
@ legend string 16 "(9)-(10)"
@target s16
@type xy
  .1000000000 -104.7395771
  .1050000000 -99.75862195
  .1100000000 -95.23068429
  .1150000000 -91.09993721
  .1200000000 -87.31165392
  .1250000000 -83.81852643
  .1300000000 -80.59623125
  .1350000000 -77.61009596
  .1400000000 -74.83700797
  .1450000000 -72.25165071
  .1500000000 -69.84398769
  .1550000000 -67.58663840
  .1600000000 -65.46910137
  .1650000000 -63.48542142
  .1700000000 -61.61630962
  .1750000000 -59.85274172
  .1800000000 -58.18652233
  .1850000000 -56.61019728
  .1900000000 -55.11697669
  .1950000000 -53.70066730
  .2000000000 -52.35561250
  .2050000000 -51.07663931
  .2100000000 -49.85901098
  .2150000000 -48.69838468
  .2200000000 -47.59077363
  .2250000000 -46.53251299
  .2300000000 -45.52022943
  .2350000000 -44.55081383
  .2400000000 -43.62139708
  .2450000000 -42.72932894
  .2500000000 -41.87484209
  .2550000000 -41.05562707
  .2600000000 -40.26706947
  .2650000000 -39.50718467
  .2700000000 -38.77469229
  .2750000000 -38.07313084
  .2800000000 -37.39508279
  .2850000000 -36.73905900
  .2900000000 -36.10737898
  .2950000000 -35.49814666
  .3000000000 -34.90692154
  .3050000000 -34.33568399
  .3100000000 -33.78419261
  .3150000000 -33.24738528
  .3200000000 -32.72876084
  .3250000000 -32.22568488
  .3300000000 -31.73462497
  .3350000000 -31.26193448
  .3400000000 -30.79981600
  .3450000000 -30.35143359
  .3500000000 -29.91595462
  .3550000000 -29.49052166
  .3600000000 -29.08003262
  .3650000000 -28.67728197
  .3700000000 -28.28989479
  .3750000000 -27.91010203
  .3800000000 -27.54376632
  .3850000000 -27.18577595
  .3900000000 -26.83967496
  .3950000000 -26.50203648
  .4000000000 -26.17504995
  .4050000000 -25.85602388
  .4100000000 -25.54682272
  .4150000000  .0504018794
  .4200000000  .0427141787
  .4250000000  .0345445407
  .4300000000  .0261879075
  .4350000000  .0179305089
  .4400000000  .0100317501
  .4450000000  .0027097801
  .4500000000 -.0038683101
  .4550000000 -.0095912249
  .4600000000 -.0144032240
  .4650000000 -.0182994702
  .4700000000 -.0213179040
  .4750000000 -.0235288369
  .4800000000 -.0250235509
  .4850000000 -.0259031512
  .4900000000 -.0262687390
  .4950000000 -.0262137018
  .5000000000 -.0258185839
  .5050000000 -.0251486529
  .5100000000 -.0242539541
  .5150000000 -.0231713860
  .5200000000 -.0219281487
  .5250000000 -.0205458415
  .5300000000 -.0190445006
  .5350000000 -.0174459698
  .5400000000 -.0157761654
  .5450000000 -.0140659953
  .5500000000 -41.27198809
  .5550000000 -41.73748789
  .5600000000 -42.20824769
  .5650000000 -42.69411533
  .5700000000 -43.18823097
  .5750000000 -43.69614299
  .5800000000 -44.21499645
  .5850000000 -44.74691323
  .5900000000 -45.29198883
  .5950000000 -45.85004901
  .6000000000 -46.42294911
  .6050000000 -47.00949387
  .6100000000 -47.61196261
  .6150000000 -48.22956418
  .6200000000 -48.86350139
  .6250000000 -49.51498987
  .6300000000 -50.18246745
  .6350000000 -50.87096045
  .6400000000 -51.57424042
  .6450000000 -52.30317564
  .6500000000 -53.04662486
  .6550000000 -53.81790198
  .6600000000 -54.60779427
  .6650000000 -55.42203686
  .6700000000 -56.26282209
  .6750000000 -57.12395006
  .6800000000 -58.01978257
  .6850000000 -58.93966627
  .6900000000 -59.88759321
  .6950000000 -60.87203463
  .7000000000 -61.88471484
  .7050000000 -62.93155899
  .7100000000 -64.01917157
  .7150000000 -65.14103007
  .7200000000 -66.30008016
  .7250000000 -67.50923183
  .7300000000 -68.75992386
  .7350000000 -70.05493529
  .7400000000 -71.39962884
  .7450000000 -72.80283760
  .7500000000 -74.25992291
  .7550000000 -75.77461919
  .7600000000 -77.35096832
  .7650000000 -78.99378630
  .7700000000 -80.71403508
  .7750000000 -82.50957678
  .7800000000 -84.38588849
  .7850000000 -86.34891757
  .7900000000 -88.40512769
  .7950000000 -90.56155032
  .8000000000 -92.82584239
  .8050000000 -95.20635097
  .8100000000 -97.71218622
  .8150000000 -100.3533038
  .8200000000 -103.1405987
  .8250000000 -106.0860124
  .8300000000 -109.2026560
  .8350000000 -112.5145393
  .8400000000 -116.0352415
  .8450000000 -119.7788294
  .8500000000 -123.7652472
  .8550000000 -128.0410073
  .8600000000 -132.6157398
  .8650000000 -137.5274961
  .8700000000 -142.8241530
  .8750000000 -148.5384513
  .8800000000 -154.7254882
  .8850000000 -161.4597011
  .8900000000 -168.7977628
  .8950000000 -176.8323178
&
@ s17 color  4
@ s17 linestyle  2
@target s17
@type xy
  .4132226436 -10.000
  .4132226436  10.000
  .5499477409  10.000
  .5499477409 -10.000
&
@ s18 color  5
@ s18 linestyle  2
@ legend string 18 "(10)-(9)"
@target s18
@type xy
  .1000000000 -185.6722791
  .1050000000 -176.8323178
  .1100000000 -168.7977628
  .1150000000 -161.4597011
  .1200000000 -154.7254882
  .1250000000 -148.5384513
  .1300000000 -142.8241530
  .1350000000 -137.5274961
  .1400000000 -132.6157398
  .1450000000 -128.0410073
  .1500000000 -123.7652472
  .1550000000 -119.7788294
  .1600000000 -116.0352415
  .1650000000 -112.5145393
  .1700000000 -109.2026560
  .1750000000 -106.0860124
  .1800000000 -103.1405987
  .1850000000 -100.3533038
  .1900000000 -97.71218622
  .1950000000 -95.20635097
  .2000000000 -92.82584239
  .2050000000 -90.56155032
  .2100000000 -88.40512769
  .2150000000 -86.34891757
  .2200000000 -84.38588849
  .2250000000 -82.50957678
  .2300000000 -80.71403508
  .2350000000 -78.99378630
  .2400000000 -77.35096832
  .2450000000 -75.77461919
  .2500000000 -74.25992291
  .2550000000 -72.80283760
  .2600000000 -71.39962884
  .2650000000 -70.05493529
  .2700000000 -68.75992386
  .2750000000 -67.50923183
  .2800000000 -66.30008016
  .2850000000 -65.14103007
  .2900000000 -64.01917157
  .2950000000 -62.93155899
  .3000000000 -61.88471484
  .3050000000 -60.87203463
  .3100000000 -59.88759321
  .3150000000 -58.93966627
  .3200000000 -58.01978257
  .3250000000 -57.12395006
  .3300000000 -56.26282209
  .3350000000 -55.42203686
  .3400000000 -54.60779427
  .3450000000 -53.81790198
  .3500000000 -53.04662486
  .3550000000 -52.30317564
  .3600000000 -51.57424042
  .3650000000 -50.87096045
  .3700000000 -50.18246745
  .3750000000 -49.51498987
  .3800000000 -48.86350139
  .3850000000 -48.22956418
  .3900000000 -47.61196261
  .3950000000 -47.00949387
  .4000000000 -46.42294911
  .4050000000 -45.85004901
  .4100000000 -45.29198883
  .4150000000 -44.74691323
  .4200000000 -44.21499645
  .4250000000 -43.69614299
  .4300000000 -43.18823097
  .4350000000 -42.69411533
  .4400000000 -42.20824769
  .4450000000 -41.73748789
  .4500000000 -41.27198809
  .4550000000 -.0140659953
  .4600000000 -.0157761654
  .4650000000 -.0174459698
  .4700000000 -.0190445006
  .4750000000 -.0205458415
  .4800000000 -.0219281487
  .4850000000 -.0231713860
  .4900000000 -.0242539541
  .4950000000 -.0251486529
  .5000000000 -.0258185839
  .5050000000 -.0262137018
  .5100000000 -.0262687390
  .5150000000 -.0259031512
  .5200000000 -.0250235509
  .5250000000 -.0235288369
  .5300000000 -.0213179040
  .5350000000 -.0182994702
  .5400000000 -.0144032240
  .5450000000 -.0095912249
  .5500000000 -.0038683101
  .5550000000  .0027097801
  .5600000000  .0100317501
  .5650000000  .0179305089
  .5700000000  .0261879075
  .5750000000  .0345445407
  .5800000000  .0427141787
  .5850000000  .0504018794
  .5900000000 -25.54682272
  .5950000000 -25.85602388
  .6000000000 -26.17504995
  .6050000000 -26.50203648
  .6100000000 -26.83967496
  .6150000000 -27.18577595
  .6200000000 -27.54376632
  .6250000000 -27.91010203
  .6300000000 -28.28989479
  .6350000000 -28.67728197
  .6400000000 -29.08003262
  .6450000000 -29.49052166
  .6500000000 -29.91595462
  .6550000000 -30.35143359
  .6600000000 -30.79981600
  .6650000000 -31.26193448
  .6700000000 -31.73462497
  .6750000000 -32.22568488
  .6800000000 -32.72876084
  .6850000000 -33.24738528
  .6900000000 -33.78419261
  .6950000000 -34.33568399
  .7000000000 -34.90692154
  .7050000000 -35.49814666
  .7100000000 -36.10737898
  .7150000000 -36.73905900
  .7200000000 -37.39508279
  .7250000000 -38.07313084
  .7300000000 -38.77469229
  .7350000000 -39.50718467
  .7400000000 -40.26706947
  .7450000000 -41.05562707
  .7500000000 -41.87484209
  .7550000000 -42.72932894
  .7600000000 -43.62139708
  .7650000000 -44.55081383
  .7700000000 -45.52022943
  .7750000000 -46.53251299
  .7800000000 -47.59077363
  .7850000000 -48.69838468
  .7900000000 -49.85901098
  .7950000000 -51.07663931
  .8000000000 -52.35561250
  .8050000000 -53.70066730
  .8100000000 -55.11697669
  .8150000000 -56.61019728
  .8200000000 -58.18652233
  .8250000000 -59.85274172
  .8300000000 -61.61630962
  .8350000000 -63.48542142
  .8400000000 -65.46910137
  .8450000000 -67.58663840
  .8500000000 -69.84398769
  .8550000000 -72.25165071
  .8600000000 -74.83700797
  .8650000000 -77.61009596
  .8700000000 -80.59623125
  .8750000000 -83.81852643
  .8800000000 -87.31165392
  .8850000000 -91.09993721
  .8900000000 -95.23068429
  .8950000000 -99.75862195
&
@ s19 color  5
@ s19 linestyle  2
@target s19
@type xy
  .4500522590 -10.000
  .4500522590  10.000
  .5867773563  10.000
  .5867773563 -10.000
&
