# ACE/gr parameter file
#
@    version 50122
@    world xmin 0.25
@    world xmax 0.75
@    title font 5
@    xaxis  tick major 0.1
@    xaxis  tick minor 0.02
@    xaxis  label "(r-r\s1\N)/d"
@    xaxis  label font 5
@    xaxis  label char size 1.2
@    xaxis  ticklabel font 4
@    xaxis  ticklabel char size 1
@    yaxis  tick major .1
@    yaxis  tick minor .02
@    yaxis  label font 4
@    yaxis  label char size 1.2
@    yaxis  ticklabel font 5
@    yaxis  ticklabel char size 1
@    title "potential between neighbors"
@    yaxis  label "V(r) (Ry)"
@    world ymin -10.
@    world ymax   .0
@    yaxis  tick major 2
@    yaxis  tick minor 1
@ s0 color  1
@ s0 linestyle  1
@ legend string 0 "(1)-(2)"
@target s0
@type xy
  .1000000000 -55.10193043
  .1050000000 -49.46695701
  .1100000000 -44.58521687
  .1150000000 -40.32796428
  .1200000000 -36.59697445
  .1250000000 -33.32936728
  .1300000000 -30.42665559
  .1350000000 -27.86187564
  .1400000000 -25.56889661
  .1450000000 -23.53337965
  .1500000000 -21.70054397
  .1550000000 -20.06001708
  .1600000000 -18.58402608
  .1650000000 -17.24487377
  .1700000000 -16.02656656
  .1750000000 -14.91663426
  .1800000000 -13.90586103
  .1850000000 -12.97768172
  .1900000000 -12.12365298
  .1950000000 -11.33644137
  .2000000000 -10.60962108
  .2050000000 -9.937517037
  .2100000000 -9.315085166
  .2150000000 -8.737819812
  .2200000000 -8.201680758
  .2250000000 -7.703034457
  .2300000000 -7.239713137
  .2350000000 -6.810415360
  .2400000000 -6.409861745
  .2450000000 -6.035570335
  .2500000000 -5.685297012
  .2550000000 -5.357013005
  .2600000000 -5.052025323
  .2650000000 -4.767596934
  .2700000000 -4.499999151
  .2750000000 -4.247852916
  .2800000000 -4.013380054
  .2850000000 -3.794069250
  .2900000000 -3.586546268
  .2950000000 -3.391419311
  .3000000000 -3.210555890
  .3050000000 -3.038645499
  .3100000000 -2.876683886
  .3150000000 -2.726488068
  .3200000000 -2.583069402
  .3250000000 -2.449162672
  .3300000000 -2.323518266
  .3350000000 -2.202989035
  .3400000000 -2.092942637
  .3450000000 -1.987066204
  .3500000000 -1.888348871
  .3550000000 -1.795451583
  .3600000000 -1.707134520
  .3650000000 -1.625777851
  .3700000000 -1.547050159
  .3750000000 -1.476003379
  .3800000000 -1.406737752
  .3850000000 -1.344374269
  .3900000000 -1.283863677
  .3950000000 -1.229383960
  .4000000000 -1.176781965
  .4050000000 -1.129729098
  .4100000000 -1.084288671
  .4150000000 -1.044262427
  .4200000000 -1.005309235
  .4250000000 -.9719462532
  .4300000000 -.9389734905
  .4350000000 -.9118128911
  .4400000000 -.8850766743
  .4450000000 -.8629324104
  .4500000000 -.8420907061
  .4550000000 -.8244037661
  .4600000000 -.8091136376
  .4650000000 -.7953664785
  .4700000000 -.7852955474
  .4750000000 -.7753311889
  .4800000000 -.7716554604
  .4850000000 -.7673301075
  .4900000000 -.7646687136
  .4950000000 -.7635667312
  .5000000000 -.7639460503
  .5050000000 -.7657584182
  .5100000000 -.7689881316
  .5150000000 -.7736537317
  .5200000000 -.7798084459
  .5250000000 -.7858510501
  .5300000000 -.7963582840
  .5350000000 -.8069778968
  .5400000000 -.8209080538
  .5450000000 -.8362380983
  .5500000000 -.8538500890
  .5550000000 -.8744629551
  .5600000000 -.8963691803
  .5650000000 -.9228377413
  .5700000000 -.9497308162
  .5750000000 -.9825866540
  .5800000000 -1.015831327
  .5850000000 -1.054913294
  .5900000000 -1.095098640
  .5950000000 -1.140966381
  .6000000000 -1.188508545
  .6050000000 -1.241853193
  .6100000000 -1.297145244
  .6150000000 -1.358689255
  .6200000000 -1.422141640
  .6250000000 -1.492674986
  .6300000000 -1.565026388
  .6350000000 -1.645179255
  .6400000000 -1.727989753
  .6450000000 -1.817814929
  .6500000000 -1.912238593
  .6550000000 -2.012500046
  .6600000000 -2.119913132
  .6650000000 -2.231505296
  .6700000000 -2.353536029
  .6750000000 -2.480676308
  .6800000000 -2.616046916
  .6850000000 -2.760885608
  .6900000000 -2.912483873
  .6950000000 -3.075787651
  .7000000000 -3.248999864
  .7050000000 -3.431135409
  .7100000000 -3.627464284
  .7150000000 -3.836139283
  .7200000000 -4.056559878
  .7250000000 -4.292078258
  .7300000000 -4.545193189
  .7350000000 -4.813703506
  .7400000000 -5.098982671
  .7450000000 -5.404740149
  .7500000000 -5.733703861
  .7550000000 -6.084582238
  .7600000000 -6.459399424
  .7650000000 -6.860395433
  .7700000000 -7.290048897
  .7750000000 -7.753627120
  .7800000000 -8.252440015
  .7850000000 -8.788660392
  .7900000000 -9.365923537
  .7950000000 -9.988273155
  .8000000000 -10.66022036
  .8050000000 -11.38681681
  .8100000000 -12.17374723
  .8150000000 -13.02744868
  .8200000000 -13.95526617
  .8250000000 -14.96565274
  .8300000000 -16.07517720
  .8350000000 -17.29305067
  .8400000000 -18.63172955
  .8450000000 -20.10719018
  .8500000000 -21.74711362
  .8550000000 -23.57927594
  .8600000000 -25.61407689
  .8650000000 -27.90633522
  .8700000000 -30.47042304
  .8750000000 -33.37250781
  .8800000000 -36.63956039
  .8850000000 -40.37008994
  .8900000000 -44.62697367
  .8950000000 -49.50843699
&
@ s1 color  1
@ s1 linestyle  1
@target s1
@type xy
  .4753377083 -10.000
  .4753377083  10.000
  .5246622916  10.000
  .5246622916 -10.000
&
@ s2 color  2
@ s2 linestyle  1
@ legend string 2 "(2)-(1)"
@target s2
@type xy
  .1000000000 -55.14322237
  .1050000000 -49.50843699
  .1100000000 -44.62697367
  .1150000000 -40.37008994
  .1200000000 -36.63956039
  .1250000000 -33.37250781
  .1300000000 -30.47042304
  .1350000000 -27.90633522
  .1400000000 -25.61407689
  .1450000000 -23.57927594
  .1500000000 -21.74711362
  .1550000000 -20.10719018
  .1600000000 -18.63172955
  .1650000000 -17.29305067
  .1700000000 -16.07517720
  .1750000000 -14.96565274
  .1800000000 -13.95526617
  .1850000000 -13.02744868
  .1900000000 -12.17374723
  .1950000000 -11.38681681
  .2000000000 -10.66022036
  .2050000000 -9.988273155
  .2100000000 -9.365923537
  .2150000000 -8.788660392
  .2200000000 -8.252440015
  .2250000000 -7.753627120
  .2300000000 -7.290048897
  .2350000000 -6.860395433
  .2400000000 -6.459399424
  .2450000000 -6.084582238
  .2500000000 -5.733703861
  .2550000000 -5.404740149
  .2600000000 -5.098982671
  .2650000000 -4.813703506
  .2700000000 -4.545193189
  .2750000000 -4.292078258
  .2800000000 -4.056559878
  .2850000000 -3.836139283
  .2900000000 -3.627464284
  .2950000000 -3.431135409
  .3000000000 -3.248999864
  .3050000000 -3.075787651
  .3100000000 -2.912483873
  .3150000000 -2.760885608
  .3200000000 -2.616046916
  .3250000000 -2.480676308
  .3300000000 -2.353536029
  .3350000000 -2.231505296
  .3400000000 -2.119913132
  .3450000000 -2.012500046
  .3500000000 -1.912238593
  .3550000000 -1.817814929
  .3600000000 -1.727989753
  .3650000000 -1.645179255
  .3700000000 -1.565026388
  .3750000000 -1.492674986
  .3800000000 -1.422141640
  .3850000000 -1.358689255
  .3900000000 -1.297145244
  .3950000000 -1.241853193
  .4000000000 -1.188508545
  .4050000000 -1.140966381
  .4100000000 -1.095098640
  .4150000000 -1.054913294
  .4200000000 -1.015831327
  .4250000000 -.9825866540
  .4300000000 -.9497308162
  .4350000000 -.9228377413
  .4400000000 -.8963691803
  .4450000000 -.8744629551
  .4500000000 -.8538500890
  .4550000000 -.8362380983
  .4600000000 -.8209080538
  .4650000000 -.8069778968
  .4700000000 -.7963582840
  .4750000000 -.7858510501
  .4800000000 -.7798084459
  .4850000000 -.7736537317
  .4900000000 -.7689881316
  .4950000000 -.7657584182
  .5000000000 -.7639460503
  .5050000000 -.7635667312
  .5100000000 -.7646687136
  .5150000000 -.7673301075
  .5200000000 -.7716554604
  .5250000000 -.7753311889
  .5300000000 -.7852955474
  .5350000000 -.7953664785
  .5400000000 -.8091136376
  .5450000000 -.8244037661
  .5500000000 -.8420907061
  .5550000000 -.8629324104
  .5600000000 -.8850766743
  .5650000000 -.9118128911
  .5700000000 -.9389734905
  .5750000000 -.9719462532
  .5800000000 -1.005309235
  .5850000000 -1.044262427
  .5900000000 -1.084288671
  .5950000000 -1.129729098
  .6000000000 -1.176781965
  .6050000000 -1.229383960
  .6100000000 -1.283863677
  .6150000000 -1.344374269
  .6200000000 -1.406737752
  .6250000000 -1.476003379
  .6300000000 -1.547050159
  .6350000000 -1.625777851
  .6400000000 -1.707134520
  .6450000000 -1.795451583
  .6500000000 -1.888348871
  .6550000000 -1.987066204
  .6600000000 -2.092942637
  .6650000000 -2.202989035
  .6700000000 -2.323518266
  .6750000000 -2.449162672
  .6800000000 -2.583069402
  .6850000000 -2.726488068
  .6900000000 -2.876683886
  .6950000000 -3.038645499
  .7000000000 -3.210555890
  .7050000000 -3.391419311
  .7100000000 -3.586546268
  .7150000000 -3.794069250
  .7200000000 -4.013380054
  .7250000000 -4.247852916
  .7300000000 -4.499999151
  .7350000000 -4.767596934
  .7400000000 -5.052025323
  .7450000000 -5.357013005
  .7500000000 -5.685297012
  .7550000000 -6.035570335
  .7600000000 -6.409861745
  .7650000000 -6.810415360
  .7700000000 -7.239713137
  .7750000000 -7.703034457
  .7800000000 -8.201680758
  .7850000000 -8.737819812
  .7900000000 -9.315085166
  .7950000000 -9.937517037
  .8000000000 -10.60962108
  .8050000000 -11.33644137
  .8100000000 -12.12365298
  .8150000000 -12.97768172
  .8200000000 -13.90586103
  .8250000000 -14.91663426
  .8300000000 -16.02656656
  .8350000000 -17.24487377
  .8400000000 -18.58402608
  .8450000000 -20.06001708
  .8500000000 -21.70054397
  .8550000000 -23.53337965
  .8600000000 -25.56889661
  .8650000000 -27.86187564
  .8700000000 -30.42665559
  .8750000000 -33.32936728
  .8800000000 -36.59697445
  .8850000000 -40.32796428
  .8900000000 -44.58521687
  .8950000000 -49.46695701
&
@ s3 color  2
@ s3 linestyle  1
@target s3
@type xy
  .4753377083 -10.000
  .4753377083  10.000
  .5246622916  10.000
  .5246622916 -10.000
&
@ s4 color  3
@ s4 linestyle  1
@ legend string 4 "(3)-(3)"
@target s4
@type xy
  .1000000000 -54.19153714
  .1050000000 -48.64687663
  .1100000000 -43.84783768
  .1150000000 -39.66611684
  .1200000000 -35.99742895
  .1250000000 -32.76881877
  .1300000000 -29.92634331
  .1350000000 -27.39003102
  .1400000000 -25.15003602
  .1450000000 -23.13959239
  .1500000000 -21.34322515
  .1550000000 -19.73389873
  .1600000000 -18.27807446
  .1650000000 -16.95780143
  .1700000000 -15.76666654
  .1750000000 -14.67905167
  .1800000000 -13.68294188
  .1850000000 -12.76863473
  .1900000000 -11.92776401
  .1950000000 -11.15305504
  .2000000000 -10.43812673
  .2050000000 -9.777338955
  .2100000000 -9.165675916
  .2150000000 -8.598655657
  .2200000000 -8.072258401
  .2250000000 -7.582868689
  .2300000000 -7.127227955
  .2350000000 -6.702395073
  .2400000000 -6.306376236
  .2450000000 -5.939892822
  .2500000000 -5.597002908
  .2550000000 -5.275692895
  .2600000000 -4.974144321
  .2650000000 -4.692080369
  .2700000000 -4.430600088
  .2750000000 -4.184209531
  .2800000000 -3.951681566
  .2850000000 -3.734833866
  .2900000000 -3.532313704
  .2950000000 -3.340350846
  .3000000000 -3.159880561
  .3050000000 -2.992291521
  .3100000000 -2.832712170
  .3150000000 -2.682921232
  .3200000000 -2.543217620
  .3250000000 -2.409576091
  .3300000000 -2.285773128
  .3350000000 -2.168443041
  .3400000000 -2.056987717
  .3450000000 -1.954069814
  .3500000000 -1.854823535
  .3550000000 -1.763784722
  .3600000000 -1.676567862
  .3650000000 -1.595297171
  .3700000000 -1.518852907
  .3750000000 -1.446658951
  .3800000000 -1.379922743
  .3850000000 -1.316219314
  .3900000000 -1.258281273
  .3950000000 -1.202570181
  .4000000000 -1.152632578
  .4050000000 -1.104480668
  .4100000000 -1.061814989
  .4150000000 -1.020825728
  .4200000000 -.9847374328
  .4250000000 -.9505204748
  .4300000000 -.9203307364
  .4350000000 -.8924767467
  .4400000000 -.8675215315
  .4450000000 -.8455838978
  .4500000000 -.8252337147
  .4550000000 -.8087449689
  .4600000000 -.7924364316
  .4650000000 -.7809331690
  .4700000000 -.7695670067
  .4750000000 -.7590636814
  .4800000000 -.7531999857
  .4850000000 -.7488361947
  .4900000000 -.7458289089
  .4950000000 -.7440709330
  .5000000000 -.7434959433
  .5050000000 -.7440814080
  .5100000000 -.7458495856
  .5150000000 -.7488665449
  .5200000000 -.7532392626
  .5250000000 -.7591109692
  .5300000000 -.7695640959
  .5350000000 -.7809247671
  .5400000000 -.7924224952
  .5450000000 -.8087307080
  .5500000000 -.8252191258
  .5550000000 -.8455706048
  .5600000000 -.8675101501
  .5650000000 -.8924674475
  .5700000000 -.9203236840
  .5750000000 -.9505154985
  .5800000000 -.9847341973
  .5850000000 -1.020824076
  .5900000000 -1.061814395
  .5950000000 -1.104481032
  .6000000000 -1.152633440
  .6050000000 -1.202571477
  .6100000000 -1.258282705
  .6150000000 -1.316220838
  .6200000000 -1.379924211
  .6250000000 -1.446660337
  .6300000000 -1.518854159
  .6350000000 -1.595298284
  .6400000000 -1.676568828
  .6450000000 -1.763785553
  .6500000000 -1.854824236
  .6550000000 -1.954070410
  .6600000000 -2.056988214
  .6650000000 -2.168443461
  .6700000000 -2.285773482
  .6750000000 -2.409576390
  .6800000000 -2.543217877
  .6850000000 -2.682921453
  .6900000000 -2.832712365
  .6950000000 -2.992291696
  .7000000000 -3.159880718
  .7050000000 -3.340350993
  .7100000000 -3.532313842
  .7150000000 -3.734833999
  .7200000000 -3.951681696
  .7250000000 -4.184209661
  .7300000000 -4.430600219
  .7350000000 -4.692080503
  .7400000000 -4.974144461
  .7450000000 -5.275693041
  .7500000000 -5.597003063
  .7550000000 -5.939892986
  .7600000000 -6.306376411
  .7650000000 -6.702395259
  .7700000000 -7.127228154
  .7750000000 -7.582868900
  .7800000000 -8.072258625
  .7850000000 -8.598655895
  .7900000000 -9.165676168
  .7950000000 -9.777339220
  .8000000000 -10.43812700
  .8050000000 -11.15305533
  .8100000000 -11.92776431
  .8150000000 -12.76863504
  .8200000000 -13.68294220
  .8250000000 -14.67905200
  .8300000000 -15.76666689
  .8350000000 -16.95780179
  .8400000000 -18.27807484
  .8450000000 -19.73389913
  .8500000000 -21.34322557
  .8550000000 -23.13959282
  .8600000000 -25.15003646
  .8650000000 -27.39003145
  .8700000000 -29.92634374
  .8750000000 -32.76881918
  .8800000000 -35.99742933
  .8850000000 -39.66611720
  .8900000000 -43.84783801
  .8950000000 -48.64687693
&
@ s5 color  3
@ s5 linestyle  1
@target s5
@type xy
  .4716605719 -10.000
  .4716605719  10.000
  .5283394280  10.000
  .5283394280 -10.000
&
@ s6 color  4
@ s6 linestyle  1
@ legend string 6 "(4)-(4)"
@target s6
@type xy
  .1000000000 -54.19057189
  .1050000000 -48.64599246
  .1100000000 -43.84704096
  .1150000000 -39.66541256
  .1200000000 -35.99682036
  .1250000000 -32.76830747
  .1300000000 -29.92592849
  .1350000000 -27.38970889
  .1400000000 -25.14979914
  .1450000000 -23.13943171
  .1500000000 -21.34313060
  .1550000000 -19.73386193
  .1600000000 -18.27809047
  .1650000000 -16.95786800
  .1700000000 -15.76678352
  .1750000000 -14.67921922
  .1800000000 -13.68315953
  .1850000000 -12.76890097
  .1900000000 -11.92807626
  .1950000000 -11.15340982
  .2000000000 -10.43851989
  .2050000000 -9.777765987
  .2100000000 -9.166132127
  .2150000000 -8.599136355
  .2200000000 -8.072759011
  .2250000000 -7.583384842
  .2300000000 -7.127755544
  .2350000000 -6.702930288
  .2400000000 -6.306915468
  .2450000000 -5.940432238
  .2500000000 -5.597539683
  .2550000000 -5.276224547
  .2600000000 -4.974668684
  .2650000000 -4.692595351
  .2700000000 -4.431103537
  .2750000000 -4.184700212
  .2800000000 -3.952158441
  .2850000000 -3.735295748
  .2900000000 -3.532759722
  .2950000000 -3.340780591
  .3000000000 -3.160293573
  .3050000000 -2.992687405
  .3100000000 -2.833090933
  .3150000000 -2.683282835
  .3200000000 -2.543562247
  .3250000000 -2.409904030
  .3300000000 -2.286084894
  .3350000000 -2.168739326
  .3400000000 -2.057269157
  .3450000000 -1.954337943
  .3500000000 -1.855079078
  .3550000000 -1.764030028
  .3600000000 -1.676804308
  .3650000000 -1.595527177
  .3700000000 -1.519079078
  .3750000000 -1.446883523
  .3800000000 -1.380149652
  .3850000000 -1.316450411
  .3900000000 -1.258521528
  .3950000000 -1.202820990
  .4000000000 -1.152899145
  .4050000000 -1.104764022
  .4100000000 -1.062119361
  .4150000000 -1.021151913
  .4200000000 -.9850874801
  .4250000000 -.9508948586
  .4300000000 -.9207287811
  .4350000000 -.8928979646
  .4400000000 -.8679632729
  .4450000000 -.8460434025
  .4500000000 -.8257084293
  .4550000000 -.8092283451
  .4600000000 -.7929283748
  .4650000000 -.7814227816
  .4700000000 -.7700542808
  .4750000000 -.7592442149
  .4800000000 -.7532732379
  .4850000000 -.7488345821
  .4900000000 -.7457906645
  .4950000000 -.7440370849
  .5000000000 -.7435070850
  .5050000000 -.7441745032
  .5100000000 -.7460550522
  .5150000000 -.7492058367
  .5200000000 -.7537231343
  .5250000000 -.7597385539
  .5300000000 -.7700517529
  .5350000000 -.7814148958
  .5400000000 -.7929150885
  .5450000000 -.8092146839
  .5500000000 -.8256943890
  .5550000000 -.8460305835
  .5600000000 -.8679522815
  .5650000000 -.8928889880
  .5700000000 -.9207219994
  .5750000000 -.9508901158
  .5800000000 -.9850844677
  .5850000000 -1.021150480
  .5900000000 -1.062119004
  .5950000000 -1.104764645
  .6000000000 -1.152900297
  .6050000000 -1.202822608
  .6100000000 -1.258523315
  .6150000000 -1.316452324
  .6200000000 -1.380151541
  .6250000000 -1.446885360
  .6300000000 -1.519080808
  .6350000000 -1.595528791
  .6400000000 -1.676805796
  .6450000000 -1.764031398
  .6500000000 -1.855080336
  .6550000000 -1.954339106
  .6600000000 -2.057270232
  .6650000000 -2.168740331
  .6700000000 -2.286085837
  .6750000000 -2.409904921
  .6800000000 -2.543563096
  .6850000000 -2.683283647
  .6900000000 -2.833091713
  .6950000000 -2.992688157
  .7000000000 -3.160294298
  .7050000000 -3.340781293
  .7100000000 -3.532760402
  .7150000000 -3.735296406
  .7200000000 -3.952159077
  .7250000000 -4.184700827
  .7300000000 -4.431104131
  .7350000000 -4.692595923
  .7400000000 -4.974669235
  .7450000000 -5.276225076
  .7500000000 -5.597540191
  .7550000000 -5.940432724
  .7600000000 -6.306915932
  .7650000000 -6.702930731
  .7700000000 -7.127755965
  .7750000000 -7.583385241
  .7800000000 -8.072759387
  .7850000000 -8.599136709
  .7900000000 -9.166132459
  .7950000000 -9.777766297
  .8000000000 -10.43852018
  .8050000000 -11.15341008
  .8100000000 -11.92807651
  .8150000000 -12.76890120
  .8200000000 -13.68315974
  .8250000000 -14.67921940
  .8300000000 -15.76678369
  .8350000000 -16.95786815
  .8400000000 -18.27809061
  .8450000000 -19.73386207
  .8500000000 -21.34313074
  .8550000000 -23.13943184
  .8600000000 -25.14979926
  .8650000000 -27.38970899
  .8700000000 -29.92592857
  .8750000000 -32.76830753
  .8800000000 -35.99682041
  .8850000000 -39.66541258
  .8900000000 -43.84704096
  .8950000000 -48.64599243
&
@ s7 color  4
@ s7 linestyle  1
@target s7
@type xy
  .4716605719 -10.000
  .4716605719  10.000
  .5283394280  10.000
  .5283394280 -10.000
&
@ s8 color  5
@ s8 linestyle  1
@ legend string 8 "(5)-(5)"
@target s8
@type xy
  .1000000000 -54.19160574
  .1050000000 -48.64702302
  .1100000000 -43.84806876
  .1150000000 -39.66643762
  .1200000000 -35.99784223
  .1250000000 -32.76932513
  .1300000000 -29.92694011
  .1350000000 -27.39071219
  .1400000000 -25.15079052
  .1450000000 -23.14040791
  .1500000000 -21.34408844
  .1550000000 -19.73479948
  .1600000000 -18.27900749
  .1650000000 -16.95876543
  .1700000000 -15.76766325
  .1750000000 -14.68008311
  .1800000000 -13.68400921
  .1850000000 -12.76973767
  .1900000000 -11.92890085
  .1950000000 -11.15422288
  .2000000000 -10.43932183
  .2050000000 -9.778557105
  .2100000000 -9.166912703
  .2150000000 -8.599906676
  .2200000000 -8.073519399
  .2250000000 -7.584135667
  .2300000000 -7.128497230
  .2350000000 -6.703663307
  .2400000000 -6.307640354
  .2450000000 -5.941149671
  .2500000000 -5.598250312
  .2550000000 -5.276929042
  .2600000000 -4.975367724
  .2650000000 -4.693289687
  .2700000000 -4.431794111
  .2750000000 -4.185387745
  .2800000000 -3.952843624
  .2850000000 -3.735979472
  .2900000000 -3.533442885
  .2950000000 -3.341463826
  .3000000000 -3.160977637
  .3050000000 -2.993373287
  .3100000000 -2.833779173
  .3150000000 -2.683974200
  .3200000000 -2.544257630
  .3250000000 -2.410603863
  .3300000000 -2.286790149
  .3350000000 -2.169450594
  .3400000000 -2.057986950
  .3450000000 -1.955063241
  .3500000000 -1.855812120
  .3550000000 -1.764771800
  .3600000000 -1.677555091
  .3650000000 -1.596287595
  .3700000000 -1.519849514
  .3750000000 -1.447664287
  .3800000000 -1.380941047
  .3850000000 -1.317252505
  .3900000000 -1.259334332
  .3950000000 -1.203644413
  .4000000000 -1.153732738
  .4050000000 -1.105607587
  .4100000000 -1.062971942
  .4150000000 -1.022013204
  .4200000000 -.9859561554
  .4250000000 -.9517704302
  .4300000000 -.9216098625
  .4350000000 -.8937837769
  .4400000000 -.8688527433
  .4450000000 -.8469354095
  .4500000000 -.8266024495
  .4550000000 -.8101230151
  .4600000000 -.7938236874
  .4650000000 -.7823174632
  .4700000000 -.7709483342
  .4750000000 -.7604100836
  .4800000000 -.7544153563
  .4850000000 -.7499169920
  .4900000000 -.7467826196
  .4950000000 -.7449152706
  .5000000000 -.7442572580
  .5050000000 -.7447924298
  .5100000000 -.7465466766
  .5150000000 -.7495866723
  .5200000000 -.7540169267
  .5250000000 -.7599753233
  .5300000000 -.7709452435
  .5350000000 -.7823088284
  .5400000000 -.7938094645
  .5450000000 -.8101083811
  .5500000000 -.8265873997
  .5550000000 -.8469215838
  .5600000000 -.8688407626
  .5650000000 -.8937738289
  .5700000000 -.9216021277
  .5750000000 -.9517647464
  .5800000000 -.9859522028
  .5850000000 -1.022010828
  .5900000000 -1.062970626
  .5950000000 -1.105607232
  .6000000000 -1.153732887
  .6050000000 -1.203645002
  .6100000000 -1.259335064
  .6150000000 -1.317253335
  .6200000000 -1.380941827
  .6250000000 -1.447664992
  .6300000000 -1.519850091
  .6350000000 -1.596288039
  .6400000000 -1.677555394
  .6450000000 -1.764771974
  .6500000000 -1.855812170
  .6550000000 -1.955063191
  .6600000000 -2.057986806
  .6650000000 -2.169450378
  .6700000000 -2.286789870
  .6750000000 -2.410603530
  .6800000000 -2.544257256
  .6850000000 -2.683973790
  .6900000000 -2.833778735
  .6950000000 -2.993372823
  .7000000000 -3.160977152
  .7050000000 -3.341463322
  .7100000000 -3.533442363
  .7150000000 -3.735978933
  .7200000000 -3.952843069
  .7250000000 -4.185387175
  .7300000000 -4.431793526
  .7350000000 -4.693289086
  .7400000000 -4.975367109
  .7450000000 -5.276928412
  .7500000000 -5.598249667
  .7550000000 -5.941149010
  .7600000000 -6.307639679
  .7650000000 -6.703662617
  .7700000000 -7.128496525
  .7750000000 -7.584134948
  .7800000000 -8.073518666
  .7850000000 -8.599905929
  .7900000000 -9.166911944
  .7950000000 -9.778556332
  .8000000000 -10.43932104
  .8050000000 -11.15422208
  .8100000000 -11.92890004
  .8150000000 -12.76973685
  .8200000000 -13.68400838
  .8250000000 -14.68008228
  .8300000000 -15.76766241
  .8350000000 -16.95876460
  .8400000000 -18.27900665
  .8450000000 -19.73479865
  .8500000000 -21.34408760
  .8550000000 -23.14040707
  .8600000000 -25.15078969
  .8650000000 -27.39071137
  .8700000000 -29.92693929
  .8750000000 -32.76932431
  .8800000000 -35.99784141
  .8850000000 -39.66643680
  .8900000000 -43.84806794
  .8950000000 -48.64702220
&
@ s9 color  5
@ s9 linestyle  1
@target s9
@type xy
  .4716605719 -10.000
  .4716605719  10.000
  .5283394280  10.000
  .5283394280 -10.000
&
@ s10 color  1
@ s10 linestyle  2
@ legend string 10 "(6)-(6)"
@target s10
@type xy
  .1000000000 -54.19309560
  .1050000000 -48.64845218
  .1100000000 -43.84943153
  .1150000000 -39.66773058
  .1200000000 -35.99906444
  .1250000000 -32.77047822
  .1300000000 -29.92802941
  .1350000000 -27.39174617
  .1400000000 -25.15178323
  .1450000000 -23.14137351
  .1500000000 -21.34504131
  .1550000000 -19.73574968
  .1600000000 -18.27995880
  .1650000000 -16.95971712
  .1700000000 -15.76861114
  .1750000000 -14.68102304
  .1800000000 -13.68493816
  .1850000000 -12.77065424
  .1900000000 -11.92980525
  .1950000000 -11.15511657
  .2000000000 -10.44020708
  .2050000000 -9.779436668
  .2100000000 -9.167789477
  .2150000000 -8.600783523
  .2200000000 -8.074399010
  .2250000000 -7.585020476
  .2300000000 -7.129389371
  .2350000000 -6.704564597
  .2400000000 -6.308552345
  .2450000000 -5.942073786
  .2500000000 -5.599187329
  .2550000000 -5.277879460
  .2600000000 -4.976331807
  .2650000000 -4.694267515
  .2700000000 -4.432785461
  .2750000000 -4.186392171
  .2800000000 -3.953860607
  .2850000000 -3.737008235
  .2900000000 -3.534482439
  .2950000000 -3.342513344
  .3000000000 -3.162036113
  .3050000000 -2.994439289
  .3100000000 -2.834851784
  .3150000000 -2.685052153
  .3200000000 -2.545339331
  .3250000000 -2.411688425
  .3300000000 -2.287875673
  .3350000000 -2.170535722
  .3400000000 -2.059070482
  .3450000000 -1.956142732
  .3500000000 -1.856886775
  .3550000000 -1.765838723
  .3600000000 -1.678613062
  .3650000000 -1.597334263
  .3700000000 -1.520882797
  .3750000000 -1.448682427
  .3800000000 -1.381941301
  .3850000000 -1.318233694
  .3900000000 -1.260293481
  .3950000000 -1.204580832
  .4000000000 -1.154643851
  .4050000000 -1.106493050
  .4100000000 -1.063830271
  .4150000000 -1.022844301
  .4200000000 -.9867601163
  .4250000000 -.9525475012
  .4300000000 -.9223616847
  .4350000000 -.8945113690
  .4400000000 -.8695585336
  .4450000000 -.8476219253
  .4500000000 -.8272715856
  .4550000000 -.8107795132
  .4600000000 -.7944676857
  .4650000000 -.7829562173
  .4700000000 -.7715819220
  .4750000000 -.7609012052
  .4800000000 -.7550505574
  .4850000000 -.7506956794
  .4900000000 -.7476929866
  .4950000000 -.7459352261
  .5000000000 -.7453561254
  .5050000000 -.7459332943
  .5100000000 -.7476892082
  .5150000000 -.7506902169
  .5200000000 -.7550436363
  .5250000000 -.7608930930
  .5300000000 -.7715784822
  .5350000000 -.7829471481
  .5400000000 -.7944529425
  .5450000000 -.8107644181
  .5500000000 -.8272561347
  .5550000000 -.8476077742
  .5600000000 -.8695463097
  .5650000000 -.8945012449
  .5700000000 -.9223538268
  .5750000000 -.9525417346
  .5800000000 -.9867560979
  .5850000000 -1.022841870
  .5900000000 -1.063828891
  .5950000000 -1.106492621
  .6000000000 -1.154643905
  .6050000000 -1.204581304
  .6100000000 -1.260294069
  .6150000000 -1.318234355
  .6200000000 -1.381941887
  .6250000000 -1.448682915
  .6300000000 -1.520883136
  .6350000000 -1.597334450
  .6400000000 -1.678613092
  .6450000000 -1.765838614
  .6500000000 -1.856886533
  .6550000000 -1.956142389
  .6600000000 -2.059070046
  .6650000000 -2.170535221
  .6700000000 -2.287875122
  .6750000000 -2.411687838
  .6800000000 -2.545338727
  .6850000000 -2.685051542
  .6900000000 -2.834851178
  .6950000000 -2.994438699
  .7000000000 -3.162035546
  .7050000000 -3.342512810
  .7100000000 -3.534481944
  .7150000000 -3.737007785
  .7200000000 -3.953860208
  .7250000000 -4.186391829
  .7300000000 -4.432785180
  .7350000000 -4.694267300
  .7400000000 -4.976331663
  .7450000000 -5.277879389
  .7500000000 -5.599187336
  .7550000000 -5.942073873
  .7600000000 -6.308552515
  .7650000000 -6.704564853
  .7700000000 -7.129389714
  .7750000000 -7.585020908
  .7800000000 -8.074399530
  .7850000000 -8.600784134
  .7900000000 -9.167790177
  .7950000000 -9.779437457
  .8000000000 -10.44020796
  .8050000000 -11.15511753
  .8100000000 -11.92980630
  .8150000000 -12.77065537
  .8200000000 -13.68493936
  .8250000000 -14.68102432
  .8300000000 -15.76861248
  .8350000000 -16.95971852
  .8400000000 -18.27996025
  .8450000000 -19.73575118
  .8500000000 -21.34504285
  .8550000000 -23.14137509
  .8600000000 -25.15178483
  .8650000000 -27.39174779
  .8700000000 -29.92803105
  .8750000000 -32.77047988
  .8800000000 -35.99906612
  .8850000000 -39.66773228
  .8900000000 -43.84943325
  .8950000000 -48.64845393
&
@ s11 color  1
@ s11 linestyle  2
@target s11
@type xy
  .4716605719 -10.000
  .4716605719  10.000
  .5283394280  10.000
  .5283394280 -10.000
&
@ s12 color  2
@ s12 linestyle  2
@ legend string 12 "(7)-(7)"
@target s12
@type xy
  .1000000000 -54.18920764
  .1050000000 -48.64462120
  .1100000000 -43.84566195
  .1150000000 -39.66402469
  .1200000000 -35.99542224
  .1250000000 -32.76689738
  .1300000000 -29.92450425
  .1350000000 -27.38826842
  .1400000000 -25.14833976
  .1450000000 -23.13795151
  .1500000000 -21.34162811
  .1550000000 -19.73233666
  .1600000000 -18.27654287
  .1650000000 -16.95629906
  .1700000000 -15.76519454
  .1750000000 -14.67761136
  .1800000000 -13.68153379
  .1850000000 -12.76725821
  .1900000000 -11.92641724
  .1950000000 -11.15173529
  .2000000000 -10.43683061
  .2050000000 -9.776062768
  .2100000000 -9.164415832
  .2150000000 -8.597407898
  .2200000000 -8.071019348
  .2250000000 -7.581634956
  .2300000000 -7.125996428
  .2350000000 -6.701162935
  .2400000000 -6.305140881
  .2450000000 -5.938651563
  .2500000000 -5.595753862
  .2550000000 -5.274434468
  .2600000000 -4.972875175
  .2650000000 -4.690799258
  .2700000000 -4.429305806
  .2750000000 -4.182901479
  .2800000000 -3.950359280
  .2850000000 -3.733496840
  .2900000000 -3.530961658
  .2950000000 -3.338983739
  .3000000000 -3.158498345
  .3050000000 -2.990894233
  .3100000000 -2.831299992
  .3150000000 -2.681494351
  .3200000000 -2.541776336
  .3250000000 -2.408120692
  .3300000000 -2.284304049
  .3350000000 -2.166960736
  .3400000000 -2.055492607
  .3450000000 -1.952562712
  .3500000000 -1.853304861
  .3550000000 -1.762255611
  .3600000000 -1.675029009
  .3650000000 -1.593749729
  .3700000000 -1.517298137
  .3750000000 -1.445097945
  .3800000000 -1.378357473
  .3850000000 -1.314650742
  .3900000000 -1.256712102
  .3950000000 -1.201001221
  .4000000000 -1.151067085
  .4050000000 -1.102919348
  .4100000000 -1.060261205
  .4150000000 -1.019280195
  .4200000000 -.9832029461
  .4250000000 -.9489978508
  .4300000000 -.9188215449
  .4350000000 -.8909817685
  .4400000000 -.8660408893
  .4450000000 -.8441177319
  .4500000000 -.8237813289
  .4550000000 -.8073047632
  .4600000000 -.7910082728
  .4650000000 -.7795123230
  .4700000000 -.7681533814
  .4750000000 -.7573964066
  .4800000000 -.7514441373
  .4850000000 -.7470227645
  .4900000000 -.7439931682
  .4950000000 -.7422497481
  .5000000000 -.7417249584
  .5050000000 -.7423923146
  .5100000000 -.7442676962
  .5150000000 -.7474088609
  .5200000000 -.7519131911
  .5250000000 -.7579137931
  .5300000000 -.7681499516
  .5350000000 -.7795038555
  .5400000000 -.7909947281
  .5450000000 -.8072910436
  .5500000000 -.8237674325
  .5550000000 -.8441051732
  .5600000000 -.8660302435
  .5650000000 -.8909731842
  .5700000000 -.9188151656
  .5750000000 -.9489935067
  .5800000000 -.9832003042
  .5850000000 -1.019279101
  .5900000000 -1.060261140
  .5950000000 -1.102920216
  .6000000000 -1.151068429
  .6050000000 -1.201002976
  .6100000000 -1.256713969
  .6150000000 -1.314652674
  .6200000000 -1.378359317
  .6250000000 -1.445099673
  .6300000000 -1.517299689
  .6350000000 -1.593751095
  .6400000000 -1.675030178
  .6450000000 -1.762256591
  .6500000000 -1.853305654
  .6550000000 -1.952563340
  .6600000000 -2.055493073
  .6650000000 -2.166961062
  .6700000000 -2.284304245
  .6750000000 -2.408120768
  .6800000000 -2.541776307
  .6850000000 -2.681494221
  .6900000000 -2.831299773
  .6950000000 -2.990893932
  .7000000000 -3.158497966
  .7050000000 -3.338983289
  .7100000000 -3.530961142
  .7150000000 -3.733496263
  .7200000000 -3.950358646
  .7250000000 -4.182900795
  .7300000000 -4.429305074
  .7350000000 -4.690798483
  .7400000000 -4.972874363
  .7450000000 -5.274433624
  .7500000000 -5.595752991
  .7550000000 -5.938650667
  .7600000000 -6.305139967
  .7650000000 -6.701162006
  .7700000000 -7.125995489
  .7750000000 -7.581634010
  .7800000000 -8.071018399
  .7850000000 -8.597406948
  .7900000000 -9.164414883
  .7950000000 -9.776061823
  .8000000000 -10.43682967
  .8050000000 -11.15173435
  .8100000000 -11.92641632
  .8150000000 -12.76725729
  .8200000000 -13.68153289
  .8250000000 -14.67761048
  .8300000000 -15.76519370
  .8350000000 -16.95629826
  .8400000000 -18.27654212
  .8450000000 -19.73233598
  .8500000000 -21.34162751
  .8550000000 -23.13795097
  .8600000000 -25.14833926
  .8650000000 -27.38826794
  .8700000000 -29.92450376
  .8750000000 -32.76689686
  .8800000000 -35.99542168
  .8850000000 -39.66402406
  .8900000000 -43.84566126
  .8950000000 -48.64462043
&
@ s13 color  2
@ s13 linestyle  2
@target s13
@type xy
  .4716605719 -10.000
  .4716605719  10.000
  .5283394280  10.000
  .5283394280 -10.000
&
@ s14 color  3
@ s14 linestyle  2
@ legend string 14 "(8)-(9)"
@target s14
@type xy
  .1000000000 -58.33448098
  .1050000000 -52.40117411
  .1100000000 -47.25749619
  .1150000000 -42.76937785
  .1200000000 -38.83790877
  .1250000000 -35.38925321
  .1300000000 -32.32408311
  .1350000000 -29.61673942
  .1400000000 -27.19141545
  .1450000000 -25.03888118
  .1500000000 -23.09917117
  .1550000000 -21.35967778
  .1600000000 -19.79689678
  .1650000000 -18.37957382
  .1700000000 -17.09095834
  .1750000000 -15.91615146
  .1800000000 -14.84824426
  .1850000000 -13.86794710
  .1900000000 -12.96594217
  .1950000000 -12.13431843
  .2000000000 -11.36619255
  .2050000000 -10.65552407
  .2100000000 -9.996971872
  .2150000000 -9.385784129
  .2200000000 -8.817713021
  .2250000000 -8.288947277
  .2300000000 -7.798227754
  .2350000000 -7.342112279
  .2400000000 -6.916154688
  .2450000000 -6.517764164
  .2500000000 -6.144598203
  .2550000000 -5.794538668
  .2600000000 -5.469764886
  .2650000000 -5.165752002
  .2700000000 -4.879461173
  .2750000000 -4.609449511
  .2800000000 -4.358747571
  .2850000000 -4.123273959
  .2900000000 -3.900246005
  .2950000000 -3.690943505
  .3000000000 -3.495986283
  .3050000000 -3.310500150
  .3100000000 -3.136109758
  .3150000000 -2.973496168
  .3200000000 -2.818062900
  .3250000000 -2.673190126
  .3300000000 -2.536461773
  .3350000000 -2.405608125
  .3400000000 -2.285328004
  .3450000000 -2.169401338
  .3500000000 -2.061439619
  .3550000000 -1.959072953
  .3600000000 -1.861961239
  .3650000000 -1.771573400
  .3700000000 -1.684402177
  .3750000000 -1.604616956
  .3800000000 -1.526732667
  .3850000000 -1.456198081
  .3900000000 -1.387190525
  .3950000000 -1.324556417
  .4000000000 -1.263455324
  .4050000000 -1.208143387
  .4100000000 -1.154095467
  .4150000000 -1.105590604
  .4200000000 -1.057840370
  .4250000000 -1.015681281
  .4300000000 -.9740152922
  .4350000000 -.9373267275
  .4400000000 -.9015126197
  .4450000000 -.8695505408
  .4500000000 -.8392254673
  .4550000000 -.8114777644
  .4600000000 -.7863217904
  .4650000000 -.7623299800
  .4700000000 -.7420929008
  .4750000000 -.7220699747
  .4800000000 -.7060219478
  .4850000000 -.6907848660
  .4900000000 -.6823494024
  .4950000000 -.6709602873
  .5000000000 -.6615812902
  .5050000000 -.6542502309
  .5100000000 -.6489997601
  .5150000000 -.6458416121
  .5200000000 -.6447505769
  .5250000000 -.6456505004
  .5300000000 -.6484047108
  .5350000000 -.6528130358
  .5400000000 -.6586170086
  .5450000000 -.6655140085
  .5500000000 -.6731800269
  .5550000000 -.6812996098
  .5600000000 -.6896004568
  .5650000000 -.6978892912
  .5700000000 -.7060850939
  .5750000000 -.7142457089
  .5800000000 -.7225842263
  .5850000000 -.7314724124
  .5900000000 -.7574297917
  .5950000000 -.7709049456
  .6000000000 -.7854897352
  .6050000000 -.8030125012
  .6100000000 -.8222550176
  .6150000000 -.8457257413
  .6200000000 -.8719312406
  .6250000000 -.9031873966
  .6300000000 -.9385394873
  .6350000000 -.9787696435
  .6400000000 -1.024632802
  .6450000000 -1.074288942
  .6500000000 -1.131053819
  .6550000000 -1.190532652
  .6600000000 -1.257345951
  .6650000000 -1.327466157
  .6700000000 -1.402589889
  .6750000000 -1.482946061
  .6800000000 -1.566725584
  .6850000000 -1.656984543
  .6900000000 -1.751606996
  .6950000000 -1.850670333
  .7000000000 -1.957373817
  .7050000000 -2.069226361
  .7100000000 -2.186739912
  .7150000000 -2.313758126
  .7200000000 -2.447727430
  .7250000000 -2.589270460
  .7300000000 -2.741096267
  .7350000000 -2.903685219
  .7400000000 -3.076455834
  .7450000000 -3.260372288
  .7500000000 -3.457635264
  .7550000000 -3.670398354
  .7600000000 -3.897925519
  .7650000000 -4.141640752
  .7700000000 -4.403125000
  .7750000000 -4.684133582
  .7800000000 -4.986616123
  .7850000000 -5.313556110
  .7900000000 -5.667049878
  .7950000000 -6.048860822
  .8000000000 -6.461856072
  .8050000000 -6.909208309
  .8100000000 -7.394422728
  .8150000000 -7.921364803
  .8200000000 -8.496212775
  .8250000000 -9.123580103
  .8300000000 -9.807980099
  .8350000000 -10.55516934
  .8400000000 -11.37142797
  .8450000000 -12.26529092
  .8500000000 -13.25180621
  .8550000000 -14.33194809
  .8600000000 -15.51934551
  .8650000000 -16.83247905
  .8700000000 -18.27584927
  .8750000000 -19.87897439
  .8800000000 -21.65286617
  .8850000000 -23.62142977
  .8900000000 -25.82459356
  .8950000000 -28.28105961
&
@ s15 color  3
@ s15 linestyle  2
@target s15
@type xy
  .4877774114 -10.000
  .4877774114  10.000
  .5885611469  10.000
  .5885611469 -10.000
&
@ s16 color  4
@ s16 linestyle  2
@ legend string 16 "(9)-(10)"
@target s16
@type xy
  .1000000000 -31.26557064
  .1050000000 -28.50773214
  .1100000000 -26.03525457
  .1150000000 -23.82359341
  .1200000000 -21.84016688
  .1250000000 -20.05177791
  .1300000000 -18.44193516
  .1350000000 -16.98537348
  .1400000000 -15.66620247
  .1450000000 -14.46663214
  .1500000000 -13.38099974
  .1550000000 -12.38917531
  .1600000000 -11.48442128
  .1650000000 -10.66337425
  .1700000000 -9.911572516
  .1750000000 -9.222732628
  .1800000000 -8.591093693
  .1850000000 -8.011381445
  .1900000000 -7.478776134
  .1950000000 -6.988882782
  .2000000000 -6.537702947
  .2050000000 -6.121607451
  .2100000000 -5.737309752
  .2150000000 -5.381839824
  .2200000000 -5.052518523
  .2250000000 -4.746932516
  .2300000000 -4.462909984
  .2350000000 -4.198497378
  .2400000000 -3.951937595
  .2450000000 -3.721650014
  .2500000000 -3.507785973
  .2550000000 -3.308918748
  .2600000000 -3.122377638
  .2650000000 -2.947097694
  .2700000000 -2.782423308
  .2750000000 -2.630214345
  .2800000000 -2.486448361
  .2850000000 -2.350417116
  .2900000000 -2.223296638
  .2950000000 -2.104025752
  .3000000000 -1.990461602
  .3050000000 -1.883547965
  .3100000000 -1.783044450
  .3150000000 -1.686712343
  .3200000000 -1.596057934
  .3250000000 -1.509921490
  .3300000000 -1.426897482
  .3350000000 -1.349684083
  .3400000000 -1.275184698
  .3450000000 -1.204847839
  .3500000000 -1.138719281
  .3550000000 -1.075445394
  .3600000000 -1.018248846
  .3650000000 -.9631034531
  .3700000000 -.9153003755
  .3750000000 -.8699076484
  .3800000000 -.8313405154
  .3850000000 -.7960126205
  .3900000000 -.7667314932
  .3950000000 -.7408047707
  .4000000000 -.7199150131
  .4050000000 -.7018305162
  .4100000000 -.6878275369
  .4150000000 -.6548619519
  .4200000000 -.6459353003
  .4250000000 -.6385700739
  .4300000000 -.6319802208
  .4350000000 -.6255129353
  .4400000000 -.6186842622
  .4450000000 -.6111977654
  .4500000000 -.6029456116
  .4550000000 -.5939932911
  .4600000000 -.5845508246
  .4650000000 -.5749345160
  .4700000000 -.5655239852
  .4750000000 -.5567193146
  .4800000000 -.5489026885
  .4850000000 -.5424079975
  .4900000000 -.5375006473
  .4950000000 -.5343684427
  .5000000000 -.5331230676
  .5050000000 -.5338105281
  .5100000000 -.5364280787
  .5150000000 -.5409446896
  .5200000000 -.5473220574
  .5250000000 -.5555334756
  .5300000000 -.5655784918
  .5350000000 -.5774920725
  .5400000000 -.5913478606
  .5450000000 -.6072559192
  .5500000000 -.6338047739
  .5550000000 -.6572528482
  .5600000000 -.6809658781
  .5650000000 -.7086339278
  .5700000000 -.7376182120
  .5750000000 -.7697446864
  .5800000000 -.8039753185
  .5850000000 -.8409559731
  .5900000000 -.8806777409
  .5950000000 -.9230174075
  .6000000000 -.9685586410
  .6050000000 -1.016855461
  .6100000000 -1.068632970
  .6150000000 -1.123598075
  .6200000000 -1.182110467
  .6250000000 -1.244580361
  .6300000000 -1.310407124
  .6350000000 -1.381358541
  .6400000000 -1.455163336
  .6450000000 -1.535731187
  .6500000000 -1.618970845
  .6550000000 -1.709765837
  .6600000000 -1.804686850
  .6650000000 -1.905829776
  .6700000000 -2.014083881
  .6750000000 -2.126933622
  .6800000000 -2.250110129
  .6850000000 -2.379330277
  .6900000000 -2.516117441
  .6950000000 -2.664076123
  .7000000000 -2.819653155
  .7050000000 -2.985310924
  .7100000000 -3.164025679
  .7150000000 -3.352830326
  .7200000000 -3.552926223
  .7250000000 -3.770360633
  .7300000000 -4.001091562
  .7350000000 -4.246303424
  .7400000000 -4.508500655
  .7450000000 -4.792084788
  .7500000000 -5.094643029
  .7550000000 -5.417909206
  .7600000000 -5.763793578
  .7650000000 -6.134631664
  .7700000000 -6.536122814
  .7750000000 -6.966874712
  .7800000000 -7.429525484
  .7850000000 -7.926938578
  .7900000000 -8.462213686
  .7950000000 -9.038699474
  .8000000000 -9.660010842
  .8050000000 -10.33005498
  .8100000000 -11.05307185
  .8150000000 -11.83369487
  .8200000000 -12.67703424
  .8250000000 -13.58877528
  .8300000000 -14.57526565
  .8350000000 -15.64896227
  .8400000000 -16.81605160
  .8450000000 -18.08203891
  .8500000000 -19.45423348
  .8550000000 -20.95183684
  .8600000000 -22.57784333
  .8650000000 -24.36347138
  .8700000000 -26.36757832
  .8750000000 -28.64251649
  .8800000000 -31.23333327
  .8850000000 -34.17155674
  .8900000000 -37.46948574
  .8950000000 -41.18122416
&
@ s17 color  4
@ s17 linestyle  2
@target s17
@type xy
  .4132226436 -10.000
  .4132226436  10.000
  .5499477409  10.000
  .5499477409 -10.000
&
@ s18 color  5
@ s18 linestyle  2
@ legend string 18 "(10)-(9)"
@target s18
@type xy
  .1000000000 -45.38616195
  .1050000000 -41.18122416
  .1100000000 -37.46948574
  .1150000000 -34.17155674
  .1200000000 -31.23333327
  .1250000000 -28.64251649
  .1300000000 -26.36757832
  .1350000000 -24.36347138
  .1400000000 -22.57784333
  .1450000000 -20.95183684
  .1500000000 -19.45423348
  .1550000000 -18.08203891
  .1600000000 -16.81605160
  .1650000000 -15.64896227
  .1700000000 -14.57526565
  .1750000000 -13.58877528
  .1800000000 -12.67703424
  .1850000000 -11.83369487
  .1900000000 -11.05307185
  .1950000000 -10.33005498
  .2000000000 -9.660010842
  .2050000000 -9.038699474
  .2100000000 -8.462213686
  .2150000000 -7.926938578
  .2200000000 -7.429525484
  .2250000000 -6.966874712
  .2300000000 -6.536122814
  .2350000000 -6.134631664
  .2400000000 -5.763793578
  .2450000000 -5.417909206
  .2500000000 -5.094643029
  .2550000000 -4.792084788
  .2600000000 -4.508500655
  .2650000000 -4.246303424
  .2700000000 -4.001091562
  .2750000000 -3.770360633
  .2800000000 -3.552926223
  .2850000000 -3.352830326
  .2900000000 -3.164025679
  .2950000000 -2.985310924
  .3000000000 -2.819653155
  .3050000000 -2.664076123
  .3100000000 -2.516117441
  .3150000000 -2.379330277
  .3200000000 -2.250110129
  .3250000000 -2.126933622
  .3300000000 -2.014083881
  .3350000000 -1.905829776
  .3400000000 -1.804686850
  .3450000000 -1.709765837
  .3500000000 -1.618970845
  .3550000000 -1.535731187
  .3600000000 -1.455163336
  .3650000000 -1.381358541
  .3700000000 -1.310407124
  .3750000000 -1.244580361
  .3800000000 -1.182110467
  .3850000000 -1.123598075
  .3900000000 -1.068632970
  .3950000000 -1.016855461
  .4000000000 -.9685586410
  .4050000000 -.9230174075
  .4100000000 -.8806777409
  .4150000000 -.8409559731
  .4200000000 -.8039753185
  .4250000000 -.7697446864
  .4300000000 -.7376182120
  .4350000000 -.7086339278
  .4400000000 -.6809658781
  .4450000000 -.6572528482
  .4500000000 -.6338047739
  .4550000000 -.6072559192
  .4600000000 -.5913478606
  .4650000000 -.5774920725
  .4700000000 -.5655784918
  .4750000000 -.5555334756
  .4800000000 -.5473220574
  .4850000000 -.5409446896
  .4900000000 -.5364280787
  .4950000000 -.5338105281
  .5000000000 -.5331230676
  .5050000000 -.5343684427
  .5100000000 -.5375006473
  .5150000000 -.5424079975
  .5200000000 -.5489026885
  .5250000000 -.5567193146
  .5300000000 -.5655239852
  .5350000000 -.5749345160
  .5400000000 -.5845508246
  .5450000000 -.5939932911
  .5500000000 -.6029456116
  .5550000000 -.6111977654
  .5600000000 -.6186842622
  .5650000000 -.6255129353
  .5700000000 -.6319802208
  .5750000000 -.6385700739
  .5800000000 -.6459353003
  .5850000000 -.6548619519
  .5900000000 -.6878275369
  .5950000000 -.7018305162
  .6000000000 -.7199150131
  .6050000000 -.7408047707
  .6100000000 -.7667314932
  .6150000000 -.7960126205
  .6200000000 -.8313405154
  .6250000000 -.8699076484
  .6300000000 -.9153003755
  .6350000000 -.9631034531
  .6400000000 -1.018248846
  .6450000000 -1.075445394
  .6500000000 -1.138719281
  .6550000000 -1.204847839
  .6600000000 -1.275184698
  .6650000000 -1.349684083
  .6700000000 -1.426897482
  .6750000000 -1.509921490
  .6800000000 -1.596057934
  .6850000000 -1.686712343
  .6900000000 -1.783044450
  .6950000000 -1.883547965
  .7000000000 -1.990461602
  .7050000000 -2.104025752
  .7100000000 -2.223296638
  .7150000000 -2.350417116
  .7200000000 -2.486448361
  .7250000000 -2.630214345
  .7300000000 -2.782423308
  .7350000000 -2.947097694
  .7400000000 -3.122377638
  .7450000000 -3.308918748
  .7500000000 -3.507785973
  .7550000000 -3.721650014
  .7600000000 -3.951937595
  .7650000000 -4.198497378
  .7700000000 -4.462909984
  .7750000000 -4.746932516
  .7800000000 -5.052518523
  .7850000000 -5.381839824
  .7900000000 -5.737309752
  .7950000000 -6.121607451
  .8000000000 -6.537702947
  .8050000000 -6.988882782
  .8100000000 -7.478776134
  .8150000000 -8.011381445
  .8200000000 -8.591093693
  .8250000000 -9.222732628
  .8300000000 -9.911572516
  .8350000000 -10.66337425
  .8400000000 -11.48442128
  .8450000000 -12.38917531
  .8500000000 -13.38099974
  .8550000000 -14.46663214
  .8600000000 -15.66620247
  .8650000000 -16.98537348
  .8700000000 -18.44193516
  .8750000000 -20.05177791
  .8800000000 -21.84016688
  .8850000000 -23.82359341
  .8900000000 -26.03525457
  .8950000000 -28.50773214
&
@ s19 color  5
@ s19 linestyle  2
@target s19
@type xy
  .4500522590 -10.000
  .4500522590  10.000
  .5867773563  10.000
  .5867773563 -10.000
&
