   8    5    0   -1    0    0.000358 -0.001039 -0.005445
   8    5    0    0    0   -0.000356 -0.001038  0.005447
   8    6   -1    0    1    0.001615 -0.002724 -0.004847
   8    6    0    0    1    0.001611  0.002724  0.004843
   8    7    0   -1    0   -0.000412  0.002673  0.003417
   8    7    0   -1    1    0.000411 -0.002673  0.003418
   8    5   -1   -1    0    0.003095  0.000197  0.002395
   8    5   -1    0    0   -0.003094  0.000197 -0.002395
   8    6   -1    0    0    0.003003  0.000487  0.001466
   8    6    0    0    0    0.003001 -0.000487 -0.001466
   8    7    0    0    0    0.000695  0.000533 -0.003230
   8    7    0    0    1   -0.000696 -0.000533 -0.003230
   8    5    0   -1    1   -0.003001 -0.000108 -0.002566
   8    5    0    0    1    0.003001 -0.000108  0.002567
   8    6   -1   -1    1   -0.003784 -0.000426 -0.001785
   8    6    0   -1    1   -0.003785  0.000426  0.001786
   8    7    1   -1    0   -0.000226 -0.000371  0.002981
   8    7    1   -1    1    0.000226  0.000371  0.002980
   8    8   -1    0    0    0.001075 -0.000029  0.000006
   8    8    0   -1    0   -0.000845 -0.000043  0.000505
   8    8    0    0   -1   -0.001056  0.000083  0.000148
   8    8    0    0    1   -0.001056  0.000083  0.000148
   8    8    0    1    0   -0.000845 -0.000043  0.000505
   8    8    1    0    0    0.001075 -0.000029  0.000006
   8    5   -1   -1    1   -0.001600  0.000094  0.004396
   8    5   -1    0    1    0.001594  0.000094 -0.004393
   8    6   -1   -1    0    0.000474  0.000138 -0.002147
   8    6    0   -1    0    0.000474 -0.000138  0.002144
   8    7    1    0    0    0.004676 -0.000319 -0.002055
   8    7    1    0    1   -0.004675  0.000319 -0.002055
   8    5    0   -1   -1    0.000680 -0.000075  0.000458
   8    5    0    0   -1   -0.000681 -0.000075 -0.000457
   8    6   -1    1    1    0.000477 -0.000089  0.000858
   8    6    0    1    1    0.000478  0.000089 -0.000859
   8    7   -1   -1    0    0.000326 -0.000149 -0.000387
   8    7   -1   -1    1   -0.000326  0.000149 -0.000387
   8    5    1   -1    0   -0.001208 -0.000142  0.000605
   8    5    1    0    0    0.001208 -0.000142 -0.000604
   8    6   -1    0    2   -0.000599  0.000163 -0.000943
   8    6    0    0    2   -0.000600 -0.000163  0.000942
   8    7    0   -2    0    0.000248  0.000088  0.000758
   8    7    0   -2    1   -0.000248 -0.000088  0.000758
   8    8   -1   -1    0   -0.000537 -0.000140  0.000125
   8    8   -1    0   -1    0.001147 -0.000144  0.000501
   8    8   -1    0    1   -0.000191  0.000326  0.000733
   8    8   -1    1    0   -0.000398 -0.000033 -0.000820
   8    8    0   -1   -1   -0.000591  0.000011  0.000442
   8    8    0   -1    1    0.001317  0.000098 -0.000855
   8    8    0    1   -1    0.001317  0.000098 -0.000855
   8    8    0    1    1   -0.000591  0.000011  0.000442
   8    8    1   -1    0   -0.000398 -0.000033 -0.000820
   8    8    1    0   -1   -0.000191  0.000326  0.000733
   8    8    1    0    1    0.001147 -0.000144  0.000501
   8    8    1    1    0   -0.000537 -0.000140  0.000125
   8    5   -1   -1   -1    0.000181 -0.000159  0.000669
   8    5   -1    0   -1   -0.000181 -0.000159 -0.000670
   8    6   -1    1    0   -0.001485 -0.000076  0.000036
   8    6    0    1    0   -0.001485  0.000076 -0.000036
   8    7   -1    0    0    0.000784  0.000073  0.001881
   8    7   -1    0    1   -0.000785 -0.000073  0.001882
   8    5    0   -2    0    0.002430 -0.000101 -0.002412
   8    5    0    1    0   -0.002430 -0.000101  0.002413
   8    6   -2    0    1    0.000018 -0.000023  0.002343
   8    6    1    0    1    0.000019  0.000023 -0.002343
   8    7    0   -1   -1   -0.002306  0.000016 -0.000462
   8    7    0   -1    2    0.002306 -0.000016 -0.000462
   8    5    1   -1    1   -0.000147 -0.000164  0.000556
   8    5    1    0    1    0.000147 -0.000164 -0.000556
   8    6   -1   -1    2    0.001074 -0.000097 -0.000260
   8    6    0   -1    2    0.001075  0.000097  0.000260
   8    7    1   -2    0    0.000617  0.000029 -0.000651
   8    7    1   -2    1   -0.000617 -0.000029 -0.000651
   8    5   -1    1    0    0.000304 -0.000010  0.000298
   8    6    1    0    0    0.000290  0.000048  0.000201
   8    7    0    0   -1   -0.000327 -0.000032 -0.000122
   8    5   -1   -2    0   -0.000304 -0.000009 -0.000298
   8    6   -2    0    0    0.000290 -0.000048 -0.000201
   8    7    0    0    2    0.000327  0.000032 -0.000122
   8    5    0   -2    1    0.000460 -0.000052  0.000452
   8    5    0    1    1   -0.000461 -0.000052 -0.000452
   8    6    1   -1    1   -0.000043  0.000027 -0.000322
   8    7    1   -1   -1    0.000440  0.000017  0.000212
   8    6   -2   -1    1   -0.000043 -0.000027  0.000322
   8    7    1   -1    2   -0.000440 -0.000017  0.000212
   8    8   -1   -1   -1    0.000485 -0.000010  0.001226
   8    8   -1   -1    1   -0.000024 -0.000060 -0.000601
   8    8   -1    1   -1    0.000118 -0.000066 -0.000186
   8    8   -1    1    1   -0.001258 -0.000074 -0.000131
   8    8    1   -1   -1   -0.001258 -0.000074 -0.000131
   8    8    1   -1    1    0.000118 -0.000066 -0.000186
   8    8    1    1   -1   -0.000024 -0.000060 -0.000601
   8    8    1    1    1    0.000485 -0.000010  0.001226
   8    5   -2   -1    0   -0.000266 -0.000046  0.000442
   8    5   -2    0    0    0.000266 -0.000046 -0.000442
   8    6   -1    0   -1   -0.000147  0.000117 -0.000097
   8    6    0    0   -1   -0.000147 -0.000117  0.000096
   8    7    0    1    0    0.000501 -0.000036  0.000078
   8    7    0    1    1   -0.000501  0.000036  0.000078
   8    5   -1   -2    1   -0.000333  0.000016 -0.000109
   8    5   -1    1    1    0.000333  0.000016  0.000109
   8    5    1   -1   -1   -0.000097  0.000066 -0.000012
   8    5    1    0   -1    0.000097  0.000066  0.000012
   8    6   -2   -1    0    0.000061  0.000052 -0.000314
   8    6   -1    1    2    0.000128 -0.000023  0.000029
   8    6    0    1    2    0.000128  0.000023 -0.000029
   8    6    1   -1    0    0.000061 -0.000052  0.000314
   8    7   -1   -2    0   -0.000074  0.000017 -0.000175
   8    7   -1   -2    1    0.000074 -0.000017 -0.000175
   8    7    1    0   -1    0.000033 -0.000037 -0.000016
   8    7    1    0    2   -0.000033  0.000037 -0.000016
   8    5    0   -1    2   -0.000201 -0.000017  0.000289
   8    5    0    0    2    0.000201 -0.000017 -0.000289
   8    6   -1   -2    1    0.000046 -0.000016 -0.000208
   8    6    0   -2    1    0.000045  0.000016  0.000208
   8    7    2   -1    0    0.000116 -0.000153  0.000011
   8    7    2   -1    1   -0.000116  0.000153  0.000011
   8    5   -2   -1    1   -0.000684 -0.000007  0.000312
   8    5   -2    0    1    0.000684 -0.000007 -0.000312
   8    5    0   -2   -1   -0.000065 -0.000019 -0.000549
   8    5    0    1   -1    0.000065 -0.000019  0.000549
   8    6   -2    1    1    0.000310 -0.000020 -0.000151
   8    6   -1   -1   -1    0.000147  0.000011 -0.000638
   8    6    0   -1   -1    0.000148 -0.000011  0.000638
   8    6    1    1    1    0.000310  0.000020  0.000151
   8    7   -1   -1   -1   -0.000513  0.000007 -0.000467
   8    7   -1   -1    2    0.000513 -0.000007 -0.000467
   8    7    1    1    0    0.000463  0.000026  0.000048
   8    7    1    1    1   -0.000463 -0.000026  0.000047
   8    5   -1   -1    2   -0.000790  0.000003  0.000260
   8    5   -1    0    2    0.000790  0.000003 -0.000260
   8    5    1   -2    0    0.000431  0.000003 -0.000473
   8    5    1    1    0   -0.000431  0.000003  0.000473
   8    6   -2    0    2   -0.000173  0.000028  0.000487
   8    6   -1   -2    0   -0.000002 -0.000005 -0.001017
   8    6    0   -2    0   -0.000002  0.000005  0.001017
   8    6    1    0    2   -0.000173 -0.000028 -0.000487
   8    7    0   -2   -1   -0.000373  0.000045  0.000183
   8    7    0   -2    2    0.000373 -0.000045  0.000183
   8    7    2    0    0    0.000237 -0.000016  0.000265
   8    7    2    0    1   -0.000237  0.000016  0.000265
   8    8   -2    0    0    0.000118 -0.000008  0.000246
   8    8    0   -2    0   -0.000297  0.000069 -0.000050
   8    8    0    0   -2    0.000039 -0.000069 -0.000125
   8    8    0    0    2    0.000039 -0.000069 -0.000125
   8    8    0    2    0   -0.000297  0.000069 -0.000050
   8    8    2    0    0    0.000118 -0.000008  0.000246
   8    5   -1   -2   -1    0.000250 -0.000068 -0.000184
   8    5   -1    1   -1   -0.000249 -0.000068  0.000184
   8    6   -2    1    0   -0.000387  0.000054  0.000152
   8    6    1    1    0   -0.000387 -0.000054 -0.000151
   8    7   -1    0   -1   -0.000106  0.000007  0.000377
   8    7   -1    0    2    0.000106 -0.000007  0.000377
   8    5    1   -2    1   -0.000152 -0.000022 -0.000560
   8    5    1    1    1    0.000152 -0.000022  0.000560
   8    6    1   -1    2    0.000282  0.000022  0.000191
   8    6   -2   -1    2    0.000283 -0.000022 -0.000191
   8    7    1   -2   -1   -0.000481 -0.000009 -0.000312
   8    7    1   -2    2    0.000481  0.000009 -0.000312
   8    5   -2   -1   -1    0.000165  0.000003  0.000003
   8    5   -2    0   -1   -0.000164  0.000003 -0.000003
   8    6   -1    1   -1   -0.000086  0.000035  0.000147
   8    6    0    1   -1   -0.000086 -0.000035 -0.000147
   8    7   -1    1    0   -0.000031 -0.000009  0.000119
   8    7   -1    1    1    0.000031  0.000009  0.000119
   8    5    1   -1    2    0.000109  0.000001 -0.000096
   8    5    1    0    2   -0.000109  0.000001  0.000095
   8    6   -1   -2    2   -0.000055 -0.000003  0.000098
   8    6    0   -2    2   -0.000055  0.000003 -0.000099
   8    7    2   -2    0   -0.000094 -0.000016  0.000080
   8    7    2   -2    1    0.000094  0.000016  0.000080
   8    8   -2   -1    0   -0.000250  0.000014  0.000064
   8    8   -2    0   -1    0.000049  0.000007  0.000195
   8    8   -2    0    1    0.000193  0.000043  0.000019
   8    8   -2    1    0   -0.000172  0.000001 -0.000117
   8    8   -1   -2    0    0.000003 -0.000008 -0.000252
   8    8   -1    0   -2    0.000048  0.000008  0.000194
   8    8   -1    0    2   -0.000047  0.000067  0.000228
   8    8   -1    2    0   -0.000225 -0.000051 -0.000106
   8    8    0   -2   -1   -0.000113  0.000003  0.000026
   8    8    0   -2    1    0.000025 -0.000023 -0.000098
   8    8    0   -1   -2    0.000178 -0.000009 -0.000206
   8    8    0   -1    2    0.000021  0.000002 -0.000054
   8    8    0    1   -2    0.000021  0.000002 -0.000054
   8    8    0    1    2    0.000178 -0.000009 -0.000206
   8    8    0    2   -1    0.000025 -0.000023 -0.000098
   8    8    0    2    1   -0.000113  0.000003  0.000026
   8    8    1   -2    0   -0.000225 -0.000051 -0.000106
   8    8    1    0   -2   -0.000047  0.000067  0.000228
   8    8    1    0    2    0.000048  0.000008  0.000194
   8    8    1    2    0    0.000003 -0.000008 -0.000252
   8    8    2   -1    0   -0.000172  0.000001 -0.000117
   8    8    2    0   -1    0.000193  0.000043  0.000019
   8    8    2    0    1    0.000049  0.000007  0.000195
   8    8    2    1    0   -0.000250  0.000014  0.000064
   8    5   -2   -2    0    0.000129 -0.000015 -0.000123
   8    5   -2    1    0   -0.000129 -0.000015  0.000123
   8    5    0   -1   -2    0.000105  0.000024 -0.000043
   8    5    0    0   -2   -0.000104  0.000024  0.000043
   8    6   -2    0   -1   -0.000083  0.000050  0.000108
   8    6   -1    2    1   -0.000005 -0.000007  0.000080
   8    6    0    2    1   -0.000005  0.000007 -0.000080
   8    6    1    0   -1   -0.000083 -0.000050 -0.000108
   8    7   -2   -1    0   -0.000009 -0.000029  0.000039
   8    7   -2   -1    1    0.000009  0.000029  0.000039
   8    7    0    1   -1   -0.000116 -0.000012  0.000069
   8    7    0    1    2    0.000116  0.000012  0.000069
   8    5    1   -2   -1   -0.000184 -0.000003  0.000070
   8    5    1    1   -1    0.000184 -0.000003 -0.000070
   8    6   -2    1    2    0.000086  0.000011 -0.000096
   8    6    1    1    2    0.000087 -0.000011  0.000096
   8    7   -1   -2   -1   -0.000064 -0.000023  0.000064
   8    7   -1   -2    2    0.000064  0.000023  0.000064
   8    5    0   -2    2    0.000008 -0.000011 -0.000047
   8    5    0    1    2   -0.000008 -0.000011  0.000047
   8    5    2   -1    0    0.000026  0.000024 -0.000187
   8    5    2    0    0   -0.000026  0.000024  0.000187
   8    6   -2   -2    1   -0.000045  0.000020  0.000009
   8    6   -1    0    3    0.000072  0.000027  0.000041
   8    6    0    0    3    0.000072 -0.000027 -0.000041
   8    6    1   -2    1   -0.000045 -0.000020 -0.000009
   8    7    2   -1   -1   -0.000036 -0.000055  0.000031
   8    7    2   -1    2    0.000036  0.000055  0.000031
   8    7    0   -3    0   -0.000207  0.000002 -0.000035
   8    7    0   -3    1    0.000207 -0.000002 -0.000035
   8    5   -1   -1   -2    0.000055  0.000006 -0.000046
   8    5   -1    0   -2   -0.000055  0.000006  0.000046
   8    6   -1    2    0    0.000135  0.000023  0.000065
   8    6    0    2    0    0.000135 -0.000023 -0.000066
   8    7   -2    0    0   -0.000073  0.000002 -0.000090
   8    7   -2    0    1    0.000073 -0.000002 -0.000090
   8    5   -2   -2    1    0.000018 -0.000002  0.000010
   8    5   -2    1    1   -0.000018 -0.000002 -0.000010
   8    6   -2   -1   -1   -0.000156 -0.000026  0.000082
   8    6    1   -1   -1   -0.000156  0.000026 -0.000082
   8    7    1    1   -1   -0.000034  0.000023  0.000147
   8    7    1    1    2    0.000034 -0.000023  0.000147
   8    5   -1   -2    2    0.000023  0.000001 -0.000090
   8    5   -1    1    2   -0.000023  0.000001  0.000090
   8    6    1   -2    0    0.000023  0.000028 -0.000038
   8    7    2    0   -1   -0.000129  0.000011 -0.000027
   8    7    2    0    2    0.000129 -0.000011 -0.000027
   8    6   -2   -2    0    0.000023 -0.000028  0.000038
   8    5    2   -1    1    0.000015 -0.000004 -0.000190
   8    5    2    0    1   -0.000015 -0.000004  0.000189
   8    6   -1   -1    3   -0.000107 -0.000009 -0.000010
   8    6    0   -1    3   -0.000107  0.000009  0.000011
   8    7    1   -3    0   -0.000190 -0.000003  0.000120
   8    7    1   -3    1    0.000190  0.000003  0.000120
   8    8   -2   -1   -1    0.000110  0.000003  0.000157
   8    8   -2   -1    1   -0.000043  0.000021 -0.000023
   8    8   -2    1   -1   -0.000054  0.000018  0.000024
   8    8   -2    1    1   -0.000064 -0.000019 -0.000186
   8    8   -1   -2   -1    0.000057  0.000021 -0.000060
   8    8   -1   -2    1    0.000150  0.000021 -0.000252
   8    8   -1   -1   -2    0.000275  0.000005  0.000080
   8    8   -1   -1    2   -0.000247 -0.000006 -0.000053
   8    8   -1    1   -2   -0.000068  0.000030  0.000040
   8    8   -1    1    2    0.000098  0.000013  0.000032
   8    8   -1    2   -1   -0.000075  0.000041  0.000062
   8    8   -1    2    1   -0.000167  0.000031  0.000218
   8    8    1   -2   -1   -0.000167  0.000031  0.000218
   8    8    1   -2    1   -0.000075  0.000041  0.000062
   8    8    1   -1   -2    0.000098  0.000013  0.000032
   8    8    1   -1    2   -0.000068  0.000030  0.000040
   8    8    1    1   -2   -0.000247 -0.000006 -0.000053
   8    8    1    1    2    0.000275  0.000005  0.000080
   8    8    1    2   -1    0.000150  0.000021 -0.000252
   8    8    1    2    1    0.000057  0.000021 -0.000060
   8    8    2   -1   -1   -0.000064 -0.000019 -0.000186
   8    8    2   -1    1   -0.000054  0.000018  0.000024
   8    8    2    1   -1   -0.000043  0.000021 -0.000023
   8    8    2    1    1    0.000110  0.000003  0.000157
   8    7    0   -1   -2    0.000034 -0.000003  0.000061
   8    5   -2   -1    2   -0.000154 -0.000034  0.000248
   8    5   -2    0    2    0.000154 -0.000034 -0.000248
   8    5    0   -3    0   -0.000029  0.000009  0.000032
   8    5    0    2    0    0.000029  0.000009 -0.000032
   8    6   -3    0    1   -0.000078  0.000011 -0.000031
   8    6   -1   -2   -1    0.000020 -0.000008 -0.000133
   8    6    0   -2   -1    0.000020  0.000008  0.000133
   8    6    2    0    1   -0.000078 -0.000011  0.000031
   8    7    0   -1    3   -0.000034  0.000003  0.000061
   8    7    2    1    0    0.000245  0.000019 -0.000027
   8    7    2    1    1   -0.000245 -0.000019 -0.000027
   8    5   -2   -2   -1   -0.000014  0.000008  0.000073
   8    5   -2    1   -1    0.000014  0.000008 -0.000073
   8    6   -2    1   -1    0.000035  0.000010 -0.000011
   8    6    1    1   -1    0.000035 -0.000010  0.000011
   8    7   -1    1   -1    0.000052 -0.000026 -0.000029
   8    7   -1    1    2   -0.000052  0.000026 -0.000029
   8    5    1   -1   -2   -0.000003  0.000028 -0.000008
   8    5    1    0   -2    0.000003  0.000028  0.000008
   8    6    2    0    0   -0.000084 -0.000012 -0.000036
   8    7    0    0   -2   -0.000030 -0.000010  0.000037
   8    5   -1    2    0   -0.000055 -0.000005  0.000014
   8    6   -3    0    0   -0.000084  0.000012  0.000035
   8    6   -1    2    2   -0.000048 -0.000008  0.000006
   8    6    0    2    2   -0.000048  0.000008 -0.000006
   8    7   -2   -2    0    0.000007 -0.000006  0.000075
   8    7   -2   -2    1   -0.000007  0.000006  0.000075
   8    7    0    0    3    0.000030  0.000010  0.000037
   8    5   -1   -3    0    0.000055 -0.000005 -0.000014
   8    5    2   -1   -1   -0.000008  0.000021  0.000005
   8    5    2    0   -1    0.000008  0.000021 -0.000005
   8    6    2   -1    1    0.000030 -0.000018  0.000052
   8    7    1   -1   -2   -0.000079 -0.000022 -0.000060
   8    5    0   -3    1   -0.000069 -0.000003 -0.000097
   8    5    0    2    1    0.000069 -0.000003  0.000097
   8    6   -3   -1    1    0.000030  0.000018 -0.000052
   8    6   -1    1    3   -0.000025  0.000004 -0.000016
   8    6    0    1    3   -0.000025 -0.000004  0.000016
   8    7   -1   -3    0   -0.000006  0.000008  0.000054
   8    7   -1   -3    1    0.000006 -0.000008  0.000054
   8    7    1   -1    3    0.000079  0.000022 -0.000060
   8    5    1   -2    2   -0.000028  0.000003  0.000059
   8    5    1    1    2    0.000028  0.000003 -0.000059
   8    6   -2   -2    2   -0.000022  0.000021 -0.000017
   8    6    1   -2    2   -0.000022 -0.000021  0.000017
   8    7    2   -2   -1    0.000053 -0.000002  0.000046
   8    7    2   -2    2   -0.000053  0.000002  0.000046
   8    5    0    1   -2    0.000025  0.000002  0.000020
   8    5    0   -2   -2   -0.000025  0.000002 -0.000020
   8    6   -2    2    1   -0.000016 -0.000010 -0.000015
   8    6    1    2    1   -0.000016  0.000009  0.000015
   8    7   -2   -1   -1    0.000005 -0.000025  0.000029
   8    7   -2   -1    2   -0.000005  0.000025  0.000029
   8    5   -1    2    1   -0.000127  0.000007  0.000128
   8    6    2   -1    0   -0.000007  0.000020 -0.000114
   8    7    1    0   -2   -0.000121  0.000008  0.000004
   8    5   -1   -3    1    0.000127  0.000007 -0.000129
   8    6   -3   -1    0   -0.000007 -0.000020  0.000114
   8    7    1    0    3    0.000121 -0.000008  0.000004
   8    5    2    1    0   -0.000058 -0.000005  0.000015
   8    5    2   -2    0    0.000058 -0.000005 -0.000015
   8    6   -2    0    3    0.000051  0.000022  0.000034
   8    6    1    0    3    0.000051 -0.000022 -0.000034
   8    7    0   -3   -1   -0.000034  0.000002 -0.000022
   8    7    0   -3    2    0.000034 -0.000002 -0.000022
   8    5   -1   -2   -2   -0.000012  0.000011  0.000022
   8    5   -1    1   -2    0.000012  0.000011 -0.000022
   8    6   -2    2    0    0.000039  0.000006 -0.000009
   8    6   -1    0   -2    0.000007 -0.000013  0.000074
   8    6    0    0   -2    0.000007  0.000013 -0.000074
   8    6    1    2    0    0.000039 -0.000006  0.000009
   8    7   -2    0   -1    0.000009 -0.000017 -0.000060
   8    7   -2    0    2   -0.000009  0.000017 -0.000060
   8    7    0    2    0   -0.000067 -0.000007  0.000012
   8    7    0    2    1    0.000067  0.000007  0.000012
   8    5   -3   -1    0    0.000081  0.000004 -0.000050
   8    5   -3    0    0   -0.000081  0.000004  0.000050
   8    5    0    2   -1    0.000069  0.000015  0.000023
   8    6    2    1    1    0.000004  0.000013  0.000052
   8    7   -1   -1   -2   -0.000008 -0.000023 -0.000004
   8    5    0   -3   -1   -0.000069  0.000015 -0.000023
   8    6   -3    1    1    0.000004 -0.000013 -0.000052
   8    7   -1   -1    3    0.000008  0.000023 -0.000004
   8    6    2    0    2   -0.000056 -0.000028 -0.000048
   8    7    0   -2   -2   -0.000029  0.000006  0.000031
   8    5    1    2    0   -0.000062 -0.000003  0.000015
   8    6   -3    0    2   -0.000056  0.000028  0.000048
   8    5    1   -3    0    0.000062 -0.000003 -0.000015
   8    7    0   -2    3    0.000029 -0.000006  0.000031
   8    5    0   -1    3    0.000039 -0.000005 -0.000039
   8    5    0    0    3   -0.000039 -0.000005  0.000039
   8    5    2   -2    1   -0.000010  0.000010 -0.000014
   8    5    2    1    1    0.000010  0.000010  0.000014
   8    6    1   -1    3   -0.000039 -0.000012 -0.000009
   8    7    1   -3   -1   -0.000022 -0.000006  0.000027
   8    7    3   -1    0   -0.000015  0.000022  0.000006
   8    7    3   -1    1    0.000015 -0.000022  0.000006
   8    6   -2   -1    3   -0.000039  0.000012  0.000009
   8    6   -1   -3    1   -0.000012  0.000008  0.000045
   8    6    0   -3    1   -0.000012 -0.000008 -0.000045
   8    7    1   -3    2    0.000022  0.000006  0.000027
   8    8   -2   -2    0    0.000011 -0.000006 -0.000001
   8    8   -2    0   -2    0.000030  0.000026 -0.000014
   8    8   -2    0    2    0.000028 -0.000028 -0.000007
   8    8   -2    2    0    0.000013  0.000020  0.000008
   8    8    0   -2   -2   -0.000013 -0.000007 -0.000013
   8    8    0   -2    2   -0.000008  0.000011 -0.000018
   8    8    0    2   -2   -0.000008  0.000011 -0.000018
   8    8    0    2    2   -0.000013 -0.000007 -0.000013
   8    8    2   -2    0    0.000013  0.000020  0.000008
   8    8    2    0   -2    0.000028 -0.000028 -0.000007
   8    8    2    0    2    0.000030  0.000026 -0.000014
   8    8    2    2    0    0.000011 -0.000006 -0.000001
   8    5   -2   -1   -2   -0.000004  0.000023  0.000004
   8    5   -2    0   -2    0.000004  0.000023 -0.000004
   8    6   -1    2   -1   -0.000030  0.000007 -0.000019
   8    6    0    2   -1   -0.000030 -0.000007  0.000019
   8    7   -2    1    0    0.000010 -0.000010  0.000034
   8    7   -2    1    1   -0.000010  0.000010  0.000034
   8    5   -1    2   -1   -0.000019 -0.000003 -0.000028
   8    6   -1   -1   -2    0.000011  0.000005 -0.000014
   8    6    0   -1   -2    0.000010 -0.000005  0.000015
   8    6    2    1    0    0.000018  0.000007 -0.000021
   8    7   -1    0   -2    0.000012 -0.000018  0.000007
   8    5   -3   -1    1    0.000009 -0.000001 -0.000029
   8    5   -3    0    1   -0.000009 -0.000001  0.000029
   8    5   -1   -3   -1    0.000019 -0.000003  0.000028
   8    6   -3    1    0    0.000018 -0.000007  0.000021
   8    7   -1    0    3   -0.000012  0.000018  0.000007
   8    7    1    2    0   -0.000050  0.000003 -0.000016
   8    7    1    2    1    0.000050 -0.000003 -0.000016
   8    6    1   -2   -1   -0.000005  0.000005  0.000197
   8    7    2    1   -1    0.000126 -0.000003  0.000010
   8    5   -2   -2    2   -0.000189 -0.000001  0.000111
   8    5   -2    1    2    0.000189 -0.000001 -0.000111
   8    6   -2   -2   -1   -0.000005 -0.000005 -0.000197
   8    7    2    1    2   -0.000126  0.000003  0.000010
   8    6    2   -1    2   -0.000005 -0.000016  0.000008
   8    5   -1   -1    3    0.000123  0.000010  0.000003
   8    5   -1    0    3   -0.000124  0.000010 -0.000003
   8    5    1    2    1    0.000020  0.000006  0.000004
   8    7    1   -2   -2   -0.000021 -0.000002  0.000005
   8    7    3    0    0    0.000009 -0.000005 -0.000040
   8    7    3    0    1   -0.000009  0.000005 -0.000040
   8    5    1   -3    1   -0.000020  0.000006 -0.000004
   8    6   -3   -1    2   -0.000005  0.000016 -0.000008
   8    6   -1   -3    0    0.000041 -0.000003  0.000138
   8    6    0   -3    0    0.000041  0.000003 -0.000138
   8    7    1   -2    3    0.000021  0.000002  0.000005
   8    5    2   -1    2    0.000007  0.000016 -0.000017
   8    5    2    0    2   -0.000007  0.000016  0.000017
   8    6   -1   -2    3   -0.000027  0.000007  0.000019
   8    6    0   -2    3   -0.000027 -0.000007 -0.000019
   8    7    2   -3    0   -0.000016  0.000003  0.000031
   8    7    2   -3    1    0.000016 -0.000003  0.000031
   8    5    1   -2   -2    0.000087  0.000007 -0.000049
   8    5    1    1   -2   -0.000087  0.000007  0.000049
   8    6   -2    2    2   -0.000075  0.000004  0.000098
   8    6    1    2    2   -0.000075 -0.000004 -0.000097
   8    7   -2   -2   -1   -0.000038 -0.000001  0.000062
   8    7   -2   -2    2    0.000038  0.000001  0.000062
   8    5    2   -2   -1    0.000025  0.000009 -0.000101
   8    5    2    1   -1   -0.000025  0.000009  0.000101
   8    6   -2    1    3    0.000054  0.000000  0.000009
   8    6    1    1    3    0.000054 -0.000000 -0.000009
   8    7   -1   -3   -1   -0.000105 -0.000010 -0.000065
   8    7   -1   -3    2    0.000105  0.000010 -0.000065
   8    8   -2   -2   -1   -0.000048 -0.000002 -0.000022
   8    8   -2   -2    1    0.000000 -0.000007  0.000022
   8    8   -2   -1   -2    0.000067 -0.000017  0.000054
   8    8   -2   -1    2   -0.000045 -0.000000  0.000034
   8    8   -2    1   -2   -0.000027  0.000014 -0.000014
   8    8   -2    1    2    0.000063 -0.000014 -0.000016
   8    8   -2    2   -1    0.000024  0.000004 -0.000021
   8    8   -2    2    1   -0.000051 -0.000004  0.000006
   8    8   -1   -2   -2   -0.000022 -0.000011 -0.000066
   8    8   -1   -2    2   -0.000015 -0.000006 -0.000070
   8    8   -1    2   -2    0.000003  0.000009  0.000022
   8    8   -1    2    2    0.000032 -0.000005  0.000038
   8    8    1   -2   -2    0.000032 -0.000005  0.000038
   8    8    1   -2    2    0.000003  0.000009  0.000022
   8    8    1    2   -2   -0.000015 -0.000006 -0.000070
   8    8    1    2    2   -0.000022 -0.000011 -0.000066
   8    8    2   -2   -1   -0.000051 -0.000004  0.000006
   8    8    2   -2    1    0.000024  0.000004 -0.000021
   8    8    2   -1   -2    0.000063 -0.000014 -0.000016
   8    8    2   -1    2   -0.000027  0.000014 -0.000014
   8    8    2    1   -2   -0.000045 -0.000000  0.000034
   8    8    2    1    2    0.000067 -0.000017  0.000054
   8    8    2    2   -1    0.000000 -0.000007  0.000022
   8    8    2    2    1   -0.000048 -0.000002 -0.000022
   8    8   -3    0    0    0.000014  0.000008  0.000048
   8    8    0   -3    0   -0.000049 -0.000002 -0.000030
   8    8    0    0   -3    0.000027  0.000006 -0.000016
   8    8    0    0    3    0.000027  0.000006 -0.000016
   8    8    0    3    0   -0.000049 -0.000002 -0.000030
   8    8    3    0    0    0.000014  0.000008  0.000048
