  Type    Harmonic   (l)             Total
     1
                 0     0  317.977800662379
                 1     1  .008448047858930
                 2     1 -.008344959590385
                 3     1 -.008396416183477
                 4     2  .037140792632422
                 5     2  .037120824735420
                 6     2  .000084387261939
                 7     2 -.037121983990085
                 8     2 -.000109894292504
                 9     3 -.003987056480681
                10     3 -.038723821583224
                11     3 -.012838998632892
                12     3 -.011058585196599
                13     3  .000727154200116
                14     3  .007662802033406
                15     3 -.013432438040126
                16     4  .014216660808276
                17     4 -.006941625047013
                18     4 -.002048000402489
                19     4 -.012565877806127
                20     4 -.006439885268669
                21     4 -.014018068958676
                22     4  .000018458608032
                23     4  .003110072030683
                24     4 -.005428751398725
                25     5  .030243813900021
                26     5 -.000001222070524
                27     5 -.026234161436909
                28     5 -.000000277658579
                29     5  .009653836178768
                30     5 -.012165694733697
                31     5 -.039211290929386
                32     5 -.022344995608194
                33     5 -.012539871692359
                34     5 -.032362880043329
                35     5  .000366090615819
                36     6 -.001216117527935
                37     6 -.004688245571679
                38     6 -.004821894202636
                39     6  .007909760516996
                40     6 -.009194667899850
                41     6 -.004976510075357
                42     6 -.000996341371788
                43     6  .000801829448770
                44     6 -.027774116863611
                45     6  .001307965040614
                46     6  .002642939728036
                47     6  .010340007246280
                48     6  .018726192695488
                49     7  .002906949164723
                50     7  .002586986601853
                51     7  .000673938219651
                52     7  .000000269848646
                53     7  .007757808249435
                54     7  .002812465638880
                55     7 -.001775726989326
                56     7  .004799744476037
                57     7 -.004212371311063
                58     7 -.000254969697953
                59     7 -.003337293376364
                60     7 -.001421767485852
                61     7 -.006105216793972
                62     7  .006861365516994
                63     7  .002460990220528
                64     8 -.000314512967248
                65     8 -.001541735795568
                66     8 -.002987949602542
                67     8 -.000681772218374
                68     8 -.000792594433318
                69     8 -.002441111492017
                70     8 -.001878243701260
                71     8  .002093571887439
                72     8  .001742906912654
                73     8 -.001132709094710
                74     8  .000000650821884
                75     8 -.001806008578170
                76     8  .000927313726314
                77     8  .001334468119887
                78     8 -.000000451062587
                79     8 -.002618527764860
                80     8  .001413873271161
     2
                 0     0  317.977809236931
                 1     1  .008419910747367
                 2     1  .008337171954770
                 3     1  .008365068662313
                 4     2 -.037146499122064
                 5     2 -.037131507930518
                 6     2  .000085558465471
                 7     2 -.037128400762531
                 8     2 -.000076399358589
                 9     3 -.004002737606085
                10     3 -.038729350405077
                11     3 -.012838369432292
                12     3  .011058328911396
                13     3 -.000735136513480
                14     3 -.007667323277303
                15     3  .013436907956481
                16     4 -.014215587411103
                17     4  .006939110191046
                18     4  .002044474382673
                19     4  .012567333758905
                20     4 -.006433461946808
                21     4 -.014016464955258
                22     4  .000017807813062
                23     4  .003112157257950
                24     4 -.005429214371668
                25     5  .030242057642384
                26     5 -.000001123779275
                27     5 -.026233421419476
                28     5 -.000000234174407
                29     5  .009654061219309
                30     5  .012166661077192
                31     5  .039210161157033
                32     5  .022345308258684
                33     5  .012540623693616
                34     5  .032365164480981
                35     5 -.000365632310359
                36     6  .001216475393569
                37     6  .004688318565907
                38     6  .004821674769488
                39     6 -.007909716007007
                40     6  .009195054922048
                41     6  .004976676035363
                42     6 -.000997348673825
                43     6  .000802096753884
                44     6 -.027773371033858
                45     6  .001308208249803
                46     6  .002643439084482
                47     6  .010340453189062
                48     6  .018725810919588
                49     7  .002906838586087
                50     7  .002587213803478
                51     7  .000674444764376
                52     7  .000000257689536
                53     7  .007757729319977
                54     7  .002812703925581
                55     7 -.001775594868611
                56     7 -.004799914021046
                57     7  .004212270968343
                58     7  .000254944744380
                59     7  .003337015332086
                60     7  .001421781007999
                61     7  .006105303991864
                62     7 -.006861605209761
                63     7 -.002460878925905
                64     8  .000314496696822
                65     8  .001541793373403
                66     8  .002988017539342
                67     8  .000681858598785
                68     8  .000792616798351
                69     8  .002441112507577
                70     8  .001878209150589
                71     8 -.002093614337374
                72     8  .001742934134801
                73     8 -.001132759092209
                74     8  .000000725123957
                75     8 -.001806048789780
                76     8  .000927391738821
                77     8  .001334510016425
                78     8 -.000000312970398
                79     8 -.002618585702607
                80     8  .001413635962901
     3
                 0     0  317.977765129261
                 1     1 -.008443052773269
                 2     1  .008538595046363
                 3     1 -.008486071774671
                 4     2 -.037087305231568
                 5     2  .037107204615023
                 6     2 -.000062637497115
                 7     2  .037096809371376
                 8     2  .000104536056683
                 9     3  .004041873126165
                10     3 -.038701137682789
                11     3  .012815017751984
                12     3  .010997021248780
                13     3  .000658796862596
                14     3 -.007705183480607
                15     3 -.013422345757239
                16     4 -.014210926997613
                17     4 -.006953858143617
                18     4  .002057524296208
                19     4 -.012568950941791
                20     4 -.006438276470432
                21     4  .014028205286384
                22     4 -.000006053260137
                23     4 -.003096115997145
                24     4 -.005460200012530
                25     5 -.030231734975532
                26     5 -.000000468910254
                27     5  .026223509219518
                28     5 -.000000432583876
                29     5 -.009644331517424
                30     5  .012172937806303
                31     5 -.039217881407471
                32     5  .022354964843492
                33     5 -.012539485257944
                34     5  .032369868654587
                35     5  .000368101366776
                36     6  .001215996165603
                37     6 -.004685111587339
                38     6  .004821300609854
                39     6  .007908496268365
                40     6  .009194908248702
                41     6 -.004975143890934
                42     6 -.001000115812371
                43     6 -.000799477897479
                44     6 -.027778627676087
                45     6 -.001307516803133
                46     6  .002637862242951
                47     6 -.010339831861584
                48     6  .018725711755293
                49     7 -.002905689710112
                50     7  .002586152648685
                51     7 -.000675227113155
                52     7  .000000226130041
                53     7 -.007756204058233
                54     7  .002811389376778
                55     7  .001774889492666
                56     7 -.004799789241985
                57     7 -.004214151364609
                58     7  .000255655765250
                59     7 -.003338327372845
                60     7  .001420370786436
                61     7 -.006103985736657
                62     7 -.006863710180301
                63     7  .002459662143129
                64     8  .000314372555248
                65     8 -.001541696058704
                66     8  .002987467853604
                67     8 -.000681749924120
                68     8  .000792982277652
                69     8 -.002440663100851
                70     8  .001878153631976
                71     8  .002093434097980
                72     8  .001744230119951
                73     8  .001132621426954
                74     8  .000000057149232
                75     8  .001806066860905
                76     8  .000927786186701
                77     8 -.001334103463949
                78     8  .000000558041131
                79     8  .002618672231224
                80     8  .001412568120016
     4
                 0     0  317.977760415737
                 1     1 -.008452977147624
                 2     1 -.008535221882548
                 3     1  .008516118615613
                 4     2  .037083712913253
                 5     2 -.037099182697652
                 6     2 -.000085522789990
                 7     2  .037095755479108
                 8     2  .000066506756845
                 9     3  .004032470622409
                10     3 -.038698098895024
                11     3  .012816370256580
                12     3 -.011002764793992
                13     3 -.000646487609461
                14     3  .007695706168606
                15     3  .013418953099856
                16     4  .014211396518215
                17     4  .006954572128136
                18     4 -.002059898275183
                19     4  .012567592848687
                20     4 -.006443801876201
                21     4  .014029841240065
                22     4 -.000008177406194
                23     4 -.003095271487704
                24     4 -.005457540831087
                25     5 -.030232416812316
                26     5 -.000000554592615
                27     5  .026223949187404
                28     5 -.000000539096538
                29     5 -.009644154831843
                30     5 -.012171694803166
                31     5  .039220420067411
                32     5 -.022353968547879
                33     5  .012539437582951
                34     5 -.032367238999121
                35     5 -.000368069146865
                36     6 -.001215736301564
                37     6  .004685231731676
                38     6 -.004821488096093
                39     6 -.007908445972130
                40     6 -.009194846698788
                41     6  .004975121632955
                42     6 -.000999190200202
                43     6 -.000799227028016
                44     6 -.027779346437717
                45     6 -.001307229493355
                46     6  .002637735722092
                47     6 -.010339411048977
                48     6  .018725449296094
                49     7 -.002905807487270
                50     7  .002586033447969
                51     7 -.000674890004943
                52     7  .000000246263759
                53     7 -.007756117847728
                54     7  .002811257112180
                55     7  .001775041239803
                56     7  .004799727575295
                57     7  .004214422037613
                58     7 -.000255806188229
                59     7  .003338706283873
                60     7 -.001420528996071
                61     7  .006103975425831
                62     7  .006863325904142
                63     7 -.002459780711358
                64     8 -.000314379869767
                65     8  .001541622434840
                66     8 -.002987435620978
                67     8  .000681697754399
                68     8 -.000792980262300
                69     8  .002440670405560
                70     8 -.001878207261029
                71     8 -.002093398114729
                72     8  .001744229572563
                73     8  .001132593778746
                74     8 -.000000182141974
                75     8  .001806079619228
                76     8  .000927618667562
                77     8 -.001334084977131
                78     8  .000000420910015
                79     8  .002618606832668
                80     8  .001412760486272
     5
                 0     0  235.832281466137
                 1     1  .036806560761066
                 2     1 -.036857915979532
                 3     1 -.036743710847804
                 4     2  .025287693840402
                 5     2  .025286222021344
                 6     2  .000026032398978
                 7     2 -.025268361090705
                 8     2  .000044297525518
                 9     3 -.054884178617664
                10     3  .054724627508761
                11     3  .021649243917011
                12     3 -.030112992786085
                13     3  .058559764390185
                14     3 -.050705294045480
                15     3  .007216997518208
                16     4 -.010500325643949
                17     4  .032449092021311
                18     4  .030724536032670
                19     4 -.001039449560961
                20     4 -.012988706230376
                21     4  .020681344105299
                22     4  .000002845617600
                23     4  .025012525031546
                24     4 -.010974900642100
                25     5 -.018435175439244
                26     5 -.000000215338679
                27     5  .019174968886744
                28     5  .000000276546257
                29     5 -.023944946313739
                30     5  .014497594971502
                31     5  .027454885343488
                32     5  .002652823834421
                33     5  .017544788086958
                34     5  .032613155814672
                35     5  .014803982738240
                36     6 -.005915942855638
                37     6 -.009863605908036
                38     6  .004377576930628
                39     6 -.001075611897115
                40     6 -.008291485827125
                41     6 -.004945966668792
                42     6 -.001749421087412
                43     6  .008737016091168
                44     6 -.025236829801751
                45     6  .004919449917172
                46     6  .004624780025312
                47     6  .004731958985805
                48     6  .017013507334967
                49     7 -.004667872814497
                50     7 -.002713629088463
                51     7  .002600543429603
                52     7  .000000029137264
                53     7 -.007215440853001
                54     7 -.002950061618597
                55     7  .004251065328288
                56     7 -.003128732577131
                57     7  .007253450407615
                58     7 -.002865416293588
                59     7  .004607710648124
                60     7 -.000385820207839
                61     7  .004969880987029
                62     7 -.008974962590936
                63     7  .000387824083046
                64     8  .000691170676684
                65     8  .000307574467112
                66     8 -.002002564408584
                67     8 -.001690554771983
                68     8 -.000631796084400
                69     8 -.001453133315624
                70     8  .000603897166600
                71     8  .000433252362040
                72     8  .001852469849738
                73     8 -.001241773760283
                74     8  .000000073090592
                75     8  .000025377320812
                76     8  .000985079739319
                77     8  .001862129271557
                78     8 -.000000169800713
                79     8 -.000491535461622
                80     8  .001501113280251
     6
                 0     0  235.831878248039
                 1     1  .036794167716115
                 2     1  .036851996093885
                 3     1  .036759541820245
                 4     2 -.025285518231520
                 5     2 -.025287966017016
                 6     2  .000014784070220
                 7     2 -.025271798827573
                 8     2  .000038784158201
                 9     3 -.054887832752952
                10     3  .054724570699013
                11     3  .021647038860191
                12     3  .030114839323480
                13     3 -.058556591366367
                14     3  .050709414297074
                15     3 -.007222171933807
                16     4  .010500318687595
                17     4 -.032449985470163
                18     4 -.030723407679550
                19     4  .001039949696854
                20     4 -.012989703886265
                21     4  .020681883365473
                22     4  .000002112613191
                23     4  .025014355600751
                24     4 -.010976181430406
                25     5 -.018435425447906
                26     5 -.000000163960673
                27     5  .019174448383375
                28     5  .000000264852139
                29     5 -.023944948246094
                30     5 -.014497670901671
                31     5 -.027454851898401
                32     5 -.002653399468176
                33     5 -.017545447593878
                34     5 -.032613145805355
                35     5 -.014803372949740
                36     6  .005915946789259
                37     6  .009863479640224
                38     6 -.004377537627545
                39     6  .001075739089760
                40     6  .008291633113759
                41     6  .004945931995418
                42     6 -.001749037728119
                43     6  .008737004913997
                44     6 -.025236722462228
                45     6  .004919296457782
                46     6  .004624844116171
                47     6  .004731671647900
                48     6  .017013514030250
                49     7 -.004667859549885
                50     7 -.002713627485450
                51     7  .002600538156638
                52     7  .000000021063025
                53     7 -.007215453080166
                54     7 -.002950052479059
                55     7  .004251077113144
                56     7  .003128706946779
                57     7 -.007253445860275
                58     7  .002865424190584
                59     7 -.004607649302312
                60     7  .000385838116171
                61     7 -.004969825243176
                62     7  .008974798224072
                63     7 -.000387827811674
                64     8 -.000691168496138
                65     8 -.000307569789389
                66     8  .002002558464426
                67     8  .001690565102170
                68     8  .000631803742446
                69     8  .001453131971050
                70     8 -.000603900854817
                71     8 -.000433253564165
                72     8  .001852446502239
                73     8 -.001241784478230
                74     8  .000000063690010
                75     8  .000025361209860
                76     8  .000985110535792
                77     8  .001862129720894
                78     8 -.000000152902188
                79     8 -.000491526947351
                80     8  .001501080077488
     7
                 0     0  235.833954852063
                 1     1 -.036794677689162
                 2     1  .036754299069978
                 3     1 -.036869955492328
                 4     2 -.025268923874304
                 5     2  .025272045360884
                 6     2 -.000019009664578
                 7     2  .025290135689853
                 8     2 -.000041399721961
                 9     3  .054874201152727
                10     3  .054724849252484
                11     3 -.021627075175399
                12     3  .030151756983836
                13     3  .058528909266259
                14     3  .050712563255120
                15     3  .007249480489470
                16     4  .010501383246707
                17     4  .032441996439397
                18     4 -.030713679235590
                19     4 -.001036323709448
                20     4 -.012984568695747
                21     4 -.020685230846616
                22     4 -.000003169463374
                23     4 -.025023516888723
                24     4 -.010969509126558
                25     5  .018433502340670
                26     5  .000000050965737
                27     5 -.019172132340057
                28     5 -.000000068690732
                29     5  .023947402717249
                30     5 -.014502252020209
                31     5  .027454345019202
                32     5 -.002653357283183
                33     5  .017550011374202
                34     5 -.032611185002374
                35     5  .014801141572889
                36     6  .005915847267883
                37     6 -.009864505744035
                38     6 -.004377256079878
                39     6 -.001074610248000
                40     6  .008293322460797
                41     6 -.004946209555448
                42     6 -.001747531093914
                43     6 -.008736888875126
                44     6 -.025235904583457
                45     6 -.004918779718727
                46     6  .004625828220193
                47     6 -.004730399017055
                48     6  .017015560687074
                49     7  .004667921381782
                50     7 -.002713663559758
                51     7 -.002600777603063
                52     7 -.000000030914682
                53     7  .007216452722021
                54     7 -.002950087390441
                55     7 -.004251562525529
                56     7  .003128690764107
                57     7  .007253543288432
                58     7  .002865326836636
                59     7  .004607549844687
                60     7  .000385675628597
                61     7  .004969720114537
                62     7  .008974939856496
                63     7  .000387816134091
                64     8 -.000691164100086
                65     8  .000307651005953
                66     8  .002002489587010
                67     8 -.001690504013347
                68     8  .000631876588337
                69     8 -.001453166187706
                70     8 -.000603887683907
                71     8  .000433262485622
                72     8  .001852529608046
                73     8  .001241842458901
                74     8 -.000000112731966
                75     8 -.000025293167812
                76     8  .000985295716539
                77     8 -.001862119547684
                78     8  .000000095849465
                79     8  .000491507232759
                80     8  .001501078467414
     8
                 0     0  235.834173154320
                 1     1 -.036816635769755
                 2     1 -.036749962391302
                 3     1  .036853622420644
                 4     2  .025272653552216
                 5     2 -.025268512903116
                 6     2 -.000002523133407
                 7     2  .025288142725753
                 8     2 -.000042251680442
                 9     3  .054867491484548
                10     3  .054724880673382
                11     3 -.021631223980459
                12     3 -.030153494142417
                13     3 -.058533866218620
                14     3 -.050708804067156
                15     3 -.007245647775476
                16     4 -.010501339249909
                17     4 -.032440211398749
                18     4  .030715657997610
                19     4  .001035468989627
                20     4 -.012984467195864
                21     4 -.020684903290929
                22     4 -.000002514202620
                23     4 -.025022521189794
                24     4 -.010968301872833
                25     5  .018432975958049
                26     5 -.000000020435828
                27     5 -.019173035298353
                28     5 -.000000090193386
                29     5  .023947293756286
                30     5  .014502568508153
                31     5 -.027454599749756
                32     5  .002652782096549
                33     5 -.017549339184378
                34     5  .032610921095069
                35     5 -.014801474945178
                36     6 -.005915858737024
                37     6  .009864717428437
                38     6  .004377324468326
                39     6  .001074386607973
                40     6 -.008293027176978
                41     6  .004946284967124
                42     6 -.001748001274073
                43     6 -.008736888138613
                44     6 -.025235839338312
                45     6 -.004918860264007
                46     6  .004625694452144
                47     6 -.004730551138101
                48     6  .017015732274463
                49     7  .004667945794353
                50     7 -.002713658867428
                51     7 -.002600789032094
                52     7 -.000000025705941
                53     7  .007216424821839
                54     7 -.002950095579925
                55     7 -.004251539739412
                56     7 -.003128713599084
                57     7 -.007253505779132
                58     7 -.002865310724078
                59     7 -.004607533653688
                60     7 -.000385645792341
                61     7 -.004969717234000
                62     7 -.008975116275523
                63     7 -.000387816546742
                64     8  .000691166498273
                65     8 -.000307662967103
                66     8 -.002002499847792
                67     8  .001690489216871
                68     8 -.000631859366195
                69     8  .001453168262374
                70     8  .000603883370177
                71     8 -.000433262030283
                72     8  .001852548512846
                73     8  .001241836481635
                74     8 -.000000120538701
                75     8 -.000025303177567
                76     8  .000985243170124
                77     8 -.001862121995702
                78     8  .000000099437520
                79     8  .000491512374002
                80     8  .001501111597606
