 energy and charge average matrices
  type  L       (e_i|H|e_j)                    (e_i|e_j)       
     0  0  .054777416  .002007962        .330505040  .074723156
           .002007962  .000580286        .074723156  .031127577
     0  1  .181130704  .039877922        .347169808  .083408183
           .039877922  .010264692        .083408183  .029324748
     0  2  .006260792  .009443101        .010756965  .011705641
           .009443101 -5.10706262        .011705641  4.98203120
     0  3  .003057805  .000299531        .005106667  .000191992
           .000299531 -.000056166        .000191992  .000846858
     0  4  .000671586  .000012558        .001087652 -.000052268
           .000012558 -.000110335       -.000052268  .000173821
     0  5  .000149012 -.000003175        .000241321 -.000021141
          -.000003175 -.000051623       -.000021141  .000042202
     0  6  .000037245 -.000001303        .000060878 -.000005955
          -.000001303 -.000018886       -.000005955  .000011027
     0  7  .000011812 -.000000325        .000018134 -.000001242
          -.000000325 -.000006094       -.000001242  .000002831
     0  8  .000002872  .000000002        .000004382 -.000000198
           .000000002 -.000001820       -.000000198  .000000782
     1  0  .054777819  .002007865        .330505528  .074723058
           .002007865  .000580287        .074723058  .031127580
     1  1  .181130534  .039877886        .347169680  .083408162
           .039877886  .010264694        .083408162  .029324752
     1  2  .006260815  .009443130        .010756997  .011705688
           .009443130 -5.10706295        .011705688  4.98203127
     1  3  .003057836  .000299530        .005106708  .000191991
           .000299530 -.000056166        .000191991  .000846858
     1  4  .000671589  .000012558        .001087656 -.000052268
           .000012558 -.000110335       -.000052268  .000173821
     1  5  .000149011 -.000003175        .000241320 -.000021141
          -.000003175 -.000051623       -.000021141  .000042202
     1  6  .000037245 -.000001303        .000060878 -.000005955
          -.000001303 -.000018886       -.000005955  .000011027
     1  7  .000011812 -.000000325        .000018134 -.000001242
          -.000000325 -.000006094       -.000001242  .000002831
     1  8  .000002872  .000000002        .000004382 -.000000198
           .000000002 -.000001820       -.000000198  .000000782
     2  0  .054776192  .002008336        .330503175  .074723457
           .002008336  .000580305        .074723457  .031127565
     2  1  .181131309  .039878044        .347169901  .083408196
           .039878044  .010264690        .083408196  .029324719
     2  2  .006260650  .009442954        .010756766  .011705427
           .009442954 -5.10705658        .011705427  4.98203092
     2  3  .003057673  .000299536        .005106492  .000191997
           .000299536 -.000056166        .000191997  .000846859
     2  4  .000671570  .000012559        .001087633 -.000052267
           .000012559 -.000110335       -.000052267  .000173821
     2  5  .000149014 -.000003175        .000241323 -.000021141
          -.000003175 -.000051623       -.000021141  .000042202
     2  6  .000037245 -.000001303        .000060878 -.000005955
          -.000001303 -.000018886       -.000005955  .000011027
     2  7  .000011812 -.000000325        .000018134 -.000001242
          -.000000325 -.000006094       -.000001242  .000002831
     2  8  .000002872  .000000002        .000004382 -.000000198
           .000000002 -.000001820       -.000000198  .000000782
     3  0  .054775919  .002008384        .330502887  .074723523
           .002008384  .000580309        .074723523  .031127562
     3  1  .181131416  .039878065        .347170019  .083408226
           .039878065  .010264693        .083408226  .029324718
     3  2  .006260643  .009442943        .010756758  .011705404
           .009442943 -5.10705697        .011705404  4.98203088
     3  3  .003057657  .000299536        .005106470  .000191998
           .000299536 -.000056166        .000191998  .000846859
     3  4  .000671568  .000012559        .001087630 -.000052267
           .000012559 -.000110335       -.000052267  .000173821
     3  5  .000149014 -.000003175        .000241324 -.000021141
          -.000003175 -.000051623       -.000021141  .000042202
     3  6  .000037245 -.000001303        .000060878 -.000005955
          -.000001303 -.000018886       -.000005955  .000011027
     3  7  .000011812 -.000000325        .000018134 -.000001242
          -.000000325 -.000006094       -.000001242  .000002831
     3  8  .000002872  .000000002        .000004382 -.000000198
           .000000002 -.000001820       -.000000198  .000000782
     4  0  .025430148  .003985276        .078165087  .015342763
           .003985276 -5.47667638        .015342763  1.00198146
     4  1  .027201163  .012643877        .057471432  .026762371
           .012643877 -9.02082082        .026762371  2.99790422
     4  2  1.50728896  .054713303        2.26655934  .083250798
           .054713303  .003663561        .083250798  .008614692
     4  3  .001687130 -.000012441        .003487850 -.000140159
          -.000012441  .000198846       -.000140159  .001161927
     4  4  .000303543 -.000074487        .000661277 -.000189021
          -.000074487 -.000015151       -.000189021  .000297858
     4  5  .000047680 -.000020272        .000102594 -.000043251
          -.000020272 -.000016424       -.000043251  .000080175
     4  6  .000006438 -.000002746        .000014406 -.000006033
          -.000002746 -.000008771       -.000006033  .000018361
     4  7  .000000821 -.000000296        .000001827 -.000000603
          -.000000296 -.000003107       -.000000603  .000004307
     4  8  .000000126 -.000000034        .000000255 -.000000059
          -.000000034 -.000000966       -.000000059  .000001060
     5  0  .025429959  .003985268        .078164467  .015342711
           .003985268 -5.47666686        .015342711  1.00198146
     5  1  .027200908  .012643830        .057470901  .026762253
           .012643830 -9.02079324        .026762253  2.99790414
     5  2  1.50720307  .054711583        2.26642667  .083247998
           .054711583  .003663544        .083247998  .008614639
     5  3  .001687127 -.000012439        .003487847 -.000140159
          -.000012439  .000198845       -.000140159  .001161925
     5  4  .000303544 -.000074487        .000661278 -.000189021
          -.000074487 -.000015151       -.000189021  .000297858
     5  5  .000047680 -.000020272        .000102594 -.000043251
          -.000020272 -.000016424       -.000043251  .000080175
     5  6  .000006438 -.000002746        .000014406 -.000006033
          -.000002746 -.000008771       -.000006033  .000018361
     5  7  .000000821 -.000000296        .000001827 -.000000603
          -.000000296 -.000003107       -.000000603  .000004307
     5  8  .000000126 -.000000034        .000000255 -.000000059
          -.000000034 -.000000966       -.000000059  .000001060
     6  0  .025430861  .003985305        .078167479  .015342970
           .003985305 -5.47671145        .015342970  1.00198148
     6  1  .027202145  .012644068        .057473484  .026762842
           .012644068 -9.02092262        .026762842  2.99790449
     6  2  1.50761345  .054719716        2.26705948  .083261174
           .054719716  .003663620        .083261174  .008614885
     6  3  .001687143 -.000012445        .003487867 -.000140160
          -.000012445  .000198851       -.000140160  .001161933
     6  4  .000303541 -.000074487        .000661274 -.000189019
          -.000074487 -.000015151       -.000189019  .000297858
     6  5  .000047679 -.000020272        .000102594 -.000043251
          -.000020272 -.000016424       -.000043251  .000080175
     6  6  .000006438 -.000002746        .000014405 -.000006033
          -.000002746 -.000008771       -.000006033  .000018361
     6  7  .000000821 -.000000296        .000001827 -.000000603
          -.000000296 -.000003107       -.000000603  .000004307
     6  8  .000000126 -.000000034        .000000255 -.000000059
          -.000000034 -.000000966       -.000000059  .000001060
     7  0  .025430976  .003985310        .078167846  .015343000
           .003985310 -5.47671733        .015343000  1.00198148
     7  1  .027202298  .012644096        .057473797  .026762910
           .012644096 -9.02093963        .026762910  2.99790454
     7  2  1.50766529  .054720768        2.26713975  .083262893
           .054720768  .003663631        .083262893  .008614919
     7  3  .001687144 -.000012446        .003487868 -.000140161
          -.000012446  .000198852       -.000140161  .001161934
     7  4  .000303541 -.000074487        .000661273 -.000189019
          -.000074487 -.000015151       -.000189019  .000297858
     7  5  .000047679 -.000020272        .000102593 -.000043251
          -.000020272 -.000016424       -.000043251  .000080175
     7  6  .000006438 -.000002746        .000014405 -.000006033
          -.000002746 -.000008771       -.000006033  .000018361
     7  7  .000000821 -.000000296        .000001827 -.000000603
          -.000000296 -.000003107       -.000000603  .000004307
     7  8  .000000126 -.000000034        .000000255 -.000000059
          -.000000034 -.000000966       -.000000059  .000001060
