 ( 4i3 )
  1  8  8  2 npan, lm, ntype, spins
 ( 2i3 )
  3  2    ntls, nsets
 ( 3e22.14 )
 -0.55838162319818E+01 -0.55838114796778E+01 -0.55838067273739E+01
 ( 3e22.14 )
  0.12495084827091E+00  0.50797411452959E+00  0.58260263305971E+00
  0.65656246635700E+00  0.69452895852235E+00  0.69897923290632E+00
  0.68939154707197E+00  0.70327604563069E+00  0.71043659803089E+00
  0.12516209032274E+00  0.48546258113963E+00  0.54611792541649E+00
  0.62492834596494E+00  0.65758637452679E+00  0.67059817900997E+00
  0.66397954883763E+00  0.66114267772601E+00  0.66644924742041E+00
  0.20294120692672E-01  0.38894658283728E+00 -0.10168247575537E+01
  0.32351646718132E-01 -0.66973822242164E+00 -0.14629012602932E+01
 -0.20949828802559E+01 -0.24765546066682E+01 -0.25206049867753E+01
  0.27940208689163E-01  0.37742376447042E+00 -0.10162028380768E+01
 -0.17292366183697E-01 -0.68282649009921E+00 -0.13916928062776E+01
 -0.20189657082271E+01 -0.24889114020637E+01 -0.25704306545790E+01
  0.12495180874821E+00  0.50797432109834E+00  0.58260323558161E+00
  0.65656269957238E+00  0.69452896665930E+00  0.69897931990672E+00
  0.68939176338805E+00  0.70327642304236E+00  0.71043688984790E+00
  0.12516318155873E+00  0.48546277914327E+00  0.54611840903707E+00
  0.62492857055711E+00  0.65758634262128E+00  0.67059817031708E+00
  0.66397949476286E+00  0.66114280846280E+00  0.66644933826119E+00
  0.20294532834275E-01  0.38894667295403E+00 -0.10168241716677E+01
  0.32351610953306E-01 -0.66974025033776E+00 -0.14629015016440E+01
 -0.20949831682447E+01 -0.24765543084999E+01 -0.25206047517476E+01
  0.27940452203450E-01  0.37742362143226E+00 -0.10162022478314E+01
 -0.17292407928856E-01 -0.68282805781419E+00 -0.13916934635455E+01
 -0.20189661783824E+01 -0.24889113461019E+01 -0.25704308399667E+01
  0.12495192963489E+00  0.50797430422095E+00  0.58260333046176E+00
  0.65656285037405E+00  0.69452902488226E+00  0.69897931049158E+00
  0.68939179033567E+00  0.70327648433535E+00  0.71043698216839E+00
  0.12516327824329E+00  0.48546273340058E+00  0.54611841027639E+00
  0.62492854834305E+00  0.65758633305869E+00  0.67059820098471E+00
  0.66397952683151E+00  0.66114284578533E+00  0.66644936483565E+00
  0.20294387306484E-01  0.38894657691298E+00 -0.10168241484694E+01
  0.32351188314728E-01 -0.66974045384706E+00 -0.14629012181377E+01
 -0.20949830561065E+01 -0.24765541852628E+01 -0.25206048519862E+01
  0.27940606804900E-01  0.37742368903201E+00 -0.10162022284460E+01
 -0.17292019772204E-01 -0.68282799804765E+00 -0.13916935766452E+01
 -0.20189663350297E+01 -0.24889113615375E+01 -0.25704306852926E+01
  0.12495065031796E+00  0.50797404058928E+00  0.58260257254288E+00
  0.65656250011476E+00  0.69452900571386E+00  0.69897920820207E+00
  0.68939151587242E+00  0.70327597486853E+00  0.71043655418666E+00
  0.12516192644034E+00  0.48546248565263E+00  0.54611775678416E+00
  0.62492826372274E+00  0.65758637137322E+00  0.67059820273630E+00
  0.66397956461279E+00  0.66114267682007E+00  0.66644924781206E+00
  0.20294015960131E-01  0.38894658732162E+00 -0.10168249002279E+01
  0.32351379510020E-01 -0.66973808196229E+00 -0.14629011860859E+01
 -0.20949829227913E+01 -0.24765545435100E+01 -0.25206049505226E+01
  0.27940131845990E-01  0.37742373267775E+00 -0.10162029865386E+01
 -0.17292056291179E-01 -0.68282593691334E+00 -0.13916925160782E+01
 -0.20189656071355E+01 -0.24889115146151E+01 -0.25704306493365E+01
  0.32346853041985E+00  0.47348998482602E+00  0.66482182700988E+00
  0.50912758042207E+00  0.50137735056755E+00  0.46105576206643E+00
  0.44196822322790E+00  0.43940809308200E+00  0.48565579220398E+00
  0.30933014272104E+00  0.45965583253277E+00  0.63336564747623E+00
  0.48362692983869E+00  0.48172367278380E+00  0.45081569387123E+00
  0.45130722196394E+00  0.45868891998354E+00  0.49025494468570E+00
 -0.53069922405862E+01 -0.29484441858562E+01  0.44227862081881E+00
  0.17637821598114E+00 -0.33952188313165E+00 -0.80973664253220E+00
 -0.10217210672374E+01 -0.10187061599315E+01 -0.10598026235198E+01
 -0.54056968164220E+01 -0.30436200016472E+01  0.39601608409318E+00
  0.14894660671978E+00 -0.31293695065930E+00 -0.74554256141217E+00
 -0.10050234815110E+01 -0.10480876600871E+01 -0.10710853782360E+01
  0.32346838839658E+00  0.47348969023732E+00  0.66482169017882E+00
  0.50912762617998E+00  0.50137728027479E+00  0.46105605738553E+00
  0.44196796755579E+00  0.43940817931817E+00  0.48565576023903E+00
  0.30933001307363E+00  0.45965595928103E+00  0.63336308490085E+00
  0.48362714733774E+00  0.48172372793540E+00  0.45081630830659E+00
  0.45130728045856E+00  0.45868938633392E+00  0.49025551881986E+00
 -0.53069927905275E+01 -0.29484447557075E+01  0.44227943504041E+00
  0.17637802804603E+00 -0.33952350362653E+00 -0.80973569360725E+00
 -0.10217209532504E+01 -0.10187056725618E+01 -0.10598024173035E+01
 -0.54057007153705E+01 -0.30436239560745E+01  0.39601454740318E+00
  0.14894643742140E+00 -0.31293762903540E+00 -0.74554343410890E+00
 -0.10050235749461E+01 -0.10480875770464E+01 -0.10710852623579E+01
  0.32346836148834E+00  0.47348968559167E+00  0.66482178012089E+00
  0.50912764498756E+00  0.50137731668134E+00  0.46105614803934E+00
  0.44196790236038E+00  0.43940829155730E+00  0.48565594774781E+00
  0.30932998156824E+00  0.45965600296668E+00  0.63336327901930E+00
  0.48362715038085E+00  0.48172376590460E+00  0.45081648490295E+00
  0.45130745475231E+00  0.45868948643352E+00  0.49025549777821E+00
 -0.53069920598026E+01 -0.29484440216397E+01  0.44227970340360E+00
  0.17637793359043E+00 -0.33952373999331E+00 -0.80973550023059E+00
 -0.10217208432519E+01 -0.10187056159557E+01 -0.10598023687771E+01
 -0.54057001760433E+01 -0.30436234145763E+01  0.39601487960521E+00
  0.14894628921910E+00 -0.31293778059819E+00 -0.74554318316446E+00
 -0.10050234359231E+01 -0.10480873880155E+01 -0.10710852214812E+01
  0.32346855750218E+00  0.47349004207523E+00  0.66482190624333E+00
  0.50912758289532E+00  0.50137737979704E+00  0.46105582344590E+00
  0.44196832149632E+00  0.43940819027060E+00  0.48565582832613E+00
  0.30933016750097E+00  0.45965582990451E+00  0.63336640988171E+00
  0.48362690128497E+00  0.48172371468473E+00  0.45081558712071E+00
  0.45130724197075E+00  0.45868883722831E+00  0.49025488131700E+00
 -0.53069917054282E+01 -0.29484436531038E+01  0.44227858463947E+00
  0.17637825782199E+00 -0.33952168071324E+00 -0.80973688112791E+00
 -0.10217210220594E+01 -0.10187061711942E+01 -0.10598026041301E+01
 -0.54056953674363E+01 -0.30436185383759E+01  0.39601674163092E+00
  0.14894650947061E+00 -0.31293684647622E+00 -0.74554198119729E+00
 -0.10050232881730E+01 -0.10480875443837E+01 -0.10710854233369E+01
