#-------------------------------------------------------------------------------
 start rspt
 Initialized constants. Machine eps = 2.2204460493e-16 
 fft column major dimensions:
       normal fft: 40 40 40, size = 64000
        super fft: 80 80 80, size = 512000
 mbases (matrix dimension mod spin) = 248
 mbasis set
 matrix dimension is 496
 initfft: start
 initfft: fft_ncmdim: 40 40 40 ... fft_scmdim: 80 80 80
 initfft: nrmdim: 40 40 40 ... srmdim: 80 80 80
 fftw_fft_init: wisdom read from rspt_fft_wisdom.0
 initfft: 
 (Tail,Energy) parameter set
     p     t     e
     1     1     1
     2     2     1
     3     3     1
     4     1     2
     5     2     2
 spin axis =  .000000000  1.00000000  .000000000 absolute
 spin axis euler angles: alpha =  1.57079632 beta =  1.57079632 gamma = -1.57079632
 eset 0
  L  T  S  n  f                 E
  0  1 -1  4  0  .124950848270910
  1  1 -1  4  0  .507974114529590
  2  1 -1  4 22  3.85655535614350
  3  1 -1  4  0  .656562466357000
  4  1 -1  5  0  .694528958522350
  5  1 -1  6  0  .698979232906320
  6  1 -1  7  0  .689391547071970
  7  1 -1  8  0  .703276045630690
  8  1 -1  9  0  .710436598030890
  0  2 -1  4  0  .124951808748210
  1  2 -1  4  0  .507974321098340
  2  2 -1  4 22  3.85655529783517
  3  2 -1  4  0  .656562699572380
  4  2 -1  5  0  .694528966659300
  5  2 -1  6  0  .698979319906720
  6  2 -1  7  0  .689391763388050
  7  2 -1  8  0  .703276423042360
  8  2 -1  9  0  .710436889847900
  0  3 -1  4  0  .124951929634890
  1  3 -1  4  0  .507974304220950
  2  3 -1  4 22  3.85655608832567
  3  3 -1  4  0  .656562850374050
  4  3 -1  5  0  .694529024882260
  5  3 -1  6  0  .698979310491580
  6  3 -1  7  0  .689391790335670
  7  3 -1  8  0  .703276484335350
  8  3 -1  9  0  .710436982168390
  0  4 -1  4  0  .124950650317960
  1  4 -1  4  0  .507974040589280
  2  4 -1  4 22  3.85655596842878
  3  4 -1  4  0  .656562500114760
  4  4 -1  5  0  .694529005713860
  5  4 -1  6  0  .698979208202070
  6  4 -1  7  0  .689391515872420
  7  4 -1  8  0  .703275974868530
  8  4 -1  9  0  .710436554186660
  0  5 -1  4 20  3.04871015754523
  1  5 -1  4 21  3.83910492923765
  2  5 -1  3  0  .664821827009880
  3  5 -1  4  0  .509127580422070
  4  5 -1  5  0  .501377350567550
  5  5 -1  6  0  .461055762066430
  6  5 -1  7  0  .441968223227900
  7  5 -1  8  0  .439408093082000
  8  5 -1  9  0  .485655792203980
  0  6 -1  4 20  3.04871338282521
  1  6 -1  4 21  3.83910786880379
  2  6 -1  3  0  .664821690178820
  3  6 -1  4  0  .509127626179980
  4  6 -1  5  0  .501377280274790
  5  6 -1  6  0  .461056057385530
  6  6 -1  7  0  .441967967555790
  7  6 -1  8  0  .439408179318170
  8  6 -1  9  0  .485655760239030
  0  7 -1  4 20  3.04869935091679
  1  7 -1  4 21  3.83909498706732
  2  7 -1  3  0  .664821780120890
  3  7 -1  4  0  .509127644987560
  4  7 -1  5  0  .501377316681340
  5  7 -1  6  0  .461056148039340
  6  7 -1  7  0  .441967902360380
  7  7 -1  8  0  .439408291557300
  8  7 -1  9  0  .485655947747810
  0  8 -1  4 20  3.04869858547770
  1  8 -1  4 21  3.83909431409536
  2  8 -1  3  0  .664821906243330
  3  8 -1  4  0  .509127582895320
  4  8 -1  5  0  .501377379797040
  5  8 -1  6  0  .461055823445900
  6  8 -1  7  0  .441968321496320
  7  8 -1  8  0  .439408190270600
  8  8 -1  9  0  .485655828326130
  0  1  1  4  0  .125162090322740
  1  1  1  4  0  .485462581139630
  2  1  1  4 22  3.86594536896888
  3  1  1  4  0  .624928345964940
  4  1  1  5  0  .657586374526790
  5  1  1  6  0  .670598179009970
  6  1  1  7  0  .663979548837630
  7  1  1  8  0  .661142677726010
  8  1  1  9  0  .666449247420410
  0  2  1  4  0  .125163181558730
  1  2  1  4  0  .485462779143270
  2  2  1  4 22  3.86594530085087
  3  2  1  4  0  .624928570557110
  4  2  1  5  0  .657586342621280
  5  2  1  6  0  .670598170317080
  6  2  1  7  0  .663979494762860
  7  2  1  8  0  .661142808462800
  8  2  1  9  0  .666449338261190
  0  3  1  4  0  .125163278243290
  1  3  1  4  0  .485462733400580
  2  3  1  4 22  3.86594609556306
  3  3  1  4  0  .624928548343050
  4  3  1  5  0  .657586333058690
  5  3  1  6  0  .670598200984710
  6  3  1  7  0  .663979526831510
  7  3  1  8  0  .661142845785330
  8  3  1  9  0  .666449364835650
  0  4  1  4  0  .125161926440340
  1  4  1  4  0  .485462485652630
  2  4  1  4 22  3.86594598801499
  3  4  1  4  0  .624928263722740
  4  4  1  5  0  .657586371373220
  5  4  1  6  0  .670598202736300
  6  4  1  7  0  .663979564612790
  7  4  1  8  0  .661142676820070
  8  4  1  9  0  .666449247812060
  0  5  1  4 20  3.00216255816973
  1  5  1  4 21  3.79890560219816
  2  5  1  3  0  .633365647476230
  3  5  1  4  0  .483626929838690
  4  5  1  5  0  .481723672783800
  5  5  1  6  0  .450815693871230
  6  5  1  7  0  .451307221963940
  7  5  1  8  0  .458688919983540
  8  5  1  9  0  .490254944685700
  0  6  1  4 20  3.00216490642270
  1  6  1  4 21  3.79890780914948
  2  6  1  3  0  .633363084900850
  3  6  1  4  0  .483627147337740
  4  6  1  5  0  .481723727935400
  5  6  1  6  0  .450816308306590
  6  6  1  7  0  .451307280458560
  7  6  1  8  0  .458689386333920
  8  6  1  9  0  .490255518819860
  0  7  1  4 20  3.00215052936645
  1  7  1  4 21  3.79889456844062
  2  7  1  3  0  .633363279019300
  3  7  1  4  0  .483627150380850
  4  7  1  5  0  .481723765904600
  5  7  1  6  0  .450816484902950
  6  7  1  7  0  .451307454752310
  7  7  1  8  0  .458689486433520
  8  7  1  9  0  .490255497778210
  0  8  1  4 20  3.00215111450988
  1  8  1  4 21  3.79889505204367
  2  8  1  3  0  .633366409881710
  3  8  1  4  0  .483626901284970
  4  8  1  5  0  .481723714684730
  5  8  1  6  0  .450815587120710
  6  8  1  7  0  .451307241970750
  7  8  1  8  0  .458688837228310
  8  8  1  9  0  .490254881317000
 eset 1
  L  T  S  n  f                 E
  0  1 -1  4  0  .020294120692672
  1  1 -1  4  0  .388946582837280
  2  1 -1  3  0 -1.01682475755370
  3  1 -1  4  0  .032351646718132
  4  1 -1  5  0 -.669738222421640
  5  1 -1  6  0 -1.46290126029320
  6  1 -1  7  0 -2.09498288025590
  7  1 -1  8  0 -2.47655460666820
  8  1 -1  9  0 -2.52060498677530
  0  2 -1  4  0  .020294532834275
  1  2 -1  4  0  .388946672954030
  2  2 -1  3  0 -1.01682417166770
  3  2 -1  4  0  .032351610953306
  4  2 -1  5  0 -.669740250337760
  5  2 -1  6  0 -1.46290150164400
  6  2 -1  7  0 -2.09498316824470
  7  2 -1  8  0 -2.47655430849990
  8  2 -1  9  0 -2.52060475174760
  0  3 -1  4  0  .020294387306484
  1  3 -1  4  0  .388946576912980
  2  3 -1  3  0 -1.01682414846940
  3  3 -1  4  0  .032351188314728
  4  3 -1  5  0 -.669740453847060
  5  3 -1  6  0 -1.46290121813770
  6  3 -1  7  0 -2.09498305610650
  7  3 -1  8  0 -2.47655418526280
  8  3 -1  9  0 -2.52060485198620
  0  4 -1  4  0  .020294015960131
  1  4 -1  4  0  .388946587321620
  2  4 -1  3  0 -1.01682490022790
  3  4 -1  4  0  .032351379510020
  4  4 -1  5  0 -.669738081962290
  5  4 -1  6  0 -1.46290118608590
  6  4 -1  7  0 -2.09498292279130
  7  4 -1  8  0 -2.47655454351000
  8  4 -1  9  0 -2.52060495052260
  0  5 -1  3 -1 -5.48830489688035
  1  5 -1  3 -1 -3.02845401541468
  2  5 -1  3  0  .442278620818810
  3  5 -1  4  0  .176378215981140
  4  5 -1  5  0 -.339521883131650
  5  5 -1  6  0 -.809736642532200
  6  5 -1  7  0 -1.02172106723740
  7  5 -1  8  0 -1.01870615993150
  8  5 -1  9  0 -1.05980262351980
  0  6 -1  3 -1 -5.48829824334593
  1  6 -1  3 -1 -3.02844760745342
  2  6 -1  3  0  .442279435040410
  3  6 -1  4  0  .176378028046030
  4  6 -1  5  0 -.339523503626530
  5  6 -1  6  0 -.809735693607250
  6  6 -1  7  0 -1.02172095325040
  7  6 -1  8  0 -1.01870567256180
  8  6 -1  9  0 -1.05980241730350
  0  7 -1  3 -1 -5.48832543812644
  1  7 -1  3 -1 -3.02847387142196
  2  7 -1  3  0  .442279703403600
  3  7 -1  4  0  .176377933590430
  4  7 -1  5  0 -.339523739993310
  5  7 -1  6  0 -.809735500230590
  6  7 -1  7  0 -1.02172084325190
  7  7 -1  8  0 -1.01870561595570
  8  7 -1  9  0 -1.05980236877710
  0  8 -1  3 -1 -5.48832742521256
  1  8 -1  3 -1 -3.02847576857984
  2  8 -1  3  0  .442278584639470
  3  8 -1  4  0  .176378257821990
  4  8 -1  5  0 -.339521680713240
  5  8 -1  6  0 -.809736881127910
  6  8 -1  7  0 -1.02172102205940
  7  8 -1  8  0 -1.01870617119420
  8  8 -1  9  0 -1.05980260413010
  0  1  1  4  0  .027940208689163
  1  1  1  4  0  .377423764470420
  2  1  1  3  0 -1.01620283807680
  3  1  1  4  0 -.017292366183697
  4  1  1  5  0 -.682826490099210
  5  1  1  6  0 -1.39169280627760
  6  1  1  7  0 -2.01896570822710
  7  1  1  8  0 -2.48891140206370
  8  1  1  9  0 -2.57043065457900
  0  2  1  4  0  .027940452203450
  1  2  1  4  0  .377423621432260
  2  2  1  3  0 -1.01620224783140
  3  2  1  4  0 -.017292407928856
  4  2  1  5  0 -.682828057814190
  5  2  1  6  0 -1.39169346354550
  6  2  1  7  0 -2.01896617838240
  7  2  1  8  0 -2.48891134610190
  8  2  1  9  0 -2.57043083996670
  0  3  1  4  0  .027940606804900
  1  3  1  4  0  .377423689032010
  2  3  1  3  0 -1.01620222844600
  3  3  1  4  0 -.017292019772204
  4  3  1  5  0 -.682827998047650
  5  3  1  6  0 -1.39169357664520
  6  3  1  7  0 -2.01896633502970
  7  3  1  8  0 -2.48891136153750
  8  3  1  9  0 -2.57043068529260
  0  4  1  4  0  .027940131845990
  1  4  1  4  0  .377423732677750
  2  4  1  3  0 -1.01620298653860
  3  4  1  4  0 -.017292056291179
  4  4  1  5  0 -.682825936913340
  5  4  1  6  0 -1.39169251607820
  6  4  1  7  0 -2.01896560713550
  7  4  1  8  0 -2.48891151461510
  8  4  1  9  0 -2.57043064933650
  0  5  1  3 -1 -5.58333692527729
  1  5  1  3 -1 -3.12046292150394
  2  5  1  3  0  .396016084093180
  3  5  1  4  0  .148946606719780
  4  5  1  5  0 -.312936950659300
  5  5  1  6  0 -.745542561412170
  6  5  1  7  0 -1.00502348151100
  7  5  1  8  0 -1.04808766008710
  8  5  1  9  0 -1.07108537823600
  0  6  1  3 -1 -5.58333237126556
  1  6  1  3 -1 -3.12045852952402
  2  6  1  3  0  .396014547403180
  3  6  1  4  0  .148946437421400
  4  6  1  5  0 -.312937629035400
  5  6  1  6  0 -.745543434108900
  6  6  1  7  0 -1.00502357494610
  7  6  1  8  0 -1.04808757704640
  8  6  1  9  0 -1.07108526235790
  0  7  1  3 -1 -5.58336002064835
  1  7  1  3 -1 -3.12048525865606
  2  7  1  3  0  .396014879605210
  3  7  1  4  0  .148946289219100
  4  7  1  5  0 -.312937780598190
  5  7  1  6  0 -.745543183164460
  6  7  1  7  0 -1.00502343592310
  7  7  1  8  0 -1.04808738801550
  8  7  1  9  0 -1.07108522148120
  0  8  1  3 -1 -5.58335899214904
  1  8  1  3 -1 -3.12048424881635
  2  8  1  3  0  .396016741630920
  3  8  1  4  0  .148946509470610
  4  8  1  5  0 -.312936846476220
  5  8  1  6  0 -.745541981197290
  6  8  1  7  0 -1.00502328817300
  7  8  1  8  0 -1.04808754438370
  8  8  1  9  0 -1.07108542333690
basisFT:    M0    M1    M2     vectors (column major order)
basisFT:    10    10    10        9261
basisFT: radii           1
basisFT:     1  2.11626405
basisFT: L+N+1           6
basisFT:  maxL
basisFT:     2
initBasisFT: basis Fourier Transform parameters
      radii and powers:
        2.11626405     6
          Lm    M0    M1    M2
           2    10    10    10
 initfft: wisdom written to rspt_fft_wisdom.0
 end rspt
#-------------------------------------------------------------------------------
