# ACE/gr parameter file
#
@    version 50122
@    world xmin 0.25
@    world xmax 0.75
@    title font 5
@    xaxis  tick major 0.1
@    xaxis  tick minor 0.02
@    xaxis  label "(r-r\s1\N)/d"
@    xaxis  label font 5
@    xaxis  label char size 1.2
@    xaxis  ticklabel font 4
@    xaxis  ticklabel char size 1
@    yaxis  tick major .1
@    yaxis  tick minor .02
@    yaxis  label font 4
@    yaxis  label char size 1.2
@    yaxis  ticklabel font 5
@    yaxis  ticklabel char size 1
@    title "potential between neighbors"
@    yaxis  label "V(r) (Ry)"
@    world ymin -10.
@    world ymax   .0
@    yaxis  tick major 2
@    yaxis  tick minor 1
@ s0 color  1
@ s0 linestyle  1
@ legend string 0 "(1)-(5)"
@target s0
@type xy
  .1000000000 -141.6039223
  .1050000000 -134.8590776
  .1100000000 -128.7339612
  .1150000000 -123.1410850
  .1200000000 -118.0099395
  .1250000000 -113.2826088
  .1300000000 -108.9331634
  .1350000000 -104.8920703
  .1400000000 -101.1523477
  .1450000000 -97.65927757
  .1500000000 -94.40728437
  .1550000000 -91.36335274
  .1600000000 -88.50512257
  .1650000000 -85.82158531
  .1700000000 -83.30071497
  .1750000000 -80.92190999
  .1800000000 -78.67412271
  .1850000000 -76.54730484
  .1900000000 -74.53230186
  .1950000000 -72.62076070
  .2000000000 -70.80504864
  .2050000000 -69.07818198
  .2100000000 -67.43376290
  .2150000000 -65.86592357
  .2200000000 -64.36927647
  .2250000000 -62.93887011
  .2300000000 -61.57014945
  .2350000000 -60.25892055
  .2400000000 -59.00131865
  .2450000000 -57.79772903
  .2500000000 -56.64360539
  .2550000000 -55.53343583
  .2600000000 -54.46436432
  .2650000000 -53.43375103
  .2700000000 -52.44642566
  .2750000000 -51.49386400
  .2800000000 -50.57296740
  .2850000000 -49.68364377
  .2900000000 -48.82948225
  .2950000000 -48.00141209
  .3000000000 -47.19810606
  .3050000000 -46.42732669
  .3100000000 -45.67804984
  .3150000000 -44.95060308
  .3200000000 -44.25069314
  .3250000000 -43.56849810
  .3300000000 -42.90823747
  .3350000000 -42.26873014
  .3400000000 -41.64386329
  .3450000000 -41.04327814
  .3500000000 -40.45538956
  .3550000000 -39.88631979
  .3600000000 -39.33225459
  .3650000000 -38.79256341
  .3700000000 -38.26940826
  .3750000000 -37.75719135
  .3800000000 -37.26230050
  .3850000000 -36.77581067
  .3900000000 -36.30677887
  .3950000000 -35.84440993
  .4000000000 -35.39904851
  .4050000000 -34.95932113
  .4100000000 -34.53563691
  .4150000000 -34.11718624
  .4200000000 -33.71336264
  .4250000000 -33.31492740
  .4300000000 -32.92930774
  .4350000000 -32.54972054
  .4400000000 -32.18079301
  .4450000000 -31.81897182
  .4500000000 -31.46535603
  .4550000000 -31.12029657
  .4600000000 -30.78073147
  .4650000000 -30.45150040
  .4700000000 -30.12579059
  .4750000000 -29.81056221
  .4800000000 -29.49958193
  .4850000000  .0024330461
  .4900000000  .0022297968
  .4950000000  .0020162791
  .5000000000  .0017923282
  .5050000000  .0015577895
  .5100000000  .0013125215
  .5150000000  .0010564010
  .5200000000  .0007893290
  .5250000000  .0005112382
  .5300000000  .0002221019
  .5350000000 -24.74382116
  .5400000000 -25.01312439
  .5450000000 -25.28768592
  .5500000000 -25.56991927
  .5550000000 -25.85588139
  .5600000000 -26.15180667
  .5650000000 -26.45111404
  .5700000000 -26.76063290
  .5750000000 -27.07470006
  .5800000000 -27.39840394
  .5850000000 -27.72813519
  .5900000000 -28.06730140
  .5950000000 -28.41367262
  .6000000000 -28.76970045
  .6050000000 -29.13376659
  .6100000000 -29.50819010
  .6150000000 -29.89109362
  .6200000000 -30.28559612
  .6250000000 -30.68857658
  .6300000000 -31.10500698
  .6350000000 -31.52941191
  .6400000000 -31.96980320
  .6450000000 -32.41859100
  .6500000000 -32.88369073
  .6550000000 -33.35996989
  .6600000000 -33.85073879
  .6650000000 -34.35712642
  .6700000000 -34.87542302
  .6750000000 -35.41481017
  .6800000000 -35.96771070
  .6850000000 -36.53825985
  .6900000000 -37.12927847
  .6950000000 -37.73669152
  .7000000000 -38.36617412
  .7050000000 -39.01777314
  .7100000000 -39.68925681
  .7150000000 -40.38548343
  .7200000000 -41.10837605
  .7250000000 -41.85539007
  .7300000000 -42.62812810
  .7350000000 -43.43461425
  .7400000000 -44.27095495
  .7450000000 -45.13856574
  .7500000000 -46.03960019
  .7550000000 -46.97908875
  .7600000000 -47.95950708
  .7650000000 -48.98066832
  .7700000000 -50.04548076
  .7750000000 -51.15709812
  .7800000000 -52.31894293
  .7850000000 -53.53473241
  .7900000000 -54.80850740
  .7950000000 -56.14466466
  .8000000000 -57.54799298
  .8050000000 -59.02371377
  .8100000000 -60.57752673
  .8150000000 -62.21566131
  .8200000000 -63.94493502
  .8250000000 -65.77281962
  .8300000000 -67.70751639
  .8350000000 -69.75804233
  .8400000000 -71.93432887
  .8450000000 -74.25755667
  .8500000000 -76.73440218
  .8550000000 -79.37642782
  .8600000000 -82.21383245
  .8650000000 -85.25791427
  .8700000000 -88.53674394
  .8750000000 -92.07626945
  .8800000000 -95.91523492
  .8850000000 -100.0810134
  .8900000000 -104.6262967
  .8950000000 -109.6103000
&
@ s1 color  1
@ s1 linestyle  1
@target s1
@type xy
  .4825092909 -10.000
  .4825092909  10.000
  .5317684037  10.000
  .5317684037 -10.000
&
@ s2 color  2
@ s2 linestyle  1
@ legend string 2 "(2)-(6)"
@target s2
@type xy
  .1000000000 -141.6039223
  .1050000000 -134.8590776
  .1100000000 -128.7339612
  .1150000000 -123.1410850
  .1200000000 -118.0099395
  .1250000000 -113.2826088
  .1300000000 -108.9331634
  .1350000000 -104.8920703
  .1400000000 -101.1523477
  .1450000000 -97.65927758
  .1500000000 -94.40728438
  .1550000000 -91.36335275
  .1600000000 -88.50512258
  .1650000000 -85.82158532
  .1700000000 -83.30071498
  .1750000000 -80.92190999
  .1800000000 -78.67412271
  .1850000000 -76.54730485
  .1900000000 -74.53230187
  .1950000000 -72.62076070
  .2000000000 -70.80504864
  .2050000000 -69.07818198
  .2100000000 -67.43376290
  .2150000000 -65.86592357
  .2200000000 -64.36927647
  .2250000000 -62.93887010
  .2300000000 -61.57014945
  .2350000000 -60.25892054
  .2400000000 -59.00131864
  .2450000000 -57.79772902
  .2500000000 -56.64360538
  .2550000000 -55.53343582
  .2600000000 -54.46436430
  .2650000000 -53.43375102
  .2700000000 -52.44642564
  .2750000000 -51.49386399
  .2800000000 -50.57296739
  .2850000000 -49.68364376
  .2900000000 -48.82948224
  .2950000000 -48.00141209
  .3000000000 -47.19810606
  .3050000000 -46.42732669
  .3100000000 -45.67804984
  .3150000000 -44.95060309
  .3200000000 -44.25069315
  .3250000000 -43.56849811
  .3300000000 -42.90823749
  .3350000000 -42.26873016
  .3400000000 -41.64386331
  .3450000000 -41.04327817
  .3500000000 -40.45538959
  .3550000000 -39.88631984
  .3600000000 -39.33225464
  .3650000000 -38.79256346
  .3700000000 -38.26940832
  .3750000000 -37.75719142
  .3800000000 -37.26230058
  .3850000000 -36.77581076
  .3900000000 -36.30677897
  .3950000000 -35.84441004
  .4000000000 -35.39904863
  .4050000000 -34.95932126
  .4100000000 -34.53563705
  .4150000000 -34.11718639
  .4200000000 -33.71336281
  .4250000000 -33.31492758
  .4300000000 -32.92930793
  .4350000000 -32.54972074
  .4400000000 -32.18079322
  .4450000000 -31.81897206
  .4500000000 -31.46535628
  .4550000000 -31.12029684
  .4600000000 -30.78073175
  .4650000000 -30.45150070
  .4700000000 -30.12579090
  .4750000000 -29.81056255
  .4800000000 -29.49958229
  .4850000000  .0024326559
  .4900000000  .0022293833
  .4950000000  .0020158415
  .5000000000  .0017918659
  .5050000000  .0015573016
  .5100000000  .0013120075
  .5150000000  .0010558602
  .5200000000  .0007887609
  .5250000000  .0005106421
  .5300000000  .0002214773
  .5350000000 -24.74382182
  .5400000000 -25.01312508
  .5450000000 -25.28768664
  .5500000000 -25.56992003
  .5550000000 -25.85588217
  .5600000000 -26.15180749
  .5650000000 -26.45111489
  .5700000000 -26.76063379
  .5750000000 -27.07470098
  .5800000000 -27.39840490
  .5850000000 -27.72813619
  .5900000000 -28.06730244
  .5950000000 -28.41367370
  .6000000000 -28.76970156
  .6050000000 -29.13376775
  .6100000000 -29.50819129
  .6150000000 -29.89109486
  .6200000000 -30.28559740
  .6250000000 -30.68857790
  .6300000000 -31.10500833
  .6350000000 -31.52941331
  .6400000000 -31.96980464
  .6450000000 -32.41859247
  .6500000000 -32.88369225
  .6550000000 -33.35997144
  .6600000000 -33.85074038
  .6650000000 -34.35712804
  .6700000000 -34.87542468
  .6750000000 -35.41481187
  .6800000000 -35.96771243
  .6850000000 -36.53826161
  .6900000000 -37.12928026
  .6950000000 -37.73669335
  .7000000000 -38.36617598
  .7050000000 -39.01777503
  .7100000000 -39.68925873
  .7150000000 -40.38548537
  .7200000000 -41.10837802
  .7250000000 -41.85539206
  .7300000000 -42.62813012
  .7350000000 -43.43461630
  .7400000000 -44.27095702
  .7450000000 -45.13856784
  .7500000000 -46.03960232
  .7550000000 -46.97909090
  .7600000000 -47.95950926
  .7650000000 -48.98067053
  .7700000000 -50.04548298
  .7750000000 -51.15710038
  .7800000000 -52.31894521
  .7850000000 -53.53473472
  .7900000000 -54.80850974
  .7950000000 -56.14466703
  .8000000000 -57.54799538
  .8050000000 -59.02371621
  .8100000000 -60.57752920
  .8150000000 -62.21566382
  .8200000000 -63.94493758
  .8250000000 -65.77282222
  .8300000000 -67.70751904
  .8350000000 -69.75804503
  .8400000000 -71.93433162
  .8450000000 -74.25755948
  .8500000000 -76.73440505
  .8550000000 -79.37643075
  .8600000000 -82.21383544
  .8650000000 -85.25791733
  .8700000000 -88.53674707
  .8750000000 -92.07627265
  .8800000000 -95.91523817
  .8850000000 -100.0810167
  .8900000000 -104.6263000
  .8950000000 -109.6103032
&
@ s3 color  2
@ s3 linestyle  1
@target s3
@type xy
  .4825092909 -10.000
  .4825092909  10.000
  .5317684037  10.000
  .5317684037 -10.000
&
@ s4 color  3
@ s4 linestyle  1
@ legend string 4 "(3)-(7)"
@target s4
@type xy
  .1000000000 -141.6039221
  .1050000000 -134.8590775
  .1100000000 -128.7339610
  .1150000000 -123.1410849
  .1200000000 -118.0099394
  .1250000000 -113.2826086
  .1300000000 -108.9331633
  .1350000000 -104.8920702
  .1400000000 -101.1523476
  .1450000000 -97.65927750
  .1500000000 -94.40728431
  .1550000000 -91.36335269
  .1600000000 -88.50512254
  .1650000000 -85.82158528
  .1700000000 -83.30071495
  .1750000000 -80.92190997
  .1800000000 -78.67412270
  .1850000000 -76.54730483
  .1900000000 -74.53230186
  .1950000000 -72.62076069
  .2000000000 -70.80504863
  .2050000000 -69.07818197
  .2100000000 -67.43376289
  .2150000000 -65.86592356
  .2200000000 -64.36927645
  .2250000000 -62.93887007
  .2300000000 -61.57014941
  .2350000000 -60.25892048
  .2400000000 -59.00131858
  .2450000000 -57.79772893
  .2500000000 -56.64360528
  .2550000000 -55.53343569
  .2600000000 -54.46436416
  .2650000000 -53.43375085
  .2700000000 -52.44642544
  .2750000000 -51.49386376
  .2800000000 -50.57296713
  .2850000000 -49.68364346
  .2900000000 -48.82948191
  .2950000000 -48.00141172
  .3000000000 -47.19810565
  .3050000000 -46.42732625
  .3100000000 -45.67804935
  .3150000000 -44.95060256
  .3200000000 -44.25069258
  .3250000000 -43.56849750
  .3300000000 -42.90823684
  .3350000000 -42.26872946
  .3400000000 -41.64386257
  .3450000000 -41.04327739
  .3500000000 -40.45538876
  .3550000000 -39.88631896
  .3600000000 -39.33225372
  .3650000000 -38.79256250
  .3700000000 -38.26940731
  .3750000000 -37.75719036
  .3800000000 -37.26229947
  .3850000000 -36.77580961
  .3900000000 -36.30677776
  .3950000000 -35.84440879
  .4000000000 -35.39904734
  .4050000000 -34.95931992
  .4100000000 -34.53563565
  .4150000000 -34.11718495
  .4200000000 -33.71336130
  .4250000000 -33.31492602
  .4300000000 -32.92930632
  .4350000000 -32.54971908
  .4400000000 -32.18079150
  .4450000000 -31.81897027
  .4500000000 -31.46535444
  .4550000000 -31.12029493
  .4600000000 -30.78072978
  .4650000000 -30.45149866
  .4700000000 -30.12578880
  .4750000000 -29.81056037
  .4800000000 -29.49958004
  .4850000000  .0024350327
  .4900000000  .0022318441
  .4950000000  .0020183884
  .5000000000  .0017945011
  .5050000000  .0015600272
  .5100000000  .0013148253
  .5150000000  .0010587723
  .5200000000  .0007917689
  .5250000000  .0005137479
  .5300000000  .0002246823
  .5350000000 -24.74381852
  .5400000000 -25.01312168
  .5450000000 -25.28768313
  .5500000000 -25.56991641
  .5550000000 -25.85587844
  .5600000000 -26.15180365
  .5650000000 -26.45111093
  .5700000000 -26.76062971
  .5750000000 -27.07469678
  .5800000000 -27.39840057
  .5850000000 -27.72813173
  .5900000000 -28.06729785
  .5950000000 -28.41366898
  .6000000000 -28.76969671
  .6050000000 -29.13376276
  .6100000000 -29.50818618
  .6150000000 -29.89108961
  .6200000000 -30.28559201
  .6250000000 -30.68857238
  .6300000000 -31.10500269
  .6350000000 -31.52940753
  .6400000000 -31.96979873
  .6450000000 -32.41858644
  .6500000000 -32.88368609
  .6550000000 -33.35996517
  .6600000000 -33.85073399
  .6650000000 -34.35712154
  .6700000000 -34.87541807
  .6750000000 -35.41480515
  .6800000000 -35.96770561
  .6850000000 -36.53825470
  .6900000000 -37.12927326
  .6950000000 -37.73668626
  .7000000000 -38.36616880
  .7050000000 -39.01776776
  .7100000000 -39.68925139
  .7150000000 -40.38547796
  .7200000000 -41.10837054
  .7250000000 -41.85538451
  .7300000000 -42.62812249
  .7350000000 -43.43460861
  .7400000000 -44.27094927
  .7450000000 -45.13856002
  .7500000000 -46.03959444
  .7550000000 -46.97908295
  .7600000000 -47.95950125
  .7650000000 -48.98066245
  .7700000000 -50.04547485
  .7750000000 -51.15709217
  .7800000000 -52.31893693
  .7850000000 -53.53472637
  .7900000000 -54.80850131
  .7950000000 -56.14465852
  .8000000000 -57.54798677
  .8050000000 -59.02370751
  .8100000000 -60.57752040
  .8150000000 -62.21565490
  .8200000000 -63.94492854
  .8250000000 -65.77281305
  .8300000000 -67.70750973
  .8350000000 -69.75803557
  .8400000000 -71.93432200
  .8450000000 -74.25754968
  .8500000000 -76.73439506
  .8550000000 -79.37642056
  .8600000000 -82.21382503
  .8650000000 -85.25790670
  .8700000000 -88.53673621
  .8750000000 -92.07626157
  .8800000000 -95.91522691
  .8850000000 -100.0810053
  .8900000000 -104.6262886
  .8950000000 -109.6102919
&
@ s5 color  3
@ s5 linestyle  1
@target s5
@type xy
  .4825092909 -10.000
  .4825092909  10.000
  .5317684037  10.000
  .5317684037 -10.000
&
@ s6 color  4
@ s6 linestyle  1
@ legend string 6 "(4)-(8)"
@target s6
@type xy
  .1000000000 -141.6039221
  .1050000000 -134.8590775
  .1100000000 -128.7339610
  .1150000000 -123.1410849
  .1200000000 -118.0099394
  .1250000000 -113.2826087
  .1300000000 -108.9331633
  .1350000000 -104.8920702
  .1400000000 -101.1523476
  .1450000000 -97.65927750
  .1500000000 -94.40728431
  .1550000000 -91.36335269
  .1600000000 -88.50512253
  .1650000000 -85.82158527
  .1700000000 -83.30071495
  .1750000000 -80.92190997
  .1800000000 -78.67412269
  .1850000000 -76.54730483
  .1900000000 -74.53230186
  .1950000000 -72.62076069
  .2000000000 -70.80504864
  .2050000000 -69.07818198
  .2100000000 -67.43376290
  .2150000000 -65.86592356
  .2200000000 -64.36927646
  .2250000000 -62.93887008
  .2300000000 -61.57014942
  .2350000000 -60.25892051
  .2400000000 -59.00131860
  .2450000000 -57.79772896
  .2500000000 -56.64360531
  .2550000000 -55.53343573
  .2600000000 -54.46436420
  .2650000000 -53.43375089
  .2700000000 -52.44642549
  .2750000000 -51.49386381
  .2800000000 -50.57296719
  .2850000000 -49.68364352
  .2900000000 -48.82948198
  .2950000000 -48.00141179
  .3000000000 -47.19810573
  .3050000000 -46.42732633
  .3100000000 -45.67804943
  .3150000000 -44.95060265
  .3200000000 -44.25069267
  .3250000000 -43.56849759
  .3300000000 -42.90823693
  .3350000000 -42.26872955
  .3400000000 -41.64386266
  .3450000000 -41.04327747
  .3500000000 -40.45538885
  .3550000000 -39.88631905
  .3600000000 -39.33225380
  .3650000000 -38.79256258
  .3700000000 -38.26940739
  .3750000000 -37.75719043
  .3800000000 -37.26229954
  .3850000000 -36.77580967
  .3900000000 -36.30677782
  .3950000000 -35.84440884
  .4000000000 -35.39904738
  .4050000000 -34.95931996
  .4100000000 -34.53563569
  .4150000000 -34.11718497
  .4200000000 -33.71336132
  .4250000000 -33.31492603
  .4300000000 -32.92930632
  .4350000000 -32.54971907
  .4400000000 -32.18079148
  .4450000000 -31.81897024
  .4500000000 -31.46535439
  .4550000000 -31.12029488
  .4600000000 -30.78072971
  .4650000000 -30.45149858
  .4700000000 -30.12578871
  .4750000000 -29.81056026
  .4800000000 -29.49957992
  .4850000000  .0024351835
  .4900000000  .0022320116
  .4950000000  .0020185735
  .5000000000  .0017947044
  .5050000000  .0015602496
  .5100000000  .0013150678
  .5150000000  .0010590357
  .5200000000  .0007920543
  .5250000000  .0005140562
  .5300000000  .0002250146
  .5350000000 -24.74381819
  .5400000000 -25.01312132
  .5450000000 -25.28768275
  .5500000000 -25.56991599
  .5550000000 -25.85587800
  .5600000000 -26.15180317
  .5650000000 -26.45111042
  .5700000000 -26.76062917
  .5750000000 -27.07469621
  .5800000000 -27.39839997
  .5850000000 -27.72813109
  .5900000000 -28.06729718
  .5950000000 -28.41366828
  .6000000000 -28.76969597
  .6050000000 -29.13376199
  .6100000000 -29.50818537
  .6150000000 -29.89108876
  .6200000000 -30.28559114
  .6250000000 -30.68857147
  .6300000000 -31.10500174
  .6350000000 -31.52940655
  .6400000000 -31.96979771
  .6450000000 -32.41858539
  .6500000000 -32.88368501
  .6550000000 -33.35996405
  .6600000000 -33.85073284
  .6650000000 -34.35712036
  .6700000000 -34.87541685
  .6750000000 -35.41480391
  .6800000000 -35.96770433
  .6850000000 -36.53825339
  .6900000000 -37.12927192
  .6950000000 -37.73668489
  .7000000000 -38.36616741
  .7050000000 -39.01776634
  .7100000000 -39.68924994
  .7150000000 -40.38547648
  .7200000000 -41.10836904
  .7250000000 -41.85538298
  .7300000000 -42.62812094
  .7350000000 -43.43460703
  .7400000000 -44.27094767
  .7450000000 -45.13855840
  .7500000000 -46.03959279
  .7550000000 -46.97908128
  .7600000000 -47.95949955
  .7650000000 -48.98066073
  .7700000000 -50.04547310
  .7750000000 -51.15709039
  .7800000000 -52.31893513
  .7850000000 -53.53472454
  .7900000000 -54.80849945
  .7950000000 -56.14465663
  .8000000000 -57.54798486
  .8050000000 -59.02370556
  .8100000000 -60.57751841
  .8150000000 -62.21565289
  .8200000000 -63.94492649
  .8250000000 -65.77281096
  .8300000000 -67.70750760
  .8350000000 -69.75803339
  .8400000000 -71.93431977
  .8450000000 -74.25754740
  .8500000000 -76.73439273
  .8550000000 -79.37641818
  .8600000000 -82.21382260
  .8650000000 -85.25790421
  .8700000000 -88.53673366
  .8750000000 -92.07625897
  .8800000000 -95.91522426
  .8850000000 -100.0810026
  .8900000000 -104.6262859
  .8950000000 -109.6102892
&
@ s7 color  4
@ s7 linestyle  1
@target s7
@type xy
  .4825092909 -10.000
  .4825092909  10.000
  .5317684037  10.000
  .5317684037 -10.000
&
@ s8 color  5
@ s8 linestyle  1
@ legend string 8 "(5)-(1)"
@target s8
@type xy
  .1000000000 -115.0894955
  .1050000000 -109.6103000
  .1100000000 -104.6262967
  .1150000000 -100.0810134
  .1200000000 -95.91523492
  .1250000000 -92.07626945
  .1300000000 -88.53674394
  .1350000000 -85.25791427
  .1400000000 -82.21383245
  .1450000000 -79.37642782
  .1500000000 -76.73440218
  .1550000000 -74.25755667
  .1600000000 -71.93432887
  .1650000000 -69.75804233
  .1700000000 -67.70751639
  .1750000000 -65.77281962
  .1800000000 -63.94493502
  .1850000000 -62.21566131
  .1900000000 -60.57752673
  .1950000000 -59.02371377
  .2000000000 -57.54799298
  .2050000000 -56.14466466
  .2100000000 -54.80850740
  .2150000000 -53.53473241
  .2200000000 -52.31894293
  .2250000000 -51.15709812
  .2300000000 -50.04548076
  .2350000000 -48.98066832
  .2400000000 -47.95950708
  .2450000000 -46.97908875
  .2500000000 -46.03960019
  .2550000000 -45.13856574
  .2600000000 -44.27095495
  .2650000000 -43.43461425
  .2700000000 -42.62812810
  .2750000000 -41.85539007
  .2800000000 -41.10837605
  .2850000000 -40.38548343
  .2900000000 -39.68925681
  .2950000000 -39.01777314
  .3000000000 -38.36617412
  .3050000000 -37.73669152
  .3100000000 -37.12927847
  .3150000000 -36.53825985
  .3200000000 -35.96771070
  .3250000000 -35.41481017
  .3300000000 -34.87542302
  .3350000000 -34.35712642
  .3400000000 -33.85073879
  .3450000000 -33.35996989
  .3500000000 -32.88369073
  .3550000000 -32.41859100
  .3600000000 -31.96980320
  .3650000000 -31.52941191
  .3700000000 -31.10500698
  .3750000000 -30.68857658
  .3800000000 -30.28559612
  .3850000000 -29.89109362
  .3900000000 -29.50819010
  .3950000000 -29.13376659
  .4000000000 -28.76970045
  .4050000000 -28.41367262
  .4100000000 -28.06730140
  .4150000000 -27.72813519
  .4200000000 -27.39840394
  .4250000000 -27.07470006
  .4300000000 -26.76063290
  .4350000000 -26.45111404
  .4400000000 -26.15180667
  .4450000000 -25.85588139
  .4500000000 -25.56991927
  .4550000000 -25.28768592
  .4600000000 -25.01312439
  .4650000000 -24.74382116
  .4700000000  .0002221019
  .4750000000  .0005112382
  .4800000000  .0007893290
  .4850000000  .0010564010
  .4900000000  .0013125215
  .4950000000  .0015577895
  .5000000000  .0017923282
  .5050000000  .0020162791
  .5100000000  .0022297968
  .5150000000  .0024330461
  .5200000000 -29.49958193
  .5250000000 -29.81056221
  .5300000000 -30.12579059
  .5350000000 -30.45150040
  .5400000000 -30.78073147
  .5450000000 -31.12029657
  .5500000000 -31.46535603
  .5550000000 -31.81897182
  .5600000000 -32.18079301
  .5650000000 -32.54972054
  .5700000000 -32.92930774
  .5750000000 -33.31492740
  .5800000000 -33.71336264
  .5850000000 -34.11718624
  .5900000000 -34.53563691
  .5950000000 -34.95932113
  .6000000000 -35.39904851
  .6050000000 -35.84440993
  .6100000000 -36.30677887
  .6150000000 -36.77581067
  .6200000000 -37.26230050
  .6250000000 -37.75719135
  .6300000000 -38.26940826
  .6350000000 -38.79256341
  .6400000000 -39.33225459
  .6450000000 -39.88631979
  .6500000000 -40.45538956
  .6550000000 -41.04327814
  .6600000000 -41.64386329
  .6650000000 -42.26873014
  .6700000000 -42.90823747
  .6750000000 -43.56849810
  .6800000000 -44.25069314
  .6850000000 -44.95060308
  .6900000000 -45.67804984
  .6950000000 -46.42732669
  .7000000000 -47.19810606
  .7050000000 -48.00141209
  .7100000000 -48.82948225
  .7150000000 -49.68364377
  .7200000000 -50.57296740
  .7250000000 -51.49386400
  .7300000000 -52.44642566
  .7350000000 -53.43375103
  .7400000000 -54.46436432
  .7450000000 -55.53343583
  .7500000000 -56.64360539
  .7550000000 -57.79772903
  .7600000000 -59.00131865
  .7650000000 -60.25892055
  .7700000000 -61.57014945
  .7750000000 -62.93887011
  .7800000000 -64.36927647
  .7850000000 -65.86592357
  .7900000000 -67.43376290
  .7950000000 -69.07818198
  .8000000000 -70.80504864
  .8050000000 -72.62076070
  .8100000000 -74.53230186
  .8150000000 -76.54730484
  .8200000000 -78.67412271
  .8250000000 -80.92190999
  .8300000000 -83.30071497
  .8350000000 -85.82158531
  .8400000000 -88.50512257
  .8450000000 -91.36335274
  .8500000000 -94.40728437
  .8550000000 -97.65927757
  .8600000000 -101.1523477
  .8650000000 -104.8920703
  .8700000000 -108.9331634
  .8750000000 -113.2826088
  .8800000000 -118.0099395
  .8850000000 -123.1410850
  .8900000000 -128.7339612
  .8950000000 -134.8590776
&
@ s9 color  5
@ s9 linestyle  1
@target s9
@type xy
  .4682315962 -10.000
  .4682315962  10.000
  .5174907090  10.000
  .5174907090 -10.000
&
@ s10 color  1
@ s10 linestyle  2
@ legend string 10 "(6)-(2)"
@target s10
@type xy
  .1000000000 -115.0894987
  .1050000000 -109.6103032
  .1100000000 -104.6263000
  .1150000000 -100.0810167
  .1200000000 -95.91523817
  .1250000000 -92.07627265
  .1300000000 -88.53674707
  .1350000000 -85.25791733
  .1400000000 -82.21383544
  .1450000000 -79.37643075
  .1500000000 -76.73440505
  .1550000000 -74.25755948
  .1600000000 -71.93433162
  .1650000000 -69.75804503
  .1700000000 -67.70751904
  .1750000000 -65.77282222
  .1800000000 -63.94493758
  .1850000000 -62.21566382
  .1900000000 -60.57752920
  .1950000000 -59.02371621
  .2000000000 -57.54799538
  .2050000000 -56.14466703
  .2100000000 -54.80850974
  .2150000000 -53.53473472
  .2200000000 -52.31894521
  .2250000000 -51.15710038
  .2300000000 -50.04548298
  .2350000000 -48.98067053
  .2400000000 -47.95950926
  .2450000000 -46.97909090
  .2500000000 -46.03960232
  .2550000000 -45.13856784
  .2600000000 -44.27095702
  .2650000000 -43.43461630
  .2700000000 -42.62813012
  .2750000000 -41.85539206
  .2800000000 -41.10837802
  .2850000000 -40.38548537
  .2900000000 -39.68925873
  .2950000000 -39.01777503
  .3000000000 -38.36617598
  .3050000000 -37.73669335
  .3100000000 -37.12928026
  .3150000000 -36.53826161
  .3200000000 -35.96771243
  .3250000000 -35.41481187
  .3300000000 -34.87542468
  .3350000000 -34.35712804
  .3400000000 -33.85074038
  .3450000000 -33.35997144
  .3500000000 -32.88369225
  .3550000000 -32.41859247
  .3600000000 -31.96980464
  .3650000000 -31.52941331
  .3700000000 -31.10500833
  .3750000000 -30.68857790
  .3800000000 -30.28559740
  .3850000000 -29.89109486
  .3900000000 -29.50819129
  .3950000000 -29.13376775
  .4000000000 -28.76970156
  .4050000000 -28.41367370
  .4100000000 -28.06730244
  .4150000000 -27.72813619
  .4200000000 -27.39840490
  .4250000000 -27.07470098
  .4300000000 -26.76063379
  .4350000000 -26.45111489
  .4400000000 -26.15180749
  .4450000000 -25.85588217
  .4500000000 -25.56992003
  .4550000000 -25.28768664
  .4600000000 -25.01312508
  .4650000000 -24.74382182
  .4700000000  .0002214773
  .4750000000  .0005106421
  .4800000000  .0007887609
  .4850000000  .0010558602
  .4900000000  .0013120075
  .4950000000  .0015573016
  .5000000000  .0017918659
  .5050000000  .0020158415
  .5100000000  .0022293833
  .5150000000  .0024326559
  .5200000000 -29.49958229
  .5250000000 -29.81056255
  .5300000000 -30.12579090
  .5350000000 -30.45150070
  .5400000000 -30.78073175
  .5450000000 -31.12029684
  .5500000000 -31.46535628
  .5550000000 -31.81897206
  .5600000000 -32.18079322
  .5650000000 -32.54972074
  .5700000000 -32.92930793
  .5750000000 -33.31492758
  .5800000000 -33.71336281
  .5850000000 -34.11718639
  .5900000000 -34.53563705
  .5950000000 -34.95932126
  .6000000000 -35.39904863
  .6050000000 -35.84441004
  .6100000000 -36.30677897
  .6150000000 -36.77581076
  .6200000000 -37.26230058
  .6250000000 -37.75719142
  .6300000000 -38.26940832
  .6350000000 -38.79256346
  .6400000000 -39.33225464
  .6450000000 -39.88631984
  .6500000000 -40.45538959
  .6550000000 -41.04327817
  .6600000000 -41.64386331
  .6650000000 -42.26873016
  .6700000000 -42.90823749
  .6750000000 -43.56849811
  .6800000000 -44.25069315
  .6850000000 -44.95060309
  .6900000000 -45.67804984
  .6950000000 -46.42732669
  .7000000000 -47.19810606
  .7050000000 -48.00141209
  .7100000000 -48.82948224
  .7150000000 -49.68364376
  .7200000000 -50.57296739
  .7250000000 -51.49386399
  .7300000000 -52.44642564
  .7350000000 -53.43375102
  .7400000000 -54.46436430
  .7450000000 -55.53343582
  .7500000000 -56.64360538
  .7550000000 -57.79772902
  .7600000000 -59.00131864
  .7650000000 -60.25892054
  .7700000000 -61.57014945
  .7750000000 -62.93887010
  .7800000000 -64.36927647
  .7850000000 -65.86592357
  .7900000000 -67.43376290
  .7950000000 -69.07818198
  .8000000000 -70.80504864
  .8050000000 -72.62076070
  .8100000000 -74.53230187
  .8150000000 -76.54730485
  .8200000000 -78.67412271
  .8250000000 -80.92190999
  .8300000000 -83.30071498
  .8350000000 -85.82158532
  .8400000000 -88.50512258
  .8450000000 -91.36335275
  .8500000000 -94.40728438
  .8550000000 -97.65927758
  .8600000000 -101.1523477
  .8650000000 -104.8920703
  .8700000000 -108.9331634
  .8750000000 -113.2826088
  .8800000000 -118.0099395
  .8850000000 -123.1410850
  .8900000000 -128.7339612
  .8950000000 -134.8590776
&
@ s11 color  1
@ s11 linestyle  2
@target s11
@type xy
  .4682315962 -10.000
  .4682315962  10.000
  .5174907090  10.000
  .5174907090 -10.000
&
@ s12 color  2
@ s12 linestyle  2
@ legend string 12 "(7)-(3)"
@target s12
@type xy
  .1000000000 -115.0894876
  .1050000000 -109.6102919
  .1100000000 -104.6262886
  .1150000000 -100.0810053
  .1200000000 -95.91522691
  .1250000000 -92.07626157
  .1300000000 -88.53673621
  .1350000000 -85.25790670
  .1400000000 -82.21382503
  .1450000000 -79.37642056
  .1500000000 -76.73439506
  .1550000000 -74.25754968
  .1600000000 -71.93432200
  .1650000000 -69.75803557
  .1700000000 -67.70750973
  .1750000000 -65.77281305
  .1800000000 -63.94492854
  .1850000000 -62.21565490
  .1900000000 -60.57752040
  .1950000000 -59.02370751
  .2000000000 -57.54798677
  .2050000000 -56.14465852
  .2100000000 -54.80850131
  .2150000000 -53.53472637
  .2200000000 -52.31893693
  .2250000000 -51.15709217
  .2300000000 -50.04547485
  .2350000000 -48.98066245
  .2400000000 -47.95950125
  .2450000000 -46.97908295
  .2500000000 -46.03959444
  .2550000000 -45.13856002
  .2600000000 -44.27094927
  .2650000000 -43.43460861
  .2700000000 -42.62812249
  .2750000000 -41.85538451
  .2800000000 -41.10837054
  .2850000000 -40.38547796
  .2900000000 -39.68925139
  .2950000000 -39.01776776
  .3000000000 -38.36616880
  .3050000000 -37.73668626
  .3100000000 -37.12927326
  .3150000000 -36.53825470
  .3200000000 -35.96770561
  .3250000000 -35.41480515
  .3300000000 -34.87541807
  .3350000000 -34.35712154
  .3400000000 -33.85073399
  .3450000000 -33.35996517
  .3500000000 -32.88368609
  .3550000000 -32.41858644
  .3600000000 -31.96979873
  .3650000000 -31.52940753
  .3700000000 -31.10500269
  .3750000000 -30.68857238
  .3800000000 -30.28559201
  .3850000000 -29.89108961
  .3900000000 -29.50818618
  .3950000000 -29.13376276
  .4000000000 -28.76969671
  .4050000000 -28.41366898
  .4100000000 -28.06729785
  .4150000000 -27.72813173
  .4200000000 -27.39840057
  .4250000000 -27.07469678
  .4300000000 -26.76062971
  .4350000000 -26.45111093
  .4400000000 -26.15180365
  .4450000000 -25.85587844
  .4500000000 -25.56991641
  .4550000000 -25.28768313
  .4600000000 -25.01312168
  .4650000000 -24.74381852
  .4700000000  .0002246823
  .4750000000  .0005137479
  .4800000000  .0007917689
  .4850000000  .0010587723
  .4900000000  .0013148253
  .4950000000  .0015600272
  .5000000000  .0017945011
  .5050000000  .0020183884
  .5100000000  .0022318441
  .5150000000  .0024350327
  .5200000000 -29.49958004
  .5250000000 -29.81056037
  .5300000000 -30.12578880
  .5350000000 -30.45149866
  .5400000000 -30.78072978
  .5450000000 -31.12029493
  .5500000000 -31.46535444
  .5550000000 -31.81897027
  .5600000000 -32.18079150
  .5650000000 -32.54971908
  .5700000000 -32.92930632
  .5750000000 -33.31492602
  .5800000000 -33.71336130
  .5850000000 -34.11718495
  .5900000000 -34.53563565
  .5950000000 -34.95931992
  .6000000000 -35.39904734
  .6050000000 -35.84440879
  .6100000000 -36.30677776
  .6150000000 -36.77580961
  .6200000000 -37.26229947
  .6250000000 -37.75719036
  .6300000000 -38.26940731
  .6350000000 -38.79256250
  .6400000000 -39.33225372
  .6450000000 -39.88631896
  .6500000000 -40.45538876
  .6550000000 -41.04327739
  .6600000000 -41.64386257
  .6650000000 -42.26872946
  .6700000000 -42.90823684
  .6750000000 -43.56849750
  .6800000000 -44.25069258
  .6850000000 -44.95060256
  .6900000000 -45.67804935
  .6950000000 -46.42732625
  .7000000000 -47.19810565
  .7050000000 -48.00141172
  .7100000000 -48.82948191
  .7150000000 -49.68364346
  .7200000000 -50.57296713
  .7250000000 -51.49386376
  .7300000000 -52.44642544
  .7350000000 -53.43375085
  .7400000000 -54.46436416
  .7450000000 -55.53343569
  .7500000000 -56.64360528
  .7550000000 -57.79772893
  .7600000000 -59.00131858
  .7650000000 -60.25892048
  .7700000000 -61.57014941
  .7750000000 -62.93887007
  .7800000000 -64.36927645
  .7850000000 -65.86592356
  .7900000000 -67.43376289
  .7950000000 -69.07818197
  .8000000000 -70.80504863
  .8050000000 -72.62076069
  .8100000000 -74.53230186
  .8150000000 -76.54730483
  .8200000000 -78.67412270
  .8250000000 -80.92190997
  .8300000000 -83.30071495
  .8350000000 -85.82158528
  .8400000000 -88.50512254
  .8450000000 -91.36335269
  .8500000000 -94.40728431
  .8550000000 -97.65927750
  .8600000000 -101.1523476
  .8650000000 -104.8920702
  .8700000000 -108.9331633
  .8750000000 -113.2826086
  .8800000000 -118.0099394
  .8850000000 -123.1410849
  .8900000000 -128.7339610
  .8950000000 -134.8590775
&
@ s13 color  2
@ s13 linestyle  2
@target s13
@type xy
  .4682315962 -10.000
  .4682315962  10.000
  .5174907090  10.000
  .5174907090 -10.000
&
@ s14 color  3
@ s14 linestyle  2
@ legend string 14 "(8)-(4)"
@target s14
@type xy
  .1000000000 -115.0894850
  .1050000000 -109.6102892
  .1100000000 -104.6262859
  .1150000000 -100.0810026
  .1200000000 -95.91522426
  .1250000000 -92.07625897
  .1300000000 -88.53673366
  .1350000000 -85.25790421
  .1400000000 -82.21382260
  .1450000000 -79.37641818
  .1500000000 -76.73439273
  .1550000000 -74.25754740
  .1600000000 -71.93431977
  .1650000000 -69.75803339
  .1700000000 -67.70750760
  .1750000000 -65.77281096
  .1800000000 -63.94492649
  .1850000000 -62.21565289
  .1900000000 -60.57751841
  .1950000000 -59.02370556
  .2000000000 -57.54798486
  .2050000000 -56.14465663
  .2100000000 -54.80849945
  .2150000000 -53.53472454
  .2200000000 -52.31893513
  .2250000000 -51.15709039
  .2300000000 -50.04547310
  .2350000000 -48.98066073
  .2400000000 -47.95949955
  .2450000000 -46.97908128
  .2500000000 -46.03959279
  .2550000000 -45.13855840
  .2600000000 -44.27094767
  .2650000000 -43.43460703
  .2700000000 -42.62812094
  .2750000000 -41.85538298
  .2800000000 -41.10836904
  .2850000000 -40.38547648
  .2900000000 -39.68924994
  .2950000000 -39.01776634
  .3000000000 -38.36616741
  .3050000000 -37.73668489
  .3100000000 -37.12927192
  .3150000000 -36.53825339
  .3200000000 -35.96770433
  .3250000000 -35.41480391
  .3300000000 -34.87541685
  .3350000000 -34.35712036
  .3400000000 -33.85073284
  .3450000000 -33.35996405
  .3500000000 -32.88368501
  .3550000000 -32.41858539
  .3600000000 -31.96979771
  .3650000000 -31.52940655
  .3700000000 -31.10500174
  .3750000000 -30.68857147
  .3800000000 -30.28559114
  .3850000000 -29.89108876
  .3900000000 -29.50818537
  .3950000000 -29.13376199
  .4000000000 -28.76969597
  .4050000000 -28.41366828
  .4100000000 -28.06729718
  .4150000000 -27.72813109
  .4200000000 -27.39839997
  .4250000000 -27.07469621
  .4300000000 -26.76062917
  .4350000000 -26.45111042
  .4400000000 -26.15180317
  .4450000000 -25.85587800
  .4500000000 -25.56991599
  .4550000000 -25.28768275
  .4600000000 -25.01312132
  .4650000000 -24.74381819
  .4700000000  .0002250146
  .4750000000  .0005140562
  .4800000000  .0007920543
  .4850000000  .0010590357
  .4900000000  .0013150678
  .4950000000  .0015602496
  .5000000000  .0017947044
  .5050000000  .0020185735
  .5100000000  .0022320116
  .5150000000  .0024351835
  .5200000000 -29.49957992
  .5250000000 -29.81056026
  .5300000000 -30.12578871
  .5350000000 -30.45149858
  .5400000000 -30.78072971
  .5450000000 -31.12029488
  .5500000000 -31.46535439
  .5550000000 -31.81897024
  .5600000000 -32.18079148
  .5650000000 -32.54971907
  .5700000000 -32.92930632
  .5750000000 -33.31492603
  .5800000000 -33.71336132
  .5850000000 -34.11718497
  .5900000000 -34.53563569
  .5950000000 -34.95931996
  .6000000000 -35.39904738
  .6050000000 -35.84440884
  .6100000000 -36.30677782
  .6150000000 -36.77580967
  .6200000000 -37.26229954
  .6250000000 -37.75719043
  .6300000000 -38.26940739
  .6350000000 -38.79256258
  .6400000000 -39.33225380
  .6450000000 -39.88631905
  .6500000000 -40.45538885
  .6550000000 -41.04327747
  .6600000000 -41.64386266
  .6650000000 -42.26872955
  .6700000000 -42.90823693
  .6750000000 -43.56849759
  .6800000000 -44.25069267
  .6850000000 -44.95060265
  .6900000000 -45.67804943
  .6950000000 -46.42732633
  .7000000000 -47.19810573
  .7050000000 -48.00141179
  .7100000000 -48.82948198
  .7150000000 -49.68364352
  .7200000000 -50.57296719
  .7250000000 -51.49386381
  .7300000000 -52.44642549
  .7350000000 -53.43375089
  .7400000000 -54.46436420
  .7450000000 -55.53343573
  .7500000000 -56.64360531
  .7550000000 -57.79772896
  .7600000000 -59.00131860
  .7650000000 -60.25892051
  .7700000000 -61.57014942
  .7750000000 -62.93887008
  .7800000000 -64.36927646
  .7850000000 -65.86592356
  .7900000000 -67.43376290
  .7950000000 -69.07818198
  .8000000000 -70.80504864
  .8050000000 -72.62076069
  .8100000000 -74.53230186
  .8150000000 -76.54730483
  .8200000000 -78.67412269
  .8250000000 -80.92190997
  .8300000000 -83.30071495
  .8350000000 -85.82158527
  .8400000000 -88.50512253
  .8450000000 -91.36335269
  .8500000000 -94.40728431
  .8550000000 -97.65927750
  .8600000000 -101.1523476
  .8650000000 -104.8920702
  .8700000000 -108.9331633
  .8750000000 -113.2826087
  .8800000000 -118.0099394
  .8850000000 -123.1410849
  .8900000000 -128.7339610
  .8950000000 -134.8590775
&
@ s15 color  3
@ s15 linestyle  2
@target s15
@type xy
  .4682315962 -10.000
  .4682315962  10.000
  .5174907090  10.000
  .5174907090 -10.000
&
