# ACE/gr parameter file
#
@    version 50122
@    world xmin 0.25
@    world xmax 0.75
@    title font 5
@    xaxis  tick major 0.1
@    xaxis  tick minor 0.02
@    xaxis  label "(r-r\s1\N)/d"
@    xaxis  label font 5
@    xaxis  label char size 1.2
@    xaxis  ticklabel font 4
@    xaxis  ticklabel char size 1
@    yaxis  tick major .1
@    yaxis  tick minor .02
@    yaxis  label font 4
@    yaxis  label char size 1.2
@    yaxis  ticklabel font 5
@    yaxis  ticklabel char size 1
@    title "potential between neighbors"
@    yaxis  label "V(r) (Ry)"
@    world ymin -10.
@    world ymax   .0
@    yaxis  tick major 2
@    yaxis  tick minor 1
@ s0 color  1
@ s0 linestyle  1
@ legend string 0 "(1)-(5)"
@target s0
@type xy
  .1000000000 -39.75137520
  .1050000000 -35.93620518
  .1100000000 -32.58133886
  .1150000000 -29.61626029
  .1200000000 -26.98437566
  .1250000000 -24.63931090
  .1300000000 -22.56279322
  .1350000000 -20.69575088
  .1400000000 -19.03530388
  .1450000000 -17.53522417
  .1500000000 -16.19256411
  .1550000000 -14.98020709
  .1600000000 -13.88045123
  .1650000000 -12.88498582
  .1700000000 -11.98445285
  .1750000000 -11.16296405
  .1800000000 -10.41238585
  .1850000000 -9.725431924
  .1900000000 -9.095583324
  .1950000000 -8.517015476
  .2000000000 -7.984530884
  .2050000000 -7.493497066
  .2100000000 -7.039789198
  .2150000000 -6.619737162
  .2200000000 -6.230076754
  .2250000000 -5.867904888
  .2300000000 -5.530638699
  .2350000000 -5.215978428
  .2400000000 -4.921874060
  .2450000000 -4.648506292
  .2500000000 -4.393465523
  .2550000000 -4.153999986
  .2600000000 -3.928777586
  .2650000000 -3.716603016
  .2700000000 -3.519765801
  .2750000000 -3.334241105
  .2800000000 -3.158691230
  .2850000000 -2.993155816
  .2900000000 -2.839208810
  .2950000000 -2.692879854
  .3000000000 -2.553700462
  .3050000000 -2.424959936
  .3100000000 -2.302022775
  .3150000000 -2.185120786
  .3200000000 -2.076559134
  .3250000000 -1.972407626
  .3300000000 -1.874399548
  .3350000000 -1.782052891
  .3400000000 -1.693072938
  .3450000000 -1.611138832
  .3500000000 -1.531893178
  .3550000000 -1.457671996
  .3600000000 -1.387070083
  .3650000000 -1.319908233
  .3700000000 -1.256987176
  .3750000000 -1.196327865
  .3800000000 -1.140256892
  .3850000000 -1.085612453
  .3900000000 -1.035676481
  .3950000000 -.9866229225
  .4000000000 -.9422068341
  .4050000000 -.8983789580
  .4100000000 -.8589526657
  .4150000000 -.8200397929
  .4200000000 -.7851441122
  .4250000000 -.7508864182
  .4300000000 -.7201197055
  .4350000000 -.6903052400
  .4400000000 -.6633106034
  .4450000000 -.6377730348
  .4500000000 -.6142258143
  .4550000000 -.5928429760
  .4600000000 -.5724380280
  .4650000000 -.5551313137
  .4700000000 -.5380097016
  .4750000000 -.5243042074
  .4800000000 -.5111778109
  .4850000000 -.5051938285
  .4900000000 -.4964553486
  .4950000000 -.4894587970
  .5000000000 -.4841971725
  .5050000000 -.4806677191
  .5100000000 -.4788718576
  .5150000000 -.4788151123
  .5200000000 -.4805070351
  .5250000000 -.4839611260
  .5300000000 -.4891947532
  .5350000000 -.4926910867
  .5400000000 -.5021507354
  .5450000000 -.5130717131
  .5500000000 -.5268338746
  .5550000000 -.5410722450
  .5600000000 -.5592448780
  .5650000000 -.5776252027
  .5700000000 -.5998689105
  .5750000000 -.6228746807
  .5800000000 -.6492674854
  .5850000000 -.6771079167
  .5900000000 -.7080901601
  .5950000000 -.7410219698
  .6000000000 -.7770855160
  .6050000000 -.8154130648
  .6100000000 -.8571120691
  .6150000000 -.9011884145
  .6200000000 -.9491498517
  .6250000000 -.9993788471
  .6300000000 -1.054313491
  .6350000000 -1.111153076
  .6400000000 -1.173867663
  .6450000000 -1.238586989
  .6500000000 -1.309245774
  .6550000000 -1.383203106
  .6600000000 -1.462072705
  .6650000000 -1.546396312
  .6700000000 -1.634192322
  .6750000000 -1.730172547
  .6800000000 -1.830351688
  .6850000000 -1.936815881
  .6900000000 -2.051047500
  .6950000000 -2.170796201
  .7000000000 -2.299069043
  .7050000000 -2.435894600
  .7100000000 -2.579954596
  .7150000000 -2.733913541
  .7200000000 -2.898892170
  .7250000000 -3.073359209
  .7300000000 -3.258144367
  .7350000000 -3.458073738
  .7400000000 -3.670800312
  .7450000000 -3.897110740
  .7500000000 -4.138268491
  .7550000000 -4.397481367
  .7600000000 -4.676413496
  .7650000000 -4.974896368
  .7700000000 -5.294816789
  .7750000000 -5.638266862
  .7800000000 -6.007563623
  .7850000000 -6.405269474
  .7900000000 -6.834213421
  .7950000000 -7.297513202
  .8000000000 -7.798598471
  .8050000000 -8.341235291
  .8100000000 -8.929552338
  .8150000000 -9.568069375
  .8200000000 -10.26172876
  .8250000000 -11.01593103
  .8300000000 -11.83657574
  .8350000000 -12.73010944
  .8400000000 -13.70358267
  .8450000000 -14.77330918
  .8500000000 -15.94319652
  .8550000000 -17.22098809
  .8600000000 -18.62979143
  .8650000000 -20.17655676
  .8700000000 -21.88202980
  .8750000000 -23.76497651
  .8800000000 -25.85485294
  .8850000000 -28.17168294
  .8900000000 -30.75725903
  .8950000000 -33.66006308
&
@ s1 color  1
@ s1 linestyle  1
@target s1
@type xy
  .4825092909 -10.000
  .4825092909  10.000
  .5317684037  10.000
  .5317684037 -10.000
&
@ s2 color  2
@ s2 linestyle  1
@ legend string 2 "(2)-(6)"
@target s2
@type xy
  .1000000000 -39.75137462
  .1050000000 -35.93620507
  .1100000000 -32.58133924
  .1150000000 -29.61626116
  .1200000000 -26.98437703
  .1250000000 -24.63931277
  .1300000000 -22.56279560
  .1350000000 -20.69575377
  .1400000000 -19.03530729
  .1450000000 -17.53522811
  .1500000000 -16.19256857
  .1550000000 -14.98021209
  .1600000000 -13.88045676
  .1650000000 -12.88499189
  .1700000000 -11.98445948
  .1750000000 -11.16297122
  .1800000000 -10.41239359
  .1850000000 -9.725440224
  .1900000000 -9.095592196
  .1950000000 -8.517024927
  .2000000000 -7.984540922
  .2050000000 -7.493507699
  .2100000000 -7.039800435
  .2150000000 -6.619749013
  .2200000000 -6.230089228
  .2250000000 -5.867917996
  .2300000000 -5.530652450
  .2350000000 -5.215992833
  .2400000000 -4.921889130
  .2450000000 -4.648522040
  .2500000000 -4.393481963
  .2550000000 -4.154017128
  .2600000000 -3.928795442
  .2650000000 -3.716621595
  .2700000000 -3.519785122
  .2750000000 -3.334261180
  .2800000000 -3.158712068
  .2850000000 -2.993177428
  .2900000000 -2.839231217
  .2950000000 -2.692903062
  .3000000000 -2.553724480
  .3050000000 -2.424984789
  .3100000000 -2.302048468
  .3150000000 -2.185147328
  .3200000000 -2.076586550
  .3250000000 -1.972435919
  .3300000000 -1.874428734
  .3350000000 -1.782082987
  .3400000000 -1.693103944
  .3450000000 -1.611170782
  .3500000000 -1.531926072
  .3550000000 -1.457705855
  .3600000000 -1.387104919
  .3650000000 -1.319944057
  .3700000000 -1.257024012
  .3750000000 -1.196365714
  .3800000000 -1.140295789
  .3850000000 -1.085652391
  .3900000000 -1.035717503
  .3950000000 -.9866650164
  .4000000000 -.9422500471
  .4050000000 -.8984232769
  .4100000000 -.8589981402
  .4150000000 -.8200864097
  .4200000000 -.7851919210
  .4250000000 -.7509354089
  .4300000000 -.7201699239
  .4350000000 -.6903566835
  .4400000000 -.6633633092
  .4450000000 -.6378270126
  .4500000000 -.6142810874
  .4550000000 -.5928995720
  .4600000000 -.5724959499
  .4650000000 -.5551906144
  .4700000000 -.5380703662
  .4750000000 -.5243663011
  .4800000000 -.5112413293
  .4850000000 -.5052589149
  .4900000000 -.4965219253
  .4950000000 -.4895268903
  .5000000000 -.4842668092
  .5050000000 -.4807389266
  .5100000000 -.4789446639
  .5150000000 -.4788895463
  .5200000000 -.4805831261
  .5250000000 -.4840389043
  .5300000000 -.4892742496
  .5350000000 -.4927723225
  .5400000000 -.5022337603
  .5450000000 -.5131565567
  .5500000000 -.5269205770
  .5550000000 -.5411608295
  .5600000000 -.5593353951
  .5650000000 -.5777176744
  .5700000000 -.5999633888
  .5750000000 -.6229711930
  .5800000000 -.6493660811
  .5850000000 -.6772086301
  .5900000000 -.7081930400
  .5950000000 -.7411270556
  .6000000000 -.7771928575
  .6050000000 -.8155227052
  .6100000000 -.8572240611
  .6150000000 -.9013028034
  .6200000000 -.9492666950
  .6250000000 -.9994981903
  .6300000000 -1.054435399
  .6350000000 -1.111277592
  .6400000000 -1.173994860
  .6450000000 -1.238716913
  .6500000000 -1.309378499
  .6550000000 -1.383338687
  .6600000000 -1.462211208
  .6650000000 -1.546537807
  .6700000000 -1.634336866
  .6750000000 -1.730320224
  .6800000000 -1.830502561
  .6850000000 -1.936970021
  .6900000000 -2.051204987
  .6950000000 -2.170957104
  .7000000000 -2.299233441
  .7050000000 -2.436062573
  .7100000000 -2.580126219
  .7150000000 -2.734088897
  .7200000000 -2.899071341
  .7250000000 -3.073542275
  .7300000000 -3.258331410
  .7350000000 -3.458264844
  .7400000000 -3.670995565
  .7450000000 -3.897310222
  .7500000000 -4.138472289
  .7550000000 -4.397689565
  .7600000000 -4.676626178
  .7650000000 -4.975113617
  .7700000000 -5.295038689
  .7750000000 -5.638493495
  .7800000000 -6.007795069
  .7850000000 -6.405505812
  .7900000000 -6.834454725
  .7950000000 -7.297759545
  .8000000000 -7.798849921
  .8050000000 -8.341491910
  .8100000000 -8.929814183
  .8150000000 -9.568336498
  .8200000000 -10.26200121
  .8250000000 -11.01620883
  .8300000000 -11.83685893
  .8350000000 -12.73039805
  .8400000000 -13.70387670
  .8450000000 -14.77360862
  .8500000000 -15.94350134
  .8550000000 -17.22129829
  .8600000000 -18.63010694
  .8650000000 -20.17687752
  .8700000000 -21.88235574
  .8750000000 -23.76530757
  .8800000000 -25.85518901
  .8850000000 -28.17202394
  .8900000000 -30.75760490
  .8950000000 -33.66041375
&
@ s3 color  2
@ s3 linestyle  1
@target s3
@type xy
  .4825092909 -10.000
  .4825092909  10.000
  .5317684037  10.000
  .5317684037 -10.000
&
@ s4 color  3
@ s4 linestyle  1
@ legend string 4 "(3)-(7)"
@target s4
@type xy
  .1000000000 -39.75137872
  .1050000000 -35.93620678
  .1100000000 -32.58133852
  .1150000000 -29.61625797
  .1200000000 -26.98437133
  .1250000000 -24.63930454
  .1300000000 -22.56278480
  .1350000000 -20.69574038
  .1400000000 -19.03529128
  .1450000000 -17.53520946
  .1500000000 -16.19254725
  .1550000000 -14.98018808
  .1600000000 -13.88043004
  .1650000000 -12.88496243
  .1700000000 -11.98442725
  .1750000000 -11.16293619
  .1800000000 -10.41235573
  .1850000000 -9.725399511
  .1900000000 -9.095548589
  .1950000000 -8.516978387
  .2000000000 -7.984491407
  .2050000000 -7.493455163
  .2100000000 -7.039744831
  .2150000000 -6.619690291
  .2200000000 -6.230027335
  .2250000000 -5.867852879
  .2300000000 -5.530584054
  .2350000000 -5.215921103
  .2400000000 -4.921814011
  .2450000000 -4.648443456
  .2500000000 -4.393399842
  .2550000000 -4.153931413
  .2600000000 -3.928706077
  .2650000000 -3.716528528
  .2700000000 -3.519688251
  .2750000000 -3.334160444
  .2800000000 -3.158607421
  .2850000000 -2.993068810
  .2900000000 -2.839118520
  .2950000000 -2.692786246
  .3000000000 -2.553603509
  .3050000000 -2.424859530
  .3100000000 -2.301918892
  .3150000000 -2.185013392
  .3200000000 -2.076448127
  .3250000000 -1.972292990
  .3300000000 -1.874281218
  .3350000000 -1.781930796
  .3400000000 -1.692947075
  .3450000000 -1.611009067
  .3500000000 -1.531759511
  .3550000000 -1.457534338
  .3600000000 -1.386928384
  .3650000000 -1.319762448
  .3700000000 -1.256837209
  .3750000000 -1.196173706
  .3800000000 -1.140098406
  .3850000000 -1.085449661
  .3900000000 -1.035509214
  .3950000000 -.9864512233
  .4000000000 -.9420305101
  .4050000000 -.8981980645
  .4100000000 -.8587669973
  .4150000000 -.8198494051
  .4200000000 -.7849488002
  .4250000000 -.7506862237
  .4300000000 -.7199144402
  .4350000000 -.6900949151
  .4400000000 -.6630950660
  .4450000000 -.6375522460
  .4500000000 -.6139996787
  .4550000000 -.5926113810
  .4600000000 -.5722009626
  .4650000000 -.5548885639
  .4700000000 -.5377613282
  .4750000000 -.5240499499
  .4800000000 -.5109176878
  .4850000000 -.5049270912
  .4900000000 -.4961824476
  .4950000000 -.4891796233
  .5000000000 -.4839116145
  .5050000000 -.4803756630
  .5100000000 -.4785731870
  .5150000000 -.4785097083
  .5200000000 -.4801947759
  .5250000000 -.4836418872
  .5300000000 -.4888684071
  .5350000000 -.4923573757
  .5400000000 -.5018096521
  .5450000000 -.5127231321
  .5500000000 -.5264776231
  .5550000000 -.5407082264
  .5600000000 -.5588728768
  .5650000000 -.5772451276
  .5700000000 -.5994805428
  .5750000000 -.6224779062
  .5800000000 -.6488620965
  .5850000000 -.6766937712
  .5900000000 -.7076670548
  .5950000000 -.7405897403
  .6000000000 -.7766439554
  .6050000000 -.8149619935
  .6100000000 -.8566512684
  .6150000000 -.9007176967
  .6200000000 -.9486689781
  .6250000000 -.9988876292
  .6300000000 -1.053811662
  .6350000000 -1.110640454
  .6400000000 -1.173343944
  .6450000000 -1.238051985
  .6500000000 -1.308699181
  .6550000000 -1.382644697
  .6600000000 -1.461502203
  .6650000000 -1.545813433
  .6700000000 -1.633596825
  .6750000000 -1.729564086
  .6800000000 -1.829730007
  .6850000000 -1.936180677
  .6900000000 -2.050398451
  .6950000000 -2.170133021
  .7000000000 -2.298391398
  .7050000000 -2.435202166
  .7100000000 -2.579247062
  .7150000000 -2.733190566
  .7200000000 -2.898153411
  .7250000000 -3.072604336
  .7300000000 -3.257373040
  .7350000000 -3.457285598
  .7400000000 -3.669995016
  .7450000000 -3.896287939
  .7500000000 -4.137427833
  .7550000000 -4.396622499
  .7600000000 -4.675536072
  .7650000000 -4.974000040
  .7700000000 -5.293901211
  .7750000000 -5.637331692
  .7800000000 -6.006608526
  .7850000000 -6.404294122
  .7900000000 -6.833217498
  .7950000000 -7.296496407
  .8000000000 -7.797560519
  .8050000000 -8.340175915
  .8100000000 -8.928471293
  .8150000000 -9.566966442
  .8200000000 -10.26060375
  .8250000000 -11.01478377
  .8300000000 -11.83540609
  .8350000000 -12.72891731
  .8400000000 -13.70236800
  .8450000000 -14.77207202
  .8500000000 -15.94193693
  .8550000000 -17.21970612
  .8600000000 -18.62848732
  .8650000000 -20.17523070
  .8700000000 -21.88068206
  .8750000000 -23.76360742
  .8800000000 -25.85346286
  .8850000000 -28.17027216
  .8900000000 -30.75582786
  .8950000000 -33.65861179
&
@ s5 color  3
@ s5 linestyle  1
@target s5
@type xy
  .4825092909 -10.000
  .4825092909  10.000
  .5317684037  10.000
  .5317684037 -10.000
&
@ s6 color  4
@ s6 linestyle  1
@ legend string 6 "(4)-(8)"
@target s6
@type xy
  .1000000000 -39.75137892
  .1050000000 -35.93620671
  .1100000000 -32.58133818
  .1150000000 -29.61625735
  .1200000000 -26.98437043
  .1250000000 -24.63930336
  .1300000000 -22.56278334
  .1350000000 -20.69573863
  .1400000000 -19.03528924
  .1450000000 -17.53520712
  .1500000000 -16.19254462
  .1550000000 -14.98018515
  .1600000000 -13.88042682
  .1650000000 -12.88495891
  .1700000000 -11.98442341
  .1750000000 -11.16293205
  .1800000000 -10.41235128
  .1850000000 -9.725394745
  .1900000000 -9.095543505
  .1950000000 -8.516972982
  .2000000000 -7.984485676
  .2050000000 -7.493449103
  .2100000000 -7.039738437
  .2150000000 -6.619683557
  .2200000000 -6.230020257
  .2250000000 -5.867845452
  .2300000000 -5.530576273
  .2350000000 -5.215912963
  .2400000000 -4.921805505
  .2450000000 -4.648434578
  .2500000000 -4.393390586
  .2550000000 -4.153921771
  .2600000000 -3.928696045
  .2650000000 -3.716518102
  .2700000000 -3.519677419
  .2750000000 -3.334149201
  .2800000000 -3.158595762
  .2850000000 -2.993056729
  .2900000000 -2.839106007
  .2950000000 -2.692773296
  .3000000000 -2.553590119
  .3050000000 -2.424845686
  .3100000000 -2.301904590
  .3150000000 -2.184998629
  .3200000000 -2.076432889
  .3250000000 -1.972277276
  .3300000000 -1.874265017
  .3350000000 -1.781914101
  .3400000000 -1.692929885
  .3450000000 -1.610991363
  .3500000000 -1.531741294
  .3550000000 -1.457515596
  .3600000000 -1.386909111
  .3650000000 -1.319742638
  .3700000000 -1.256816848
  .3750000000 -1.196152794
  .3800000000 -1.140076924
  .3850000000 -1.085427612
  .3900000000 -1.035486576
  .3950000000 -.9864280024
  .4000000000 -.9420066805
  .4050000000 -.8981736335
  .4100000000 -.8587419379
  .4150000000 -.8198237246
  .4200000000 -.7849224719
  .4250000000 -.7506592532
  .4300000000 -.7198868029
  .4350000000 -.6900666127
  .4400000000 -.6630660788
  .4450000000 -.6375225690
  .4500000000 -.6139693000
  .4550000000 -.5925802862
  .4600000000 -.5721691507
  .4650000000 -.5548560082
  .4700000000 -.5377280366
  .4750000000 -.5240158907
  .4800000000 -.5108828638
  .4850000000 -.5048913602
  .4900000000 -.4961459061
  .4950000000 -.4891422569
  .5000000000 -.4838734087
  .5050000000 -.4803366029
  .5100000000 -.4785332575
  .5150000000 -.4784688938
  .5200000000 -.4801530606
  .5250000000 -.4835992548
  .5300000000 -.4888248409
  .5350000000 -.4923127949
  .5400000000 -.5017641094
  .5450000000 -.5126766103
  .5500000000 -.5264300984
  .5550000000 -.5406596860
  .5600000000 -.5588232913
  .5650000000 -.5771944852
  .5700000000 -.5994288142
  .5750000000 -.6224250762
  .5800000000 -.6488081378
  .5850000000 -.6766386649
  .5900000000 -.7076107741
  .5950000000 -.7405322636
  .6000000000 -.7765852556
  .6050000000 -.8149020468
  .6100000000 -.8565900462
  .6150000000 -.9006551742
  .6200000000 -.9486051240
  .6250000000 -.9988224187
  .6300000000 -1.053745060
  .6350000000 -1.110572437
  .6400000000 -1.173274472
  .6450000000 -1.237981033
  .6500000000 -1.308626709
  .6550000000 -1.382570674
  .6600000000 -1.461426595
  .6650000000 -1.545736201
  .6700000000 -1.633517938
  .6750000000 -1.729483498
  .6800000000 -1.829647686
  .6850000000 -1.936096582
  .6900000000 -2.050312539
  .6950000000 -2.170045255
  .7000000000 -2.298301735
  .7050000000 -2.435110562
  .7100000000 -2.579153477
  .7150000000 -2.733094955
  .7200000000 -2.898055729
  .7250000000 -3.072504541
  .7300000000 -3.257271086
  .7350000000 -3.457181439
  .7400000000 -3.669888608
  .7450000000 -3.896179235
  .7500000000 -4.137316787
  .7550000000 -4.396509066
  .7600000000 -4.675420207
  .7650000000 -4.973881697
  .7700000000 -5.293780347
  .7750000000 -5.637208261
  .7800000000 -6.006482485
  .7850000000 -6.404165430
  .7900000000 -6.833086114
  .7950000000 -7.296362292
  .8000000000 -7.797423637
  .8050000000 -8.340036233
  .8100000000 -8.928328781
  .8150000000 -9.566821074
  .8200000000 -10.26045550
  .8250000000 -11.01463262
  .8300000000 -11.83525203
  .8350000000 -12.72876033
  .8400000000 -13.70220808
  .8450000000 -14.77190919
  .8500000000 -15.94177119
  .8550000000 -17.21953749
  .8600000000 -18.62831583
  .8650000000 -20.17505638
  .8700000000 -21.88050496
  .8750000000 -23.76342757
  .8800000000 -25.85328033
  .8850000000 -28.17008698
  .8900000000 -30.75564008
  .8950000000 -33.65842144
&
@ s7 color  4
@ s7 linestyle  1
@target s7
@type xy
  .4825092909 -10.000
  .4825092909  10.000
  .5317684037  10.000
  .5317684037 -10.000
&
@ s8 color  5
@ s8 linestyle  1
@ legend string 8 "(5)-(1)"
@target s8
@type xy
  .1000000000 -36.92714129
  .1050000000 -33.66006308
  .1100000000 -30.75725903
  .1150000000 -28.17168294
  .1200000000 -25.85485294
  .1250000000 -23.76497651
  .1300000000 -21.88202980
  .1350000000 -20.17655676
  .1400000000 -18.62979143
  .1450000000 -17.22098809
  .1500000000 -15.94319652
  .1550000000 -14.77330918
  .1600000000 -13.70358267
  .1650000000 -12.73010944
  .1700000000 -11.83657574
  .1750000000 -11.01593103
  .1800000000 -10.26172876
  .1850000000 -9.568069375
  .1900000000 -8.929552338
  .1950000000 -8.341235291
  .2000000000 -7.798598471
  .2050000000 -7.297513202
  .2100000000 -6.834213421
  .2150000000 -6.405269474
  .2200000000 -6.007563623
  .2250000000 -5.638266862
  .2300000000 -5.294816789
  .2350000000 -4.974896368
  .2400000000 -4.676413496
  .2450000000 -4.397481367
  .2500000000 -4.138268491
  .2550000000 -3.897110740
  .2600000000 -3.670800312
  .2650000000 -3.458073738
  .2700000000 -3.258144367
  .2750000000 -3.073359209
  .2800000000 -2.898892170
  .2850000000 -2.733913541
  .2900000000 -2.579954596
  .2950000000 -2.435894600
  .3000000000 -2.299069043
  .3050000000 -2.170796201
  .3100000000 -2.051047500
  .3150000000 -1.936815881
  .3200000000 -1.830351688
  .3250000000 -1.730172547
  .3300000000 -1.634192322
  .3350000000 -1.546396312
  .3400000000 -1.462072705
  .3450000000 -1.383203106
  .3500000000 -1.309245774
  .3550000000 -1.238586989
  .3600000000 -1.173867663
  .3650000000 -1.111153076
  .3700000000 -1.054313491
  .3750000000 -.9993788471
  .3800000000 -.9491498517
  .3850000000 -.9011884145
  .3900000000 -.8571120691
  .3950000000 -.8154130648
  .4000000000 -.7770855160
  .4050000000 -.7410219698
  .4100000000 -.7080901601
  .4150000000 -.6771079167
  .4200000000 -.6492674854
  .4250000000 -.6228746807
  .4300000000 -.5998689105
  .4350000000 -.5776252027
  .4400000000 -.5592448780
  .4450000000 -.5410722450
  .4500000000 -.5268338746
  .4550000000 -.5130717131
  .4600000000 -.5021507354
  .4650000000 -.4926910867
  .4700000000 -.4891947532
  .4750000000 -.4839611260
  .4800000000 -.4805070351
  .4850000000 -.4788151123
  .4900000000 -.4788718576
  .4950000000 -.4806677191
  .5000000000 -.4841971725
  .5050000000 -.4894587970
  .5100000000 -.4964553486
  .5150000000 -.5051938285
  .5200000000 -.5111778109
  .5250000000 -.5243042074
  .5300000000 -.5380097016
  .5350000000 -.5551313137
  .5400000000 -.5724380280
  .5450000000 -.5928429760
  .5500000000 -.6142258143
  .5550000000 -.6377730348
  .5600000000 -.6633106034
  .5650000000 -.6903052400
  .5700000000 -.7201197055
  .5750000000 -.7508864182
  .5800000000 -.7851441122
  .5850000000 -.8200397929
  .5900000000 -.8589526657
  .5950000000 -.8983789580
  .6000000000 -.9422068341
  .6050000000 -.9866229225
  .6100000000 -1.035676481
  .6150000000 -1.085612453
  .6200000000 -1.140256892
  .6250000000 -1.196327865
  .6300000000 -1.256987176
  .6350000000 -1.319908233
  .6400000000 -1.387070083
  .6450000000 -1.457671996
  .6500000000 -1.531893178
  .6550000000 -1.611138832
  .6600000000 -1.693072938
  .6650000000 -1.782052891
  .6700000000 -1.874399548
  .6750000000 -1.972407626
  .6800000000 -2.076559134
  .6850000000 -2.185120786
  .6900000000 -2.302022775
  .6950000000 -2.424959936
  .7000000000 -2.553700462
  .7050000000 -2.692879854
  .7100000000 -2.839208810
  .7150000000 -2.993155816
  .7200000000 -3.158691230
  .7250000000 -3.334241105
  .7300000000 -3.519765801
  .7350000000 -3.716603016
  .7400000000 -3.928777586
  .7450000000 -4.153999986
  .7500000000 -4.393465523
  .7550000000 -4.648506292
  .7600000000 -4.921874060
  .7650000000 -5.215978428
  .7700000000 -5.530638699
  .7750000000 -5.867904888
  .7800000000 -6.230076754
  .7850000000 -6.619737162
  .7900000000 -7.039789198
  .7950000000 -7.493497066
  .8000000000 -7.984530884
  .8050000000 -8.517015476
  .8100000000 -9.095583324
  .8150000000 -9.725431924
  .8200000000 -10.41238585
  .8250000000 -11.16296405
  .8300000000 -11.98445285
  .8350000000 -12.88498582
  .8400000000 -13.88045123
  .8450000000 -14.98020709
  .8500000000 -16.19256411
  .8550000000 -17.53522417
  .8600000000 -19.03530388
  .8650000000 -20.69575088
  .8700000000 -22.56279322
  .8750000000 -24.63931090
  .8800000000 -26.98437566
  .8850000000 -29.61626029
  .8900000000 -32.58133886
  .8950000000 -35.93620518
&
@ s9 color  5
@ s9 linestyle  1
@target s9
@type xy
  .4682315962 -10.000
  .4682315962  10.000
  .5174907090  10.000
  .5174907090 -10.000
&
@ s10 color  1
@ s10 linestyle  2
@ legend string 10 "(6)-(2)"
@target s10
@type xy
  .1000000000 -36.92749673
  .1050000000 -33.66041375
  .1100000000 -30.75760490
  .1150000000 -28.17202394
  .1200000000 -25.85518901
  .1250000000 -23.76530757
  .1300000000 -21.88235574
  .1350000000 -20.17687752
  .1400000000 -18.63010694
  .1450000000 -17.22129829
  .1500000000 -15.94350134
  .1550000000 -14.77360862
  .1600000000 -13.70387670
  .1650000000 -12.73039805
  .1700000000 -11.83685893
  .1750000000 -11.01620883
  .1800000000 -10.26200121
  .1850000000 -9.568336498
  .1900000000 -8.929814183
  .1950000000 -8.341491910
  .2000000000 -7.798849921
  .2050000000 -7.297759545
  .2100000000 -6.834454725
  .2150000000 -6.405505812
  .2200000000 -6.007795069
  .2250000000 -5.638493495
  .2300000000 -5.295038689
  .2350000000 -4.975113617
  .2400000000 -4.676626178
  .2450000000 -4.397689565
  .2500000000 -4.138472289
  .2550000000 -3.897310222
  .2600000000 -3.670995565
  .2650000000 -3.458264844
  .2700000000 -3.258331410
  .2750000000 -3.073542275
  .2800000000 -2.899071341
  .2850000000 -2.734088897
  .2900000000 -2.580126219
  .2950000000 -2.436062573
  .3000000000 -2.299233441
  .3050000000 -2.170957104
  .3100000000 -2.051204987
  .3150000000 -1.936970021
  .3200000000 -1.830502561
  .3250000000 -1.730320224
  .3300000000 -1.634336866
  .3350000000 -1.546537807
  .3400000000 -1.462211208
  .3450000000 -1.383338687
  .3500000000 -1.309378499
  .3550000000 -1.238716913
  .3600000000 -1.173994860
  .3650000000 -1.111277592
  .3700000000 -1.054435399
  .3750000000 -.9994981903
  .3800000000 -.9492666950
  .3850000000 -.9013028034
  .3900000000 -.8572240611
  .3950000000 -.8155227052
  .4000000000 -.7771928575
  .4050000000 -.7411270556
  .4100000000 -.7081930400
  .4150000000 -.6772086301
  .4200000000 -.6493660811
  .4250000000 -.6229711930
  .4300000000 -.5999633888
  .4350000000 -.5777176744
  .4400000000 -.5593353951
  .4450000000 -.5411608295
  .4500000000 -.5269205770
  .4550000000 -.5131565567
  .4600000000 -.5022337603
  .4650000000 -.4927723225
  .4700000000 -.4892742496
  .4750000000 -.4840389043
  .4800000000 -.4805831261
  .4850000000 -.4788895463
  .4900000000 -.4789446639
  .4950000000 -.4807389266
  .5000000000 -.4842668092
  .5050000000 -.4895268903
  .5100000000 -.4965219253
  .5150000000 -.5052589149
  .5200000000 -.5112413293
  .5250000000 -.5243663011
  .5300000000 -.5380703662
  .5350000000 -.5551906144
  .5400000000 -.5724959499
  .5450000000 -.5928995720
  .5500000000 -.6142810874
  .5550000000 -.6378270126
  .5600000000 -.6633633092
  .5650000000 -.6903566835
  .5700000000 -.7201699239
  .5750000000 -.7509354089
  .5800000000 -.7851919210
  .5850000000 -.8200864097
  .5900000000 -.8589981402
  .5950000000 -.8984232769
  .6000000000 -.9422500471
  .6050000000 -.9866650164
  .6100000000 -1.035717503
  .6150000000 -1.085652391
  .6200000000 -1.140295789
  .6250000000 -1.196365714
  .6300000000 -1.257024012
  .6350000000 -1.319944057
  .6400000000 -1.387104919
  .6450000000 -1.457705855
  .6500000000 -1.531926072
  .6550000000 -1.611170782
  .6600000000 -1.693103944
  .6650000000 -1.782082987
  .6700000000 -1.874428734
  .6750000000 -1.972435919
  .6800000000 -2.076586550
  .6850000000 -2.185147328
  .6900000000 -2.302048468
  .6950000000 -2.424984789
  .7000000000 -2.553724480
  .7050000000 -2.692903062
  .7100000000 -2.839231217
  .7150000000 -2.993177428
  .7200000000 -3.158712068
  .7250000000 -3.334261180
  .7300000000 -3.519785122
  .7350000000 -3.716621595
  .7400000000 -3.928795442
  .7450000000 -4.154017128
  .7500000000 -4.393481963
  .7550000000 -4.648522040
  .7600000000 -4.921889130
  .7650000000 -5.215992833
  .7700000000 -5.530652450
  .7750000000 -5.867917996
  .7800000000 -6.230089228
  .7850000000 -6.619749013
  .7900000000 -7.039800435
  .7950000000 -7.493507699
  .8000000000 -7.984540922
  .8050000000 -8.517024927
  .8100000000 -9.095592196
  .8150000000 -9.725440224
  .8200000000 -10.41239359
  .8250000000 -11.16297122
  .8300000000 -11.98445948
  .8350000000 -12.88499189
  .8400000000 -13.88045676
  .8450000000 -14.98021209
  .8500000000 -16.19256857
  .8550000000 -17.53522811
  .8600000000 -19.03530729
  .8650000000 -20.69575377
  .8700000000 -22.56279560
  .8750000000 -24.63931277
  .8800000000 -26.98437703
  .8850000000 -29.61626116
  .8900000000 -32.58133924
  .8950000000 -35.93620507
&
@ s11 color  1
@ s11 linestyle  2
@target s11
@type xy
  .4682315962 -10.000
  .4682315962  10.000
  .5174907090  10.000
  .5174907090 -10.000
&
@ s12 color  2
@ s12 linestyle  2
@ legend string 12 "(7)-(3)"
@target s12
@type xy
  .1000000000 -36.92566999
  .1050000000 -33.65861179
  .1100000000 -30.75582786
  .1150000000 -28.17027216
  .1200000000 -25.85346286
  .1250000000 -23.76360742
  .1300000000 -21.88068206
  .1350000000 -20.17523070
  .1400000000 -18.62848732
  .1450000000 -17.21970612
  .1500000000 -15.94193693
  .1550000000 -14.77207202
  .1600000000 -13.70236800
  .1650000000 -12.72891731
  .1700000000 -11.83540609
  .1750000000 -11.01478377
  .1800000000 -10.26060375
  .1850000000 -9.566966442
  .1900000000 -8.928471293
  .1950000000 -8.340175915
  .2000000000 -7.797560519
  .2050000000 -7.296496407
  .2100000000 -6.833217498
  .2150000000 -6.404294122
  .2200000000 -6.006608526
  .2250000000 -5.637331692
  .2300000000 -5.293901211
  .2350000000 -4.974000040
  .2400000000 -4.675536072
  .2450000000 -4.396622499
  .2500000000 -4.137427833
  .2550000000 -3.896287939
  .2600000000 -3.669995016
  .2650000000 -3.457285598
  .2700000000 -3.257373040
  .2750000000 -3.072604336
  .2800000000 -2.898153411
  .2850000000 -2.733190566
  .2900000000 -2.579247062
  .2950000000 -2.435202166
  .3000000000 -2.298391398
  .3050000000 -2.170133021
  .3100000000 -2.050398451
  .3150000000 -1.936180677
  .3200000000 -1.829730007
  .3250000000 -1.729564086
  .3300000000 -1.633596825
  .3350000000 -1.545813433
  .3400000000 -1.461502203
  .3450000000 -1.382644697
  .3500000000 -1.308699181
  .3550000000 -1.238051985
  .3600000000 -1.173343944
  .3650000000 -1.110640454
  .3700000000 -1.053811662
  .3750000000 -.9988876292
  .3800000000 -.9486689781
  .3850000000 -.9007176967
  .3900000000 -.8566512684
  .3950000000 -.8149619935
  .4000000000 -.7766439554
  .4050000000 -.7405897403
  .4100000000 -.7076670548
  .4150000000 -.6766937712
  .4200000000 -.6488620965
  .4250000000 -.6224779062
  .4300000000 -.5994805428
  .4350000000 -.5772451276
  .4400000000 -.5588728768
  .4450000000 -.5407082264
  .4500000000 -.5264776231
  .4550000000 -.5127231321
  .4600000000 -.5018096521
  .4650000000 -.4923573757
  .4700000000 -.4888684071
  .4750000000 -.4836418872
  .4800000000 -.4801947759
  .4850000000 -.4785097083
  .4900000000 -.4785731870
  .4950000000 -.4803756630
  .5000000000 -.4839116145
  .5050000000 -.4891796233
  .5100000000 -.4961824476
  .5150000000 -.5049270912
  .5200000000 -.5109176878
  .5250000000 -.5240499499
  .5300000000 -.5377613282
  .5350000000 -.5548885639
  .5400000000 -.5722009626
  .5450000000 -.5926113810
  .5500000000 -.6139996787
  .5550000000 -.6375522460
  .5600000000 -.6630950660
  .5650000000 -.6900949151
  .5700000000 -.7199144402
  .5750000000 -.7506862237
  .5800000000 -.7849488002
  .5850000000 -.8198494051
  .5900000000 -.8587669973
  .5950000000 -.8981980645
  .6000000000 -.9420305101
  .6050000000 -.9864512233
  .6100000000 -1.035509214
  .6150000000 -1.085449661
  .6200000000 -1.140098406
  .6250000000 -1.196173706
  .6300000000 -1.256837209
  .6350000000 -1.319762448
  .6400000000 -1.386928384
  .6450000000 -1.457534338
  .6500000000 -1.531759511
  .6550000000 -1.611009067
  .6600000000 -1.692947075
  .6650000000 -1.781930796
  .6700000000 -1.874281218
  .6750000000 -1.972292990
  .6800000000 -2.076448127
  .6850000000 -2.185013392
  .6900000000 -2.301918892
  .6950000000 -2.424859530
  .7000000000 -2.553603509
  .7050000000 -2.692786246
  .7100000000 -2.839118520
  .7150000000 -2.993068810
  .7200000000 -3.158607421
  .7250000000 -3.334160444
  .7300000000 -3.519688251
  .7350000000 -3.716528528
  .7400000000 -3.928706077
  .7450000000 -4.153931413
  .7500000000 -4.393399842
  .7550000000 -4.648443456
  .7600000000 -4.921814011
  .7650000000 -5.215921103
  .7700000000 -5.530584054
  .7750000000 -5.867852879
  .7800000000 -6.230027335
  .7850000000 -6.619690291
  .7900000000 -7.039744831
  .7950000000 -7.493455163
  .8000000000 -7.984491407
  .8050000000 -8.516978387
  .8100000000 -9.095548589
  .8150000000 -9.725399511
  .8200000000 -10.41235573
  .8250000000 -11.16293619
  .8300000000 -11.98442725
  .8350000000 -12.88496243
  .8400000000 -13.88043004
  .8450000000 -14.98018808
  .8500000000 -16.19254725
  .8550000000 -17.53520946
  .8600000000 -19.03529128
  .8650000000 -20.69574038
  .8700000000 -22.56278480
  .8750000000 -24.63930454
  .8800000000 -26.98437133
  .8850000000 -29.61625797
  .8900000000 -32.58133852
  .8950000000 -35.93620678
&
@ s13 color  2
@ s13 linestyle  2
@target s13
@type xy
  .4682315962 -10.000
  .4682315962  10.000
  .5174907090  10.000
  .5174907090 -10.000
&
@ s14 color  3
@ s14 linestyle  2
@ legend string 14 "(8)-(4)"
@target s14
@type xy
  .1000000000 -36.92547708
  .1050000000 -33.65842144
  .1100000000 -30.75564008
  .1150000000 -28.17008698
  .1200000000 -25.85328033
  .1250000000 -23.76342757
  .1300000000 -21.88050496
  .1350000000 -20.17505638
  .1400000000 -18.62831583
  .1450000000 -17.21953749
  .1500000000 -15.94177119
  .1550000000 -14.77190919
  .1600000000 -13.70220808
  .1650000000 -12.72876033
  .1700000000 -11.83525203
  .1750000000 -11.01463262
  .1800000000 -10.26045550
  .1850000000 -9.566821074
  .1900000000 -8.928328781
  .1950000000 -8.340036233
  .2000000000 -7.797423637
  .2050000000 -7.296362292
  .2100000000 -6.833086114
  .2150000000 -6.404165430
  .2200000000 -6.006482485
  .2250000000 -5.637208261
  .2300000000 -5.293780347
  .2350000000 -4.973881697
  .2400000000 -4.675420207
  .2450000000 -4.396509066
  .2500000000 -4.137316787
  .2550000000 -3.896179235
  .2600000000 -3.669888608
  .2650000000 -3.457181439
  .2700000000 -3.257271086
  .2750000000 -3.072504541
  .2800000000 -2.898055729
  .2850000000 -2.733094955
  .2900000000 -2.579153477
  .2950000000 -2.435110562
  .3000000000 -2.298301735
  .3050000000 -2.170045255
  .3100000000 -2.050312539
  .3150000000 -1.936096582
  .3200000000 -1.829647686
  .3250000000 -1.729483498
  .3300000000 -1.633517938
  .3350000000 -1.545736201
  .3400000000 -1.461426595
  .3450000000 -1.382570674
  .3500000000 -1.308626709
  .3550000000 -1.237981033
  .3600000000 -1.173274472
  .3650000000 -1.110572437
  .3700000000 -1.053745060
  .3750000000 -.9988224187
  .3800000000 -.9486051240
  .3850000000 -.9006551742
  .3900000000 -.8565900462
  .3950000000 -.8149020468
  .4000000000 -.7765852556
  .4050000000 -.7405322636
  .4100000000 -.7076107741
  .4150000000 -.6766386649
  .4200000000 -.6488081378
  .4250000000 -.6224250762
  .4300000000 -.5994288142
  .4350000000 -.5771944852
  .4400000000 -.5588232913
  .4450000000 -.5406596860
  .4500000000 -.5264300984
  .4550000000 -.5126766103
  .4600000000 -.5017641094
  .4650000000 -.4923127949
  .4700000000 -.4888248409
  .4750000000 -.4835992548
  .4800000000 -.4801530606
  .4850000000 -.4784688938
  .4900000000 -.4785332575
  .4950000000 -.4803366029
  .5000000000 -.4838734087
  .5050000000 -.4891422569
  .5100000000 -.4961459061
  .5150000000 -.5048913602
  .5200000000 -.5108828638
  .5250000000 -.5240158907
  .5300000000 -.5377280366
  .5350000000 -.5548560082
  .5400000000 -.5721691507
  .5450000000 -.5925802862
  .5500000000 -.6139693000
  .5550000000 -.6375225690
  .5600000000 -.6630660788
  .5650000000 -.6900666127
  .5700000000 -.7198868029
  .5750000000 -.7506592532
  .5800000000 -.7849224719
  .5850000000 -.8198237246
  .5900000000 -.8587419379
  .5950000000 -.8981736335
  .6000000000 -.9420066805
  .6050000000 -.9864280024
  .6100000000 -1.035486576
  .6150000000 -1.085427612
  .6200000000 -1.140076924
  .6250000000 -1.196152794
  .6300000000 -1.256816848
  .6350000000 -1.319742638
  .6400000000 -1.386909111
  .6450000000 -1.457515596
  .6500000000 -1.531741294
  .6550000000 -1.610991363
  .6600000000 -1.692929885
  .6650000000 -1.781914101
  .6700000000 -1.874265017
  .6750000000 -1.972277276
  .6800000000 -2.076432889
  .6850000000 -2.184998629
  .6900000000 -2.301904590
  .6950000000 -2.424845686
  .7000000000 -2.553590119
  .7050000000 -2.692773296
  .7100000000 -2.839106007
  .7150000000 -2.993056729
  .7200000000 -3.158595762
  .7250000000 -3.334149201
  .7300000000 -3.519677419
  .7350000000 -3.716518102
  .7400000000 -3.928696045
  .7450000000 -4.153921771
  .7500000000 -4.393390586
  .7550000000 -4.648434578
  .7600000000 -4.921805505
  .7650000000 -5.215912963
  .7700000000 -5.530576273
  .7750000000 -5.867845452
  .7800000000 -6.230020257
  .7850000000 -6.619683557
  .7900000000 -7.039738437
  .7950000000 -7.493449103
  .8000000000 -7.984485676
  .8050000000 -8.516972982
  .8100000000 -9.095543505
  .8150000000 -9.725394745
  .8200000000 -10.41235128
  .8250000000 -11.16293205
  .8300000000 -11.98442341
  .8350000000 -12.88495891
  .8400000000 -13.88042682
  .8450000000 -14.98018515
  .8500000000 -16.19254462
  .8550000000 -17.53520712
  .8600000000 -19.03528924
  .8650000000 -20.69573863
  .8700000000 -22.56278334
  .8750000000 -24.63930336
  .8800000000 -26.98437043
  .8850000000 -29.61625735
  .8900000000 -32.58133818
  .8950000000 -35.93620671
&
@ s15 color  3
@ s15 linestyle  2
@target s15
@type xy
  .4682315962 -10.000
  .4682315962  10.000
  .5174907090  10.000
  .5174907090 -10.000
&
