   1    1   -1    0    0    1.236395
   1    1    1    0    0    1.236395
   1    1   -1    1    0    1.248038
   1    1    0   -1    0    1.247165
   1    1    0    1    0    1.247165
   1    1    1   -1    0    1.248038
   1    1   -2    1    0   -0.017359
   1    1   -1   -1    0   -0.017434
   1    1    1    1    0   -0.017434
   1    1    2   -1    0   -0.017359
   1    1   -1    2    0   -0.051560
   1    1    1   -2    0   -0.051560
   1    1   -2    0    0   -0.181318
   1    1    2    0    0   -0.181318
   1    1   -2    2    0   -0.182871
   1    1    0   -2    0   -0.182902
   1    1    0    2    0   -0.182902
   1    1    2   -2    0   -0.182871
   1    1   -3    1    0   -0.025175
   1    1   -2   -1    0   -0.025152
   1    1    2    1    0   -0.025152
   1    1    3   -1    0   -0.025175
   1    1   -3    2    0   -0.021818
   1    1   -1   -2    0   -0.021806
   1    1    1    2    0   -0.021806
   1    1    3   -2    0   -0.021818
   1    1   -2    3    0   -0.026389
   1    1   -1    3    0   -0.026418
   1    1    1   -3    0   -0.026418
   1    1    2   -3    0   -0.026389
   1    1   -3    0    0    0.001526
   1    1    3    0    0    0.001526