# ACE/gr parameter file
#
@    version 50122
@    world xmin 0.25
@    world xmax 0.75
@    title font 5
@    xaxis  tick major 0.1
@    xaxis  tick minor 0.02
@    xaxis  label "(r-r\s1\N)/d"
@    xaxis  label font 5
@    xaxis  label char size 1.2
@    xaxis  ticklabel font 4
@    xaxis  ticklabel char size 1
@    yaxis  tick major .1
@    yaxis  tick minor .02
@    yaxis  label font 4
@    yaxis  label char size 1.2
@    yaxis  ticklabel font 5
@    yaxis  ticklabel char size 1
@    title "density between neighbors"
@    yaxis  label "n(r) (electrons/bohr\S3\N)"
@    world ymin .0
@    world ymax .2
@    yaxis  tick major .05
@    yaxis  tick minor 0.01
@ s0 color  1
@ s0 linestyle  1
@ legend string 0 "(1)-(2)"
@target s0
@type xy
  .1000000000  .0004559580
  .1050000000  .0001973922
  .1100000000  .0000442165
  .1150000000 -.0000186064
  .1200000000 -.0000069751
  .1250000000  .0000658935
  .1300000000  .0001781568
  .1350000000  .0003206253
  .1400000000  .0004784139
  .1450000000  .0006440917
  .1500000000  .0008086171
  .1550000000  .0009665674
  .1600000000  .0011134272
  .1650000000  .0012467691
  .1700000000  .0013648123
  .1750000000  .0014661472
  .1800000000  .0015494669
  .1850000000  .0016162776
  .1900000000  .0016671816
  .1950000000  .0017030738
  .2000000000  .0017250600
  .2050000000  .0017343830
  .2100000000  .0017323581
  .2150000000  .0017203177
  .2200000000  .0016995677
  .2250000000  .0016713520
  .2300000000  .0016365230
  .2350000000  .0015958027
  .2400000000  .0015509618
  .2450000000  .0015028912
  .2500000000  .0014523558
  .2550000000  .0014000008
  .2600000000  .0013459713
  .2650000000  .0012911401
  .2700000000  .0012362086
  .2750000000  .0011814431
  .2800000000  .0011269897
  .2850000000  .0010733393
  .2900000000  .0010206717
  .2950000000  .0009690970
  .3000000000  .0009190178
  .3050000000  .0008702600
  .3100000000  .0008229485
  .3150000000  .0007775287
  .3200000000  .0007334533
  .3250000000  .0006911819
  .3300000000  .0006506822
  .3350000000  .0006113775
  .3400000000  .0005744419
  .3450000000  .0005386255
  .3500000000  .0005045992
  .3550000000  .0004721297
  .3600000000  .0004409116
  .3650000000  .0004115911
  .3700000000  .0003830585
  .3750000000  .0003566534
  .3800000000  .0003308211
  .3850000000  .0003069255
  .3900000000  .0002836164
  .3950000000  .0002620007
  .4000000000  .0002409676
  .4050000000  .0002214714
  .4100000000  .0002024759
  .4150000000  .0001849399
  .4200000000  .0001677584
  .4250000000  .0001520276
  .4300000000  .0001364808
  .4350000000  .0001223797
  .4400000000  .0001084662
  .4450000000  .0000956692
  .4500000000  .0000832510
  .4550000000  .0000715983
  .4600000000  .0000605463
  .4650000000  .0000498986
  .4700000000  .0000400939
  .4750000000  .0000303930
  .4800000000  .0000193544
  .4850000000  .0000108288
  .4900000000  .0000028284
  .4950000000 -.0000046707
  .5000000000 -.0000116909
  .5050000000 -.0000182532
  .5100000000 -.0000243771
  .5150000000 -.0000300807
  .5200000000 -.0000353806
  .5250000000 -.0000429794
  .5300000000 -.0000469590
  .5350000000 -.0000509813
  .5400000000 -.0000544598
  .5450000000 -.0000577472
  .5500000000 -.0000607471
  .5550000000 -.0000633508
  .5600000000 -.0000658445
  .5650000000 -.0000678001
  .5700000000 -.0000697644
  .5750000000 -.0000710935
  .5800000000 -.0000724384
  .5850000000 -.0000732174
  .5900000000 -.0000739384
  .5950000000 -.0000741434
  .6000000000 -.0000742392
  .6050000000 -.0000738280
  .6100000000 -.0000732876
  .6150000000 -.0000722114
  .6200000000 -.0000710157
  .6250000000 -.0000692187
  .6300000000 -.0000673162
  .6350000000 -.0000647602
  .6400000000 -.0000620294
  .6450000000 -.0000587341
  .6500000000 -.0000551028
  .6550000000 -.0000510295
  .6600000000 -.0000464218
  .6650000000 -.0000415298
  .6700000000 -.0000358697
  .6750000000 -.0000298814
  .6800000000 -.0000233344
  .6850000000 -.0000161784
  .6900000000 -.0000086116
  .6950000000 -.0000003401
  .7000000000  .0000084746
  .7050000000  .0000177660
  .7100000000  .0000277636
  .7150000000  .0000383097
  .7200000000  .0000493534
  .7250000000  .0000609758
  .7300000000  .0000731567
  .7350000000  .0000857733
  .7400000000  .0000988096
  .7450000000  .0001122360
  .7500000000  .0001259395
  .7550000000  .0001398200
  .7600000000  .0001537834
  .7650000000  .0001677093
  .7700000000  .0001814482
  .7750000000  .0001947229
  .7800000000  .0002073495
  .7850000000  .0002191344
  .7900000000  .0002298205
  .7950000000  .0002391248
  .8000000000  .0002467421
  .8050000000  .0002523528
  .8100000000  .0002556311
  .8150000000  .0002562566
  .8200000000  .0002539278
  .8250000000  .0002483778
  .8300000000  .0002390755
  .8350000000  .0002260777
  .8400000000  .0002094457
  .8450000000  .0001892837
  .8500000000  .0001656694
  .8550000000  .0001390902
  .8600000000  .0001104855
  .8650000000  .0000809067
  .8700000000  .0000517433
  .8750000000  .0000252362
  .8800000000  .0000031795
  .8850000000 -.0000108182
  .8900000000 -.0000141289
  .8950000000 -.0000037021
&
@ s1 color  1
@ s1 linestyle  1
@target s1
@type xy
  .4753377083 -10.000
  .4753377083  10.000
  .5246622916  10.000
  .5246622916 -10.000
&
@ s2 color  2
@ s2 linestyle  1
@ legend string 2 "(2)-(1)"
@target s2
@type xy
  .1000000000  .0000234778
  .1050000000 -.0000037021
  .1100000000 -.0000141289
  .1150000000 -.0000108182
  .1200000000  .0000031795
  .1250000000  .0000252362
  .1300000000  .0000517433
  .1350000000  .0000809067
  .1400000000  .0001104855
  .1450000000  .0001390902
  .1500000000  .0001656694
  .1550000000  .0001892837
  .1600000000  .0002094457
  .1650000000  .0002260777
  .1700000000  .0002390755
  .1750000000  .0002483778
  .1800000000  .0002539278
  .1850000000  .0002562566
  .1900000000  .0002556311
  .1950000000  .0002523528
  .2000000000  .0002467421
  .2050000000  .0002391248
  .2100000000  .0002298205
  .2150000000  .0002191344
  .2200000000  .0002073495
  .2250000000  .0001947229
  .2300000000  .0001814482
  .2350000000  .0001677093
  .2400000000  .0001537834
  .2450000000  .0001398200
  .2500000000  .0001259395
  .2550000000  .0001122360
  .2600000000  .0000988096
  .2650000000  .0000857733
  .2700000000  .0000731567
  .2750000000  .0000609758
  .2800000000  .0000493534
  .2850000000  .0000383097
  .2900000000  .0000277636
  .2950000000  .0000177660
  .3000000000  .0000084746
  .3050000000 -.0000003401
  .3100000000 -.0000086116
  .3150000000 -.0000161784
  .3200000000 -.0000233344
  .3250000000 -.0000298814
  .3300000000 -.0000358697
  .3350000000 -.0000415298
  .3400000000 -.0000464218
  .3450000000 -.0000510295
  .3500000000 -.0000551028
  .3550000000 -.0000587341
  .3600000000 -.0000620294
  .3650000000 -.0000647602
  .3700000000 -.0000673162
  .3750000000 -.0000692187
  .3800000000 -.0000710157
  .3850000000 -.0000722114
  .3900000000 -.0000732876
  .3950000000 -.0000738280
  .4000000000 -.0000742392
  .4050000000 -.0000741434
  .4100000000 -.0000739384
  .4150000000 -.0000732174
  .4200000000 -.0000724384
  .4250000000 -.0000710935
  .4300000000 -.0000697644
  .4350000000 -.0000678001
  .4400000000 -.0000658445
  .4450000000 -.0000633508
  .4500000000 -.0000607471
  .4550000000 -.0000577472
  .4600000000 -.0000544598
  .4650000000 -.0000509813
  .4700000000 -.0000469590
  .4750000000 -.0000429794
  .4800000000 -.0000353806
  .4850000000 -.0000300807
  .4900000000 -.0000243771
  .4950000000 -.0000182532
  .5000000000 -.0000116909
  .5050000000 -.0000046707
  .5100000000  .0000028284
  .5150000000  .0000108288
  .5200000000  .0000193544
  .5250000000  .0000303930
  .5300000000  .0000400939
  .5350000000  .0000498986
  .5400000000  .0000605463
  .5450000000  .0000715983
  .5500000000  .0000832510
  .5550000000  .0000956692
  .5600000000  .0001084662
  .5650000000  .0001223797
  .5700000000  .0001364808
  .5750000000  .0001520276
  .5800000000  .0001677584
  .5850000000  .0001849399
  .5900000000  .0002024759
  .5950000000  .0002214714
  .6000000000  .0002409676
  .6050000000  .0002620007
  .6100000000  .0002836164
  .6150000000  .0003069255
  .6200000000  .0003308211
  .6250000000  .0003566534
  .6300000000  .0003830585
  .6350000000  .0004115911
  .6400000000  .0004409116
  .6450000000  .0004721297
  .6500000000  .0005045992
  .6550000000  .0005386255
  .6600000000  .0005744419
  .6650000000  .0006113775
  .6700000000  .0006506822
  .6750000000  .0006911819
  .6800000000  .0007334533
  .6850000000  .0007775287
  .6900000000  .0008229485
  .6950000000  .0008702600
  .7000000000  .0009190178
  .7050000000  .0009690970
  .7100000000  .0010206717
  .7150000000  .0010733393
  .7200000000  .0011269897
  .7250000000  .0011814431
  .7300000000  .0012362086
  .7350000000  .0012911401
  .7400000000  .0013459713
  .7450000000  .0014000008
  .7500000000  .0014523558
  .7550000000  .0015028912
  .7600000000  .0015509618
  .7650000000  .0015958027
  .7700000000  .0016365230
  .7750000000  .0016713520
  .7800000000  .0016995677
  .7850000000  .0017203177
  .7900000000  .0017323581
  .7950000000  .0017343830
  .8000000000  .0017250600
  .8050000000  .0017030738
  .8100000000  .0016671816
  .8150000000  .0016162776
  .8200000000  .0015494669
  .8250000000  .0014661472
  .8300000000  .0013648123
  .8350000000  .0012467691
  .8400000000  .0011134272
  .8450000000  .0009665674
  .8500000000  .0008086171
  .8550000000  .0006440917
  .8600000000  .0004784139
  .8650000000  .0003206253
  .8700000000  .0001781568
  .8750000000  .0000658935
  .8800000000 -.0000069751
  .8850000000 -.0000186064
  .8900000000  .0000442165
  .8950000000  .0001973922
&
@ s3 color  2
@ s3 linestyle  1
@target s3
@type xy
  .4753377083 -10.000
  .4753377083  10.000
  .5246622916  10.000
  .5246622916 -10.000
&
@ s4 color  3
@ s4 linestyle  1
@ legend string 4 "(3)-(3)"
@target s4
@type xy
  .1000000000  .0000287270
  .1050000000  .0000106259
  .1100000000 -.0000023906
  .1150000000 -.0000105290
  .1200000000 -.0000142791
  .1250000000 -.0000141174
  .1300000000 -.0000105292
  .1350000000 -.0000045198
  .1400000000  .0000036758
  .1450000000  .0000131201
  .1500000000  .0000234338
  .1550000000  .0000341355
  .1600000000  .0000447892
  .1650000000  .0000551084
  .1700000000  .0000647858
  .1750000000  .0000736543
  .1800000000  .0000815886
  .1850000000  .0000885030
  .1900000000  .0000943509
  .1950000000  .0000991203
  .2000000000  .0001028280
  .2050000000  .0001055149
  .2100000000  .0001072397
  .2150000000  .0001080742
  .2200000000  .0001080983
  .2250000000  .0001073957
  .2300000000  .0001060507
  .2350000000  .0001041448
  .2400000000  .0001017380
  .2450000000  .0000988303
  .2500000000  .0000955938
  .2550000000  .0000920904
  .2600000000  .0000883737
  .2650000000  .0000844667
  .2700000000  .0000803860
  .2750000000  .0000762423
  .2800000000  .0000720605
  .2850000000  .0000678409
  .2900000000  .0000636290
  .2950000000  .0000594599
  .3000000000  .0000553386
  .3050000000  .0000512941
  .3100000000  .0000473325
  .3150000000  .0000434662
  .3200000000  .0000397215
  .3250000000  .0000360708
  .3300000000  .0000325631
  .3350000000  .0000291743
  .3400000000  .0000258949
  .3450000000  .0000227826
  .3500000000  .0000197552
  .3550000000  .0000169055
  .3600000000  .0000141518
  .3650000000  .0000115406
  .3700000000  .0000090537
  .3750000000  .0000066771
  .3800000000  .0000044454
  .3850000000  .0000022974
  .3900000000  .0000003065
  .3950000000 -.0000016200
  .4000000000 -.0000033862
  .4050000000 -.0000050991
  .4100000000 -.0000066572
  .4150000000 -.0000081646
  .4200000000 -.0000095309
  .4250000000 -.0000108408
  .4300000000 -.0000120313
  .4350000000 -.0000131511
  .4400000000 -.0000141808
  .4450000000 -.0000151170
  .4500000000 -.0000160002
  .4550000000 -.0000167583
  .4600000000 -.0000175080
  .4650000000 -.0000180926
  .4700000000 -.0000186704
  .4750000000 -.0000184418
  .4800000000 -.0000188243
  .4850000000 -.0000191207
  .4900000000 -.0000193319
  .4950000000 -.0000194584
  .5000000000 -.0000195005
  .5050000000 -.0000194584
  .5100000000 -.0000193319
  .5150000000 -.0000191207
  .5200000000 -.0000188243
  .5250000000 -.0000184418
  .5300000000 -.0000186704
  .5350000000 -.0000180926
  .5400000000 -.0000175080
  .5450000000 -.0000167583
  .5500000000 -.0000160002
  .5550000000 -.0000151170
  .5600000000 -.0000141808
  .5650000000 -.0000131511
  .5700000000 -.0000120313
  .5750000000 -.0000108408
  .5800000000 -.0000095309
  .5850000000 -.0000081646
  .5900000000 -.0000066572
  .5950000000 -.0000050991
  .6000000000 -.0000033862
  .6050000000 -.0000016200
  .6100000000  .0000003065
  .6150000000  .0000022974
  .6200000000  .0000044454
  .6250000000  .0000066771
  .6300000000  .0000090537
  .6350000000  .0000115406
  .6400000000  .0000141518
  .6450000000  .0000169055
  .6500000000  .0000197552
  .6550000000  .0000227826
  .6600000000  .0000258949
  .6650000000  .0000291743
  .6700000000  .0000325631
  .6750000000  .0000360708
  .6800000000  .0000397215
  .6850000000  .0000434662
  .6900000000  .0000473325
  .6950000000  .0000512941
  .7000000000  .0000553386
  .7050000000  .0000594599
  .7100000000  .0000636290
  .7150000000  .0000678409
  .7200000000  .0000720605
  .7250000000  .0000762423
  .7300000000  .0000803860
  .7350000000  .0000844667
  .7400000000  .0000883737
  .7450000000  .0000920904
  .7500000000  .0000955938
  .7550000000  .0000988303
  .7600000000  .0001017380
  .7650000000  .0001041448
  .7700000000  .0001060507
  .7750000000  .0001073957
  .7800000000  .0001080983
  .7850000000  .0001080742
  .7900000000  .0001072397
  .7950000000  .0001055149
  .8000000000  .0001028280
  .8050000000  .0000991203
  .8100000000  .0000943509
  .8150000000  .0000885030
  .8200000000  .0000815886
  .8250000000  .0000736543
  .8300000000  .0000647858
  .8350000000  .0000551084
  .8400000000  .0000447892
  .8450000000  .0000341355
  .8500000000  .0000234338
  .8550000000  .0000131201
  .8600000000  .0000036758
  .8650000000 -.0000045198
  .8700000000 -.0000105292
  .8750000000 -.0000141174
  .8800000000 -.0000142791
  .8850000000 -.0000105290
  .8900000000 -.0000023906
  .8950000000  .0000106259
&
@ s5 color  3
@ s5 linestyle  1
@target s5
@type xy
  .4716605719 -10.000
  .4716605719  10.000
  .5283394280  10.000
  .5283394280 -10.000
&
@ s6 color  4
@ s6 linestyle  1
@ legend string 6 "(4)-(4)"
@target s6
@type xy
  .1000000000  .0000623562
  .1050000000  .0000266120
  .1100000000  .0000060195
  .1150000000 -.0000016481
  .1200000000  .0000010654
  .1250000000  .0000120172
  .1300000000  .0000292214
  .1350000000  .0000501191
  .1400000000  .0000736471
  .1450000000  .0000979855
  .1500000000  .0001222079
  .1550000000  .0001454335
  .1600000000  .0001670859
  .1650000000  .0001867656
  .1700000000  .0002039289
  .1750000000  .0002186292
  .1800000000  .0002308309
  .1850000000  .0002405575
  .1900000000  .0002478934
  .1950000000  .0002529712
  .2000000000  .0002559584
  .2050000000  .0002570459
  .2100000000  .0002564375
  .2150000000  .0002543404
  .2200000000  .0002509583
  .2250000000  .0002464855
  .2300000000  .0002411022
  .2350000000  .0002349726
  .2400000000  .0002282204
  .2450000000  .0002208945
  .2500000000  .0002132528
  .2550000000  .0002053933
  .2600000000  .0001973963
  .2650000000  .0001893099
  .2700000000  .0001811932
  .2750000000  .0001731557
  .2800000000  .0001652233
  .2850000000  .0001574293
  .2900000000  .0001498301
  .2950000000  .0001424242
  .3000000000  .0001352354
  .3050000000  .0001283296
  .3100000000  .0001216417
  .3150000000  .0001152174
  .3200000000  .0001090979
  .3250000000  .0001031824
  .3300000000  .0000975958
  .3350000000  .0000922515
  .3400000000  .0000871283
  .3450000000  .0000823389
  .3500000000  .0000777028
  .3550000000  .0000734044
  .3600000000  .0000692727
  .3650000000  .0000653963
  .3700000000  .0000617324
  .3750000000  .0000582560
  .3800000000  .0000550209
  .3850000000  .0000519217
  .3900000000  .0000490763
  .3950000000  .0000463314
  .4000000000  .0000438382
  .4050000000  .0000414257
  .4100000000  .0000392498
  .4150000000  .0000371493
  .4200000000  .0000352593
  .4250000000  .0000334523
  .4300000000  .0000318202
  .4350000000  .0000302913
  .4400000000  .0000288927
  .4450000000  .0000276295
  .4500000000  .0000264426
  .4550000000  .0000254369
  .4600000000  .0000244423
  .4650000000  .0000236896
  .4700000000  .0000229457
  .4750000000  .0000227524
  .4800000000  .0000222414
  .4850000000  .0000218465
  .4900000000  .0000215658
  .4950000000  .0000213980
  .5000000000  .0000213421
  .5050000000  .0000213980
  .5100000000  .0000215658
  .5150000000  .0000218465
  .5200000000  .0000222414
  .5250000000  .0000227524
  .5300000000  .0000229457
  .5350000000  .0000236896
  .5400000000  .0000244423
  .5450000000  .0000254369
  .5500000000  .0000264426
  .5550000000  .0000276295
  .5600000000  .0000288927
  .5650000000  .0000302913
  .5700000000  .0000318202
  .5750000000  .0000334523
  .5800000000  .0000352593
  .5850000000  .0000371493
  .5900000000  .0000392498
  .5950000000  .0000414257
  .6000000000  .0000438382
  .6050000000  .0000463314
  .6100000000  .0000490763
  .6150000000  .0000519217
  .6200000000  .0000550209
  .6250000000  .0000582560
  .6300000000  .0000617324
  .6350000000  .0000653963
  .6400000000  .0000692727
  .6450000000  .0000734044
  .6500000000  .0000777028
  .6550000000  .0000823389
  .6600000000  .0000871283
  .6650000000  .0000922515
  .6700000000  .0000975958
  .6750000000  .0001031824
  .6800000000  .0001090979
  .6850000000  .0001152174
  .6900000000  .0001216417
  .6950000000  .0001283296
  .7000000000  .0001352354
  .7050000000  .0001424242
  .7100000000  .0001498301
  .7150000000  .0001574293
  .7200000000  .0001652233
  .7250000000  .0001731557
  .7300000000  .0001811932
  .7350000000  .0001893099
  .7400000000  .0001973963
  .7450000000  .0002053933
  .7500000000  .0002132528
  .7550000000  .0002208945
  .7600000000  .0002282204
  .7650000000  .0002349726
  .7700000000  .0002411022
  .7750000000  .0002464855
  .7800000000  .0002509583
  .7850000000  .0002543404
  .7900000000  .0002564375
  .7950000000  .0002570459
  .8000000000  .0002559584
  .8050000000  .0002529712
  .8100000000  .0002478934
  .8150000000  .0002405575
  .8200000000  .0002308309
  .8250000000  .0002186292
  .8300000000  .0002039289
  .8350000000  .0001867656
  .8400000000  .0001670859
  .8450000000  .0001454335
  .8500000000  .0001222079
  .8550000000  .0000979855
  .8600000000  .0000736471
  .8650000000  .0000501191
  .8700000000  .0000292214
  .8750000000  .0000120172
  .8800000000  .0000010654
  .8850000000 -.0000016481
  .8900000000  .0000060195
  .8950000000  .0000266120
&
@ s7 color  4
@ s7 linestyle  1
@target s7
@type xy
  .4716605719 -10.000
  .4716605719  10.000
  .5283394280  10.000
  .5283394280 -10.000
&
@ s8 color  5
@ s8 linestyle  1
@ legend string 8 "(5)-(5)"
@target s8
@type xy
  .1000000000  .0001510488
  .1050000000  .0000520172
  .1100000000  .0000051494
  .1150000000  .0000005409
  .1200000000  .0000279614
  .1250000000  .0000790538
  .1300000000  .0001462400
  .1350000000  .0002213002
  .1400000000  .0003000345
  .1450000000  .0003774996
  .1500000000  .0004507471
  .1550000000  .0005174843
  .1600000000  .0005767254
  .1650000000  .0006277184
  .1700000000  .0006690840
  .1750000000  .0007017908
  .1800000000  .0007261873
  .1850000000  .0007427396
  .1900000000  .0007520463
  .1950000000  .0007547954
  .2000000000  .0007517242
  .2050000000  .0007435863
  .2100000000  .0007311236
  .2150000000  .0007150448
  .2200000000  .0006960091
  .2250000000  .0006746161
  .2300000000  .0006513989
  .2350000000  .0006268229
  .2400000000  .0006012460
  .2450000000  .0005748964
  .2500000000  .0005483465
  .2550000000  .0005218254
  .2600000000  .0004955104
  .2650000000  .0004695426
  .2700000000  .0004441434
  .2750000000  .0004194118
  .2800000000  .0003953755
  .2850000000  .0003721973
  .2900000000  .0003499749
  .2950000000  .0003285630
  .3000000000  .0003080594
  .3050000000  .0002886790
  .3100000000  .0002700740
  .3150000000  .0002524241
  .3200000000  .0002358337
  .3250000000  .0002199083
  .3300000000  .0002050825
  .3350000000  .0001910188
  .3400000000  .0001776470
  .3450000000  .0001653144
  .3500000000  .0001534300
  .3550000000  .0001425671
  .3600000000  .0001321793
  .3650000000  .0001225360
  .3700000000  .0001134930
  .3750000000  .0001049778
  .3800000000  .0000971316
  .3850000000  .0000896549
  .3900000000  .0000828661
  .3950000000  .0000763419
  .4000000000  .0000704824
  .4050000000  .0000648296
  .4100000000  .0000597845
  .4150000000  .0000549281
  .4200000000  .0000505965
  .4250000000  .0000464689
  .4300000000  .0000427631
  .4350000000  .0000393049
  .4400000000  .0000361501
  .4450000000  .0000333107
  .4500000000  .0000306425
  .4550000000  .0000283814
  .4600000000  .0000261451
  .4650000000  .0000244308
  .4700000000  .0000227364
  .4750000000  .0000225423
  .4800000000  .0000214795
  .4850000000  .0000206557
  .4900000000  .0000200688
  .4950000000  .0000197173
  .5000000000  .0000196002
  .5050000000  .0000197173
  .5100000000  .0000200688
  .5150000000  .0000206557
  .5200000000  .0000214795
  .5250000000  .0000225423
  .5300000000  .0000227364
  .5350000000  .0000244308
  .5400000000  .0000261451
  .5450000000  .0000283814
  .5500000000  .0000306425
  .5550000000  .0000333107
  .5600000000  .0000361501
  .5650000000  .0000393049
  .5700000000  .0000427631
  .5750000000  .0000464689
  .5800000000  .0000505965
  .5850000000  .0000549281
  .5900000000  .0000597845
  .5950000000  .0000648296
  .6000000000  .0000704824
  .6050000000  .0000763419
  .6100000000  .0000828661
  .6150000000  .0000896549
  .6200000000  .0000971316
  .6250000000  .0001049778
  .6300000000  .0001134930
  .6350000000  .0001225360
  .6400000000  .0001321793
  .6450000000  .0001425671
  .6500000000  .0001534300
  .6550000000  .0001653144
  .6600000000  .0001776470
  .6650000000  .0001910188
  .6700000000  .0002050825
  .6750000000  .0002199083
  .6800000000  .0002358337
  .6850000000  .0002524241
  .6900000000  .0002700740
  .6950000000  .0002886790
  .7000000000  .0003080594
  .7050000000  .0003285630
  .7100000000  .0003499749
  .7150000000  .0003721973
  .7200000000  .0003953755
  .7250000000  .0004194118
  .7300000000  .0004441434
  .7350000000  .0004695426
  .7400000000  .0004955104
  .7450000000  .0005218254
  .7500000000  .0005483465
  .7550000000  .0005748964
  .7600000000  .0006012460
  .7650000000  .0006268229
  .7700000000  .0006513989
  .7750000000  .0006746161
  .7800000000  .0006960091
  .7850000000  .0007150448
  .7900000000  .0007311236
  .7950000000  .0007435863
  .8000000000  .0007517242
  .8050000000  .0007547954
  .8100000000  .0007520463
  .8150000000  .0007427396
  .8200000000  .0007261873
  .8250000000  .0007017908
  .8300000000  .0006690840
  .8350000000  .0006277184
  .8400000000  .0005767254
  .8450000000  .0005174843
  .8500000000  .0004507471
  .8550000000  .0003774996
  .8600000000  .0003000345
  .8650000000  .0002213002
  .8700000000  .0001462400
  .8750000000  .0000790538
  .8800000000  .0000279614
  .8850000000  .0000005409
  .8900000000  .0000051494
  .8950000000  .0000520172
&
@ s9 color  5
@ s9 linestyle  1
@target s9
@type xy
  .4716605719 -10.000
  .4716605719  10.000
  .5283394280  10.000
  .5283394280 -10.000
&
@ s10 color  1
@ s10 linestyle  2
@ legend string 10 "(6)-(6)"
@target s10
@type xy
  .1000000000  .0001366117
  .1050000000  .0000550732
  .1100000000  .0000153559
  .1150000000  .0000096844
  .1200000000  .0000299781
  .1250000000  .0000696314
  .1300000000  .0001226584
  .1350000000  .0001824460
  .1400000000  .0002457151
  .1450000000  .0003084052
  .1500000000  .0003681638
  .1550000000  .0004231068
  .1600000000  .0004723544
  .1650000000  .0005152536
  .1700000000  .0005506761
  .1750000000  .0005793026
  .1800000000  .0006013610
  .1850000000  .0006171786
  .1900000000  .0006271940
  .1950000000  .0006319219
  .2000000000  .0006319216
  .2050000000  .0006277709
  .2100000000  .0006200432
  .2150000000  .0006092901
  .2200000000  .0005960281
  .2250000000  .0005807298
  .2300000000  .0005638185
  .2350000000  .0005456659
  .2400000000  .0005265558
  .2450000000  .0005066491
  .2500000000  .0004864335
  .2550000000  .0004661000
  .2600000000  .0004457988
  .2650000000  .0004256386
  .2700000000  .0004057785
  .2750000000  .0003863446
  .2800000000  .0003673684
  .2850000000  .0003489593
  .2900000000  .0003312063
  .2950000000  .0003140299
  .3000000000  .0002974980
  .3050000000  .0002817689
  .3100000000  .0002666124
  .3150000000  .0002521550
  .3200000000  .0002384795
  .3250000000  .0002253073
  .3300000000  .0002129544
  .3350000000  .0002011822
  .3400000000  .0001899387
  .3450000000  .0001794861
  .3500000000  .0001693860
  .3550000000  .0001600709
  .3600000000  .0001511321
  .3650000000  .0001427745
  .3700000000  .0001348924
  .3750000000  .0001274296
  .3800000000  .0001205002
  .3850000000  .0001138699
  .3900000000  .0001077935
  .3950000000  .0001019356
  .4000000000  .0000966195
  .4050000000  .0000914770
  .4100000000  .0000868371
  .4150000000  .0000823574
  .4200000000  .0000783190
  .4250000000  .0000744552
  .4300000000  .0000709528
  .4350000000  .0000676641
  .4400000000  .0000646411
  .4450000000  .0000618941
  .4500000000  .0000593011
  .4550000000  .0000570708
  .4600000000  .0000548648
  .4650000000  .0000531339
  .4700000000  .0000514228
  .4750000000  .0000524802
  .4800000000  .0000514173
  .4850000000  .0000505923
  .4900000000  .0000500040
  .4950000000  .0000496515
  .5000000000  .0000495340
  .5050000000  .0000496515
  .5100000000  .0000500040
  .5150000000  .0000505923
  .5200000000  .0000514173
  .5250000000  .0000524802
  .5300000000  .0000514228
  .5350000000  .0000531339
  .5400000000  .0000548648
  .5450000000  .0000570708
  .5500000000  .0000593011
  .5550000000  .0000618941
  .5600000000  .0000646411
  .5650000000  .0000676641
  .5700000000  .0000709528
  .5750000000  .0000744552
  .5800000000  .0000783190
  .5850000000  .0000823574
  .5900000000  .0000868371
  .5950000000  .0000914770
  .6000000000  .0000966195
  .6050000000  .0001019356
  .6100000000  .0001077935
  .6150000000  .0001138699
  .6200000000  .0001205002
  .6250000000  .0001274296
  .6300000000  .0001348924
  .6350000000  .0001427745
  .6400000000  .0001511321
  .6450000000  .0001600709
  .6500000000  .0001693860
  .6550000000  .0001794861
  .6600000000  .0001899387
  .6650000000  .0002011822
  .6700000000  .0002129544
  .6750000000  .0002253073
  .6800000000  .0002384795
  .6850000000  .0002521550
  .6900000000  .0002666124
  .6950000000  .0002817689
  .7000000000  .0002974980
  .7050000000  .0003140299
  .7100000000  .0003312063
  .7150000000  .0003489593
  .7200000000  .0003673684
  .7250000000  .0003863446
  .7300000000  .0004057785
  .7350000000  .0004256386
  .7400000000  .0004457988
  .7450000000  .0004661000
  .7500000000  .0004864335
  .7550000000  .0005066491
  .7600000000  .0005265558
  .7650000000  .0005456659
  .7700000000  .0005638185
  .7750000000  .0005807298
  .7800000000  .0005960281
  .7850000000  .0006092901
  .7900000000  .0006200432
  .7950000000  .0006277709
  .8000000000  .0006319216
  .8050000000  .0006319219
  .8100000000  .0006271940
  .8150000000  .0006171786
  .8200000000  .0006013610
  .8250000000  .0005793026
  .8300000000  .0005506761
  .8350000000  .0005152536
  .8400000000  .0004723544
  .8450000000  .0004231068
  .8500000000  .0003681638
  .8550000000  .0003084052
  .8600000000  .0002457151
  .8650000000  .0001824460
  .8700000000  .0001226584
  .8750000000  .0000696314
  .8800000000  .0000299781
  .8850000000  .0000096844
  .8900000000  .0000153559
  .8950000000  .0000550732
&
@ s11 color  1
@ s11 linestyle  2
@target s11
@type xy
  .4716605719 -10.000
  .4716605719  10.000
  .5283394280  10.000
  .5283394280 -10.000
&
@ s12 color  2
@ s12 linestyle  2
@ legend string 12 "(7)-(7)"
@target s12
@type xy
  .1000000000 -.0002596204
  .1050000000 -.0000867088
  .1100000000 -.0000303933
  .1150000000 -.0000638813
  .1200000000 -.0001613740
  .1250000000 -.0003023766
  .1300000000 -.0004687339
  .1350000000 -.0006434536
  .1400000000 -.0008164197
  .1450000000 -.0009792472
  .1500000000 -.0011259837
  .1550000000 -.0012529589
  .1600000000 -.0013597679
  .1650000000 -.0014458293
  .1700000000 -.0015089226
  .1750000000 -.0015524969
  .1800000000 -.0015781020
  .1850000000 -.0015874095
  .1900000000 -.0015822649
  .1950000000 -.0015645921
  .2000000000 -.0015363124
  .2050000000 -.0014992796
  .2100000000 -.0014552297
  .2150000000 -.0014057471
  .2200000000 -.0013522425
  .2250000000 -.0012959441
  .2300000000 -.0012378975
  .2350000000 -.0011789740
  .2400000000 -.0011198596
  .2450000000 -.0010611895
  .2500000000 -.0010036705
  .2550000000 -.0009476200
  .2600000000 -.0008932562
  .2650000000 -.0008408541
  .2700000000 -.0007909466
  .2750000000 -.0007432353
  .2800000000 -.0006976682
  .2850000000 -.0006546988
  .2900000000 -.0006143622
  .2950000000 -.0005760695
  .3000000000 -.0005400672
  .3050000000 -.0005068028
  .3100000000 -.0004752726
  .3150000000 -.0004459130
  .3200000000 -.0004188743
  .3250000000 -.0003932019
  .3300000000 -.0003698475
  .3350000000 -.0003479958
  .3400000000 -.0003275009
  .3450000000 -.0003090237
  .3500000000 -.0002913529
  .3550000000 -.0002755910
  .3600000000 -.0002606498
  .3650000000 -.0002470317
  .3700000000 -.0002344321
  .3750000000 -.0002227235
  .3800000000 -.0002121147
  .3850000000 -.0002020978
  .3900000000 -.0001931705
  .3950000000 -.0001846462
  .4000000000 -.0001771342
  .4050000000 -.0001699236
  .4100000000 -.0001636032
  .4150000000 -.0001575493
  .4200000000 -.0001522366
  .4250000000 -.0001472059
  .4300000000 -.0001427533
  .4350000000 -.0001386367
  .4400000000 -.0001349276
  .4450000000 -.0001316425
  .4500000000 -.0001285845
  .4550000000 -.0001260764
  .4600000000 -.0001235957
  .4650000000 -.0001218388
  .4700000000 -.0001201028
  .4750000000 -.0001198890
  .4800000000 -.0001187645
  .4850000000 -.0001178921
  .4900000000 -.0001172704
  .4950000000 -.0001168979
  .5000000000 -.0001167738
  .5050000000 -.0001168979
  .5100000000 -.0001172704
  .5150000000 -.0001178921
  .5200000000 -.0001187645
  .5250000000 -.0001198890
  .5300000000 -.0001201028
  .5350000000 -.0001218388
  .5400000000 -.0001235957
  .5450000000 -.0001260764
  .5500000000 -.0001285845
  .5550000000 -.0001316425
  .5600000000 -.0001349276
  .5650000000 -.0001386367
  .5700000000 -.0001427533
  .5750000000 -.0001472059
  .5800000000 -.0001522366
  .5850000000 -.0001575493
  .5900000000 -.0001636032
  .5950000000 -.0001699236
  .6000000000 -.0001771342
  .6050000000 -.0001846462
  .6100000000 -.0001931705
  .6150000000 -.0002020978
  .6200000000 -.0002121147
  .6250000000 -.0002227235
  .6300000000 -.0002344321
  .6350000000 -.0002470317
  .6400000000 -.0002606498
  .6450000000 -.0002755910
  .6500000000 -.0002913529
  .6550000000 -.0003090237
  .6600000000 -.0003275009
  .6650000000 -.0003479958
  .6700000000 -.0003698475
  .6750000000 -.0003932019
  .6800000000 -.0004188743
  .6850000000 -.0004459130
  .6900000000 -.0004752726
  .6950000000 -.0005068028
  .7000000000 -.0005400672
  .7050000000 -.0005760695
  .7100000000 -.0006143622
  .7150000000 -.0006546988
  .7200000000 -.0006976682
  .7250000000 -.0007432353
  .7300000000 -.0007909466
  .7350000000 -.0008408541
  .7400000000 -.0008932562
  .7450000000 -.0009476200
  .7500000000 -.0010036705
  .7550000000 -.0010611895
  .7600000000 -.0011198596
  .7650000000 -.0011789740
  .7700000000 -.0012378975
  .7750000000 -.0012959441
  .7800000000 -.0013522425
  .7850000000 -.0014057471
  .7900000000 -.0014552297
  .7950000000 -.0014992796
  .8000000000 -.0015363124
  .8050000000 -.0015645921
  .8100000000 -.0015822649
  .8150000000 -.0015874095
  .8200000000 -.0015781020
  .8250000000 -.0015524969
  .8300000000 -.0015089226
  .8350000000 -.0014458293
  .8400000000 -.0013597679
  .8450000000 -.0012529589
  .8500000000 -.0011259837
  .8550000000 -.0009792472
  .8600000000 -.0008164197
  .8650000000 -.0006434536
  .8700000000 -.0004687339
  .8750000000 -.0003023766
  .8800000000 -.0001613740
  .8850000000 -.0000638813
  .8900000000 -.0000303933
  .8950000000 -.0000867088
&
@ s13 color  2
@ s13 linestyle  2
@target s13
@type xy
  .4716605719 -10.000
  .4716605719  10.000
  .5283394280  10.000
  .5283394280 -10.000
&
@ s14 color  3
@ s14 linestyle  2
@ legend string 14 "(8)-(9)"
@target s14
@type xy
  .1000000000  .0002455717
  .1050000000 -.0003358139
  .1100000000 -.0006168506
  .1150000000 -.0006380170
  .1200000000 -.0004441233
  .1250000000 -.0000819950
  .1300000000  .0003830792
  .1350000000  .0009190828
  .1400000000  .0014778492
  .1450000000  .0020323385
  .1500000000  .0025567924
  .1550000000  .0030317438
  .1600000000  .0034427648
  .1650000000  .0037861454
  .1700000000  .0040577765
  .1750000000  .0042561783
  .1800000000  .0043754385
  .1850000000  .0044263777
  .1900000000  .0044136893
  .1950000000  .0043428855
  .2000000000  .0042201196
  .2050000000  .0040518846
  .2100000000  .0038447490
  .2150000000  .0036051363
  .2200000000  .0033391484
  .2250000000  .0030524352
  .2300000000  .0027484808
  .2350000000  .0024330440
  .2400000000  .0021117655
  .2450000000  .0017882058
  .2500000000  .0014652830
  .2550000000  .0011453239
  .2600000000  .0008307520
  .2650000000  .0005243843
  .2700000000  .0002271674
  .2750000000 -.0000603866
  .2800000000 -.0003348156
  .2850000000 -.0005963289
  .2900000000 -.0008462706
  .2950000000 -.0010826301
  .3000000000 -.0013028335
  .3050000000 -.0015116451
  .3100000000 -.0017065290
  .3150000000 -.0018850583
  .3200000000 -.0020535997
  .3250000000 -.0022062216
  .3300000000 -.0023459409
  .3350000000 -.0024767541
  .3400000000 -.0025890358
  .3450000000 -.0026944059
  .3500000000 -.0027853392
  .3550000000 -.0028661478
  .3600000000 -.0029375142
  .3650000000 -.0029955634
  .3700000000 -.0030482721
  .3750000000 -.0030853297
  .3800000000 -.0031198493
  .3850000000 -.0031379654
  .3900000000 -.0031542175
  .3950000000 -.0031557431
  .4000000000 -.0031551767
  .4050000000 -.0031406251
  .4100000000 -.0031245270
  .4150000000 -.0030942192
  .4200000000 -.0030637268
  .4250000000 -.0030177552
  .4300000000 -.0029723213
  .4350000000 -.0029120811
  .4400000000 -.0028509772
  .4450000000 -.0027776800
  .4500000000 -.0027004185
  .4550000000 -.0026147102
  .4600000000 -.0025204466
  .4650000000 -.0024230721
  .4700000000 -.0023105460
  .4750000000 -.0021992107
  .4800000000 -.0020699717
  .4850000000 -.0019388072
  .4900000000 -.0017063648
  .4950000000 -.0015399556
  .5000000000 -.0013611644
  .5050000000 -.0011695948
  .5100000000 -.0009647912
  .5150000000 -.0007462292
  .5200000000 -.0005133058
  .5250000000 -.0002653273
  .5300000000 -.0000014974
  .5350000000  .0002790964
  .5400000000  .0005774968
  .5450000000  .0008948898
  .5500000000  .0012326190
  .5550000000  .0015921982
  .5600000000  .0019753226
  .5650000000  .0023838780
  .5700000000  .0028199473
  .5750000000  .0032858132
  .5800000000  .0037839557
  .5850000000  .0043170454
  .5900000000  .0049196455
  .5950000000  .0055299485
  .6000000000  .0061654134
  .6050000000  .0068602659
  .6100000000  .0075854803
  .6150000000  .0083772576
  .6200000000  .0092099833
  .6250000000  .0101130150
  .6300000000  .0110748465
  .6350000000  .0121055932
  .6400000000  .0132225345
  .6450000000  .0143997676
  .6500000000  .0157028211
  .6550000000  .0170592632
  .6600000000  .0185736030
  .6650000000  .0201726299
  .6700000000  .0219018014
  .6750000000  .0237907486
  .6800000000  .0257823460
  .6850000000  .0279982212
  .6900000000  .0303672357
  .6950000000  .0328917690
  .7000000000  .0357078287
  .7050000000  .0387118998
  .7100000000  .0419245860
  .7150000000  .0455056175
  .7200000000  .0493462783
  .7250000000  .0534712589
  .7300000000  .0579916652
  .7350000000  .0629256881
  .7400000000  .0682476532
  .7450000000  .0739959752
  .7500000000  .0802599897
  .7550000000  .0871259304
  .7600000000  .0945598249
  .7650000000  .1026159189
  .7700000000  .1113531888
  .7750000000  .1208353013
  .7800000000  .1311304535
  .7850000000  .1423420456
  .7900000000  .1545321690
  .7950000000  .1677455541
  .8000000000  .1820615333
  .8050000000  .1975610779
  .8100000000  .2143256097
  .8150000000  .2324355609
  .8200000000  .2520213217
  .8250000000  .2731430069
  .8300000000  .2958403689
  .8350000000  .3201641531
  .8400000000  .3461511787
  .8450000000  .3738450110
  .8500000000  .4033196565
  .8550000000  .4344156403
  .8600000000  .4670815428
  .8650000000  .5011875767
  .8700000000  .5364990171
  .8750000000  .5726722922
  .8800000000  .6093304776
  .8850000000  .6459909918
  .8900000000  .6817596933
  .8950000000  .7159718810
&
@ s15 color  3
@ s15 linestyle  2
@target s15
@type xy
  .4877774114 -10.000
  .4877774114  10.000
  .5885611469  10.000
  .5885611469 -10.000
&
@ s16 color  4
@ s16 linestyle  2
@ legend string 16 "(9)-(10)"
@target s16
@type xy
  .1000000000  .7258939501
  .1050000000  .6949001649
  .1100000000  .6616899539
  .1150000000  .6270351792
  .1200000000  .5917868322
  .1250000000  .5566141951
  .1300000000  .5219144729
  .1350000000  .4881180403
  .1400000000  .4554870565
  .1450000000  .4242199466
  .1500000000  .3944889844
  .1550000000  .3663075802
  .1600000000  .3397306963
  .1650000000  .3148525050
  .1700000000  .2915482395
  .1750000000  .2697806904
  .1800000000  .2495003565
  .1850000000  .2306479762
  .1900000000  .2131568908
  .1950000000  .1969552070
  .2000000000  .1819677362
  .2050000000  .1681176978
  .2100000000  .1553281825
  .2150000000  .1435233776
  .2200000000  .1326295662
  .2250000000  .1225759133
  .2300000000  .1132950582
  .2350000000  .1047235342
  .2400000000  .0968020370
  .2450000000  .0894755647
  .2500000000  .0827550375
  .2550000000  .0765889022
  .2600000000  .0708748700
  .2650000000  .0655727685
  .2700000000  .0606582722
  .2750000000  .0562060153
  .2800000000  .0520588150
  .2850000000  .0481899265
  .2900000000  .0446472318
  .2950000000  .0413910130
  .3000000000  .0383376468
  .3050000000  .0355266607
  .3100000000  .0329517473
  .3150000000  .0305230616
  .3200000000  .0283041273
  .3250000000  .0262473293
  .3300000000  .0242956355
  .3350000000  .0225520295
  .3400000000  .0208887959
  .3450000000  .0193566581
  .3500000000  .0179366830
  .3550000000  .0165908894
  .3600000000  .0153753539
  .3650000000  .0142011587
  .3700000000  .0131493264
  .3750000000  .0121339664
  .3800000000  .0112107213
  .3850000000  .0103289055
  .3900000000  .0095184851
  .3950000000  .0087490288
  .4000000000  .0080376650
  .4050000000  .0073629589
  .4100000000  .0067387107
  .4150000000  .0061132447
  .4200000000  .0055566169
  .4250000000  .0050361363
  .4300000000  .0045492582
  .4350000000  .0040935923
  .4400000000  .0036669178
  .4450000000  .0032671912
  .4500000000  .0028925493
  .4550000000  .0025413082
  .4600000000  .0022119579
  .4650000000  .0019031545
  .4700000000  .0016137101
  .4750000000  .0013425818
  .4800000000  .0010888589
  .4850000000  .0008517512
  .4900000000  .0006305759
  .4950000000  .0004247466
  .5000000000  .0002337628
  .5050000000  .0000572006
  .5100000000 -.0001052954
  .5150000000 -.0002540176
  .5200000000 -.0003892000
  .5250000000 -.0005110210
  .5300000000 -.0006196042
  .5350000000 -.0007150186
  .5400000000 -.0007972764
  .5450000000 -.0008663306
  .5500000000 -.0009505401
  .5550000000 -.0009816885
  .5600000000 -.0010131889
  .5650000000 -.0010245680
  .5700000000 -.0010305393
  .5750000000 -.0010203915
  .5800000000 -.0010001673
  .5850000000 -.0009661783
  .5900000000 -.0009185275
  .5950000000 -.0008579533
  .6000000000 -.0007811310
  .6050000000 -.0006906850
  .6100000000 -.0005824706
  .6150000000 -.0004582381
  .6200000000 -.0003159650
  .6250000000 -.0001533414
  .6300000000  .0000260774
  .6350000000  .0002324258
  .6400000000  .0004524760
  .6450000000  .0007086251
  .6500000000  .0009771826
  .6550000000  .0012859193
  .6600000000  .0016149482
  .6650000000  .0019759948
  .6700000000  .0023733958
  .6750000000  .0027931022
  .6800000000  .0032656011
  .6850000000  .0037669941
  .6900000000  .0043051582
  .6950000000  .0048970260
  .7000000000  .0055237713
  .7050000000  .0061967770
  .7100000000  .0069274066
  .7150000000  .0077006466
  .7200000000  .0085209572
  .7250000000  .0094089691
  .7300000000  .0103457296
  .7350000000  .0113336739
  .7400000000  .0123781286
  .7450000000  .0134855252
  .7500000000  .0146441065
  .7550000000  .0158534900
  .7600000000  .0171121922
  .7650000000  .0184174531
  .7700000000  .0197643871
  .7750000000  .0211420772
  .7800000000  .0225417322
  .7850000000  .0239520266
  .7900000000  .0253587932
  .7950000000  .0267447575
  .8000000000  .0280893368
  .8050000000  .0293685269
  .8100000000  .0305548996
  .8150000000  .0316177355
  .8200000000  .0325233094
  .8250000000  .0332353497
  .8300000000  .0337156838
  .8350000000  .0338946874
  .8400000000  .0337398890
  .8450000000  .0332265194
  .8500000000  .0323215618
  .8550000000  .0309301446
  .8600000000  .0290879661
  .8650000000  .0267760289
  .8700000000  .0239895541
  .8750000000  .0207947300
  .8800000000  .0172531996
  .8850000000  .0134858252
  .8900000000  .0096677137
  .8950000000  .0060361556
&
@ s17 color  4
@ s17 linestyle  2
@target s17
@type xy
  .4132226436 -10.000
  .4132226436  10.000
  .5499477409  10.000
  .5499477409 -10.000
&
@ s18 color  5
@ s18 linestyle  2
@ legend string 18 "(10)-(9)"
@target s18
@type xy
  .1000000000  .0029257260
  .1050000000  .0060361556
  .1100000000  .0096677137
  .1150000000  .0134858252
  .1200000000  .0172531996
  .1250000000  .0207947300
  .1300000000  .0239895541
  .1350000000  .0267760289
  .1400000000  .0290879661
  .1450000000  .0309301446
  .1500000000  .0323215618
  .1550000000  .0332265194
  .1600000000  .0337398890
  .1650000000  .0338946874
  .1700000000  .0337156838
  .1750000000  .0332353497
  .1800000000  .0325233094
  .1850000000  .0316177355
  .1900000000  .0305548996
  .1950000000  .0293685269
  .2000000000  .0280893368
  .2050000000  .0267447575
  .2100000000  .0253587932
  .2150000000  .0239520266
  .2200000000  .0225417322
  .2250000000  .0211420772
  .2300000000  .0197643871
  .2350000000  .0184174531
  .2400000000  .0171121922
  .2450000000  .0158534900
  .2500000000  .0146441065
  .2550000000  .0134855252
  .2600000000  .0123781286
  .2650000000  .0113336739
  .2700000000  .0103457296
  .2750000000  .0094089691
  .2800000000  .0085209572
  .2850000000  .0077006466
  .2900000000  .0069274066
  .2950000000  .0061967770
  .3000000000  .0055237713
  .3050000000  .0048970260
  .3100000000  .0043051582
  .3150000000  .0037669941
  .3200000000  .0032656011
  .3250000000  .0027931022
  .3300000000  .0023733958
  .3350000000  .0019759948
  .3400000000  .0016149482
  .3450000000  .0012859193
  .3500000000  .0009771826
  .3550000000  .0007086251
  .3600000000  .0004524760
  .3650000000  .0002324258
  .3700000000  .0000260774
  .3750000000 -.0001533414
  .3800000000 -.0003159650
  .3850000000 -.0004582381
  .3900000000 -.0005824706
  .3950000000 -.0006906850
  .4000000000 -.0007811310
  .4050000000 -.0008579533
  .4100000000 -.0009185275
  .4150000000 -.0009661783
  .4200000000 -.0010001673
  .4250000000 -.0010203915
  .4300000000 -.0010305393
  .4350000000 -.0010245680
  .4400000000 -.0010131889
  .4450000000 -.0009816885
  .4500000000 -.0009505401
  .4550000000 -.0008663306
  .4600000000 -.0007972764
  .4650000000 -.0007150186
  .4700000000 -.0006196042
  .4750000000 -.0005110210
  .4800000000 -.0003892000
  .4850000000 -.0002540176
  .4900000000 -.0001052954
  .4950000000  .0000572006
  .5000000000  .0002337628
  .5050000000  .0004247466
  .5100000000  .0006305759
  .5150000000  .0008517512
  .5200000000  .0010888589
  .5250000000  .0013425818
  .5300000000  .0016137101
  .5350000000  .0019031545
  .5400000000  .0022119579
  .5450000000  .0025413082
  .5500000000  .0028925493
  .5550000000  .0032671912
  .5600000000  .0036669178
  .5650000000  .0040935923
  .5700000000  .0045492582
  .5750000000  .0050361363
  .5800000000  .0055566169
  .5850000000  .0061132447
  .5900000000  .0067387107
  .5950000000  .0073629589
  .6000000000  .0080376650
  .6050000000  .0087490288
  .6100000000  .0095184851
  .6150000000  .0103289055
  .6200000000  .0112107213
  .6250000000  .0121339664
  .6300000000  .0131493264
  .6350000000  .0142011587
  .6400000000  .0153753539
  .6450000000  .0165908894
  .6500000000  .0179366830
  .6550000000  .0193566581
  .6600000000  .0208887959
  .6650000000  .0225520295
  .6700000000  .0242956355
  .6750000000  .0262473293
  .6800000000  .0283041273
  .6850000000  .0305230616
  .6900000000  .0329517473
  .6950000000  .0355266607
  .7000000000  .0383376468
  .7050000000  .0413910130
  .7100000000  .0446472318
  .7150000000  .0481899265
  .7200000000  .0520588150
  .7250000000  .0562060153
  .7300000000  .0606582722
  .7350000000  .0655727685
  .7400000000  .0708748700
  .7450000000  .0765889022
  .7500000000  .0827550375
  .7550000000  .0894755647
  .7600000000  .0968020370
  .7650000000  .1047235342
  .7700000000  .1132950582
  .7750000000  .1225759133
  .7800000000  .1326295662
  .7850000000  .1435233776
  .7900000000  .1553281825
  .7950000000  .1681176978
  .8000000000  .1819677362
  .8050000000  .1969552070
  .8100000000  .2131568908
  .8150000000  .2306479762
  .8200000000  .2495003565
  .8250000000  .2697806904
  .8300000000  .2915482395
  .8350000000  .3148525050
  .8400000000  .3397306963
  .8450000000  .3663075802
  .8500000000  .3944889844
  .8550000000  .4242199466
  .8600000000  .4554870565
  .8650000000  .4881180403
  .8700000000  .5219144729
  .8750000000  .5566141951
  .8800000000  .5917868322
  .8850000000  .6270351792
  .8900000000  .6616899539
  .8950000000  .6949001649
&
@ s19 color  5
@ s19 linestyle  2
@target s19
@type xy
  .4500522590 -10.000
  .4500522590  10.000
  .5867773563  10.000
  .5867773563 -10.000
&
