  Type    Harmonic   (l)             Total
     1
                 0     0  1166.24914965920
                 1     1  .000009607897550
                 2     1 -.175037447005810
                 3     2 -.000026951654836
                 4     2 -.031329296058673
                 5     2  .054102339572827
                 6     3 -.006301960283838
                 7     3 -.024355871056088
                 8     3  .003441915663269
                 9     3 -.004455396621423
                10     4 -.014515008198921
                11     4 -.038257281364267
                12     4 -.023535150135626
                13     4  .034993302056020
                14     4 -.046306130707271
                15     5 -.016310419332450
                16     5 -.031591096061125
                17     5  .015750385003139
                18     5  .012641289672013
                19     5 -.013640184530110
                20     5  .018291971363565
                21     6 -.014092279472693
                22     6 -.020815937068283
                23     6  .017091293147265
                24     6 -.055461919489172
                25     6 -.019633396315523
                26     6 -.039339371134851
                27     6  .030797896928693
                28     7 -.009241877228094
                29     7 -.010644963949656
                30     7  .011389875545815
                31     7 -.004549297115888
                32     7 -.002557837764099
                33     7  .006272373889740
                34     7 -.003305070636149
                35     7  .006216213755047
                36     8 -.004342198292424
                37     8 -.003959320174064
                38     8  .005090661517410
                39     8 -.003203623310687
                40     8 -.009388615286610
                41     8  .002697952788696
                42     8  .009126370996375
                43     8  .011339212054294
                44     8 -.002913737126832
     2
                 0     0  1166.21391853188
                 1     1 -.000000567279762
                 2     1  .004871925999458
                 3     2  .000029992654525
                 4     2 -.001999737375390
                 5     2  .003173807928782
                 6     3  .000331367828630
                 7     3  .001271895921292
                 8     3  .000625312418981
                 9     3 -.000820976847175
                10     4 -.025756226957695
                11     4 -.068051225242704
                12     4 -.016444606012843
                13     4  .024330481572316
                14     4 -.032230492237280
                15     5  .000285073360496
                16     5  .000541075914397
                17     5 -.000281135418537
                18     5 -.000087733095694
                19     5  .000078096829830
                20     5 -.000110471399038
                21     6 -.025484491269986
                22     6 -.037666160062710
                23     6  .030920254249213
                24     6 -.059082105274518
                25     6 -.010738444152552
                26     6 -.046874217948764
                27     6  .041802610724551
                28     7  .000231722328921
                29     7  .000267430397914
                30     7 -.000288396672269
                31     7  .000109683931949
                32     7  .000329458902314
                33     7 -.000247952816328
                34     7  .000363277659437
                35     7 -.000452699419164
                36     8 -.008037690764023
                37     8 -.007319060778033
                38     8  .009412661318884
                39     8 -.005924628307311
                40     8 -.009966643348335
                41     8  .001951685403331
                42     8  .011620908510328
                43     8  .011649926143580
                44     8 -.001529412300519
     3
                 0     0  1166.21837426463
                 1     1  .000008034794720
                 2     1  .010632556500570
                 3     2 -.000007120273953
                 4     2 -.003006837684785
                 5     2  .004884534420078
                 6     3  .000459945744023
                 7     3  .001776895463798
                 8     3 -.000413144913532
                 9     3  .000490977402911
                10     4 -.024239391378500
                11     4 -.063976817763995
                12     4 -.017271094306722
                13     4  .025571515238580
                14     4 -.033836838084208
                15     5  .001207061050389
                16     5  .002325651911671
                17     5 -.001158243161984
                18     5 -.001023284721347
                19     5  .001089495007221
                20     5 -.001474327585504
                21     6 -.024503917631511
                22     6 -.036183421917125
                23     6  .029719551741099
                24     6 -.058996078810582
                25     6 -.011914666831482
                26     6 -.046226106331214
                27     6  .040698563647665
                28     7  .000586474116070
                29     7  .000674051267888
                30     7 -.000722087740729
                31     7  .000292965503280
                32     7 -.000049955749834
                33     7 -.000378917173530
                34     7 -.000020936432779
                35     7 -.000173069784204
                36     8 -.007683320249157
                37     8 -.007000923628929
                38     8  .009002611859366
                39     8 -.005665645634833
                40     8 -.009908984622518
                41     8  .002032141841379
                42     8  .011354693632791
                43     8  .011619520625866
                44     8 -.001675924345718
     4
                 0     0  1166.22056732782
                 1     1 -.000008118631410
                 2     1 -.001744933557152
                 3     2 -.000018771643536
                 4     2 -.004749404904982
                 5     2  .007785945719721
                 6     3 -.000057812748854
                 7     3 -.000186926847039
                 8     3 -.000047555775245
                 9     3  .000059048821903
                10     4 -.023588119202812
                11     4 -.062248970308592
                12     4 -.017872746543958
                13     4  .026332542806704
                14     4 -.034872408933263
                15     5 -.000189845277760
                16     5 -.000350814283910
                17     5  .000178218701706
                18     5  .000105735383573
                19     5 -.000119352874766
                20     5  .000165189894766
                21     6 -.023853157266729
                22     6 -.035221345514029
                23     6  .028929155106934
                24     6 -.058932514756566
                25     6 -.012316397653839
                26     6 -.045954830227752
                27     6  .040276504680559
                28     7 -.000088771921964
                29     7 -.000097803839637
                30     7  .000105748327358
                31     7 -.000040676976210
                32     7  .000001108645980
                33     7  .000056157282163
                34     7 -.000003781369104
                35     7  .000033407710007
                36     8 -.007516754279185
                37     8 -.006851700042304
                38     8  .008806341003826
                39     8 -.005541637701559
                40     8 -.009822212803586
                41     8  .002018950946541
                42     8  .011216241553679
                43     8  .011505982021397
                44     8 -.001679065174881
     5
                 0     0  1166.21926036531
                 1     1  .000006594518121
                 2     1 -.002451522045818
                 3     2  .000018163954249
                 4     2 -.004152520260872
                 5     2  .006729370788375
                 6     3 -.000139762868221
                 7     3 -.000444201725775
                 8     3  .000132009943331
                 9     3 -.000144339332269
                10     4 -.023923305358686
                11     4 -.063137779772546
                12     4 -.017717343021846
                13     4  .026043241966049
                14     4 -.034479785142445
                15     5 -.000260996346956
                16     5 -.000502434841647
                17     5  .000240108646728
                18     5  .000198428873063
                19     5 -.000216891172958
                20     5  .000308865629485
                21     6 -.024142022135508
                22     6 -.035665932500378
                23     6  .029285067260412
                24     6 -.058991217562544
                25     6 -.012092730473804
                26     6 -.046110914752548
                27     6  .040538645905661
                28     7 -.000141158033708
                29     7 -.000165798242737
                30     7  .000178719555273
                31     7 -.000073855044397
                32     7 -.000012860348601
                33     7  .000092419381266
                34     7 -.000011525899478
                35     7  .000064106757957
                36     8 -.007603651810418
                37     8 -.006924225517155
                38     8  .008907335391060
                39     8 -.005605511179921
                40     8 -.009861545807196
                41     8  .002016946160201
                42     8  .011281998587360
                43     8  .011543121094085
                44     8 -.001663354583325
     6
                 0     0  1166.21691018850
                 1     1  .000014405622075
                 2     1 -.003927837055826
                 3     2 -.000038374990451
                 4     2 -.003232082504965
                 5     2  .005154978476717
                 6     3 -.000235589272358
                 7     3 -.000859609177752
                 8     3  .000036425486587
                 9     3 -.000015058152842
                10     4 -.024577730068348
                11     4 -.064847448931778
                12     4 -.017220922269487
                13     4  .025372502150480
                14     4 -.033621447584380
                15     5 -.000524233814246
                16     5 -.001018078709535
                17     5  .000504160092824
                18     5  .000408942056099
                19     5 -.000440818281764
                20     5  .000616146041910
                21     6 -.024635517875690
                22     6 -.036359974209372
                23     6  .029869400735205
                24     6 -.059069944317499
                25     6 -.011785406595066
                26     6 -.046352361832166
                27     6  .040874183330346
                28     7 -.000234716126014
                29     7 -.000269049124505
                30     7  .000295594981412
                31     7 -.000117584496069
                32     7 -.000009157188733
                33     7  .000164665962735
                34     7 -.000008322112683
                35     7  .000097638880782
                36     8 -.007712774869622
                37     8 -.007029332976544
                38     8  .009034954846667
                39     8 -.005686579225785
                40     8 -.009952457790472
                41     8  .002029736219370
                42     8  .011393169279062
                43     8  .011652961285977
                44     8 -.001675928339255
     7
                 0     0  1166.22164599463
                 1     1 -.000000465869325
                 2     1  .017425973843837
                 3     2  .000000461968639
                 4     2 -.005173408456995
                 5     2  .008591647231624
                 6     3  .000693896747989
                 7     3  .002727511673802
                 8     3 -.000199802347056
                 9     3  .000279179947346
                10     4 -.023704698895655
                11     4 -.062536765884790
                12     4 -.017807670342639
                13     4  .026270224946430
                14     4 -.034787859888993
                15     5  .001751647661323
                16     5  .003399787694112
                17     5 -.001685036321995
                18     5 -.001353286200634
                19     5  .001476820864673
                20     5 -.001973886338940
                21     6 -.023635957160626
                22     6 -.034923273101301
                23     6  .028671600593243
                24     6 -.058909317384997
                25     6 -.012513049942902
                26     6 -.045838060044513
                27     6  .040084315298660
                28     7  .001039348278978
                29     7  .001188783604259
                30     7 -.001272864295093
                31     7  .000514335203214
                32     7  .000087323890068
                33     7 -.000685673580982
                34     7  .000168978584556
                35     7 -.000511921941884
                36     8 -.007424473209531
                37     8 -.006763290971520
                38     8  .008700407225474
                39     8 -.005475885596057
                40     8 -.009797324269363
                41     8  .002027755157303
                42     8  .011171462889819
                43     8  .011491169328159
                44     8 -.001695300842132
     8
                 0     0  1166.23969226638
                 1     1 -.000029643582497
                 2     1  .006603244421789
                 3     2 -.000095613411251
                 4     2 -.007742449089412
                 5     2  .013286949609243
                 6     3 -.000645756867890
                 7     3 -.002322203913056
                 8     3 -.003024604888412
                 9     3  .004021076680263
                10     4 -.023942229877426
                11     4 -.063027944249522
                12     4 -.015721488163761
                13     4  .023374729696119
                14     4 -.030940248372059
                15     5 -.001914228529478
                16     5 -.003625830466879
                17     5  .001811869590260
                18     5  .003292621797187
                19     5 -.003539238342133
                20     5  .004811324671401
                21     6 -.023352267975382
                22     6 -.034439832105071
                23     6  .028285440081884
                24     6 -.059494846069896
                25     6 -.012926817230508
                26     6 -.046194377283938
                27     6  .040266228628762
                28     7  .000358438674735
                29     7  .000434592722649
                30     7 -.000462957133065
                31     7  .000184165577447
                32     7  .000762926168732
                33     7 -.000467313938995
                34     7  .000846887031030
                35     7 -.000987645267752
                36     8 -.006509346329112
                37     8 -.005931520637152
                38     8  .007616931581044
                39     8 -.004793785282288
                40     8 -.010155879549605
                41     8  .002644632303998
                42     8  .010476031085856
                43     8  .012154242600779
                44     8 -.002665768343327
     9
                 0     0  236.298882192078
                 1     1  .000024636571176
                 2     1  .016908747511117
                 3     2  .000000555136857
                 4     2  .012298994205744
                 5     2 -.022463216937052
                 6     3  .000489123572266
                 7     3  .001764494187485
                 8     3 -.004220786422295
                 9     3  .005489146768528
                10     4 -.010549157755704
                11     4 -.027923348437661
                12     4 -.000846601537261
                13     4  .000766571436548
                14     4 -.001077263377911
                15     5  .002182882859188
                16     5  .004216915974755
                17     5 -.002089648857682
                18     5 -.002447958687711
                19     5  .002654475016898
                20     5 -.003563972673902
                21     6 -.010432813756306
                22     6 -.015407079513740
                23     6  .012662925135335
                24     6 -.015090037934265
                25     6  .000248636037118
                26     6 -.013373063313481
                27     6  .013298252794828
                28     7  .001011400738394
                29     7  .001161906914351
                30     7 -.001246091319793
                31     7  .000500877981146
                32     7  .000017624514286
                33     7 -.000598472210480
                34     7  .000069124759516
                35     7 -.000371761721019
                36     8 -.001989220084366
                37     8 -.001816593775468
                38     8  .002333177506465
                39     8 -.001468439750232
                40     8 -.001849102905311
                41     8  .000306550601331
                42     8  .002280566642993
                43     8  .002129926461171
                44     8 -.000181833765430
    10
                 0     0  533.555527671458
                 1     1  .000034415832847
                 2     1  .083761737856635
                 3     2 -.000038156459740
                 4     2 -.005987701361961
                 5     2  .010270919758495
                 6     3  .003979906980682
                 7     3  .015132320459070
                 8     3 -.003005809239587
                 9     3  .003822220050185
                10     4 -.009551843949326
                11     4 -.025196961819967
                12     4 -.007238601652387
                13     4  .010819460667951
                14     4 -.014233241550141
                15     5  .010139659211895
                16     5  .019560583695876
                17     5 -.009762453798246
                18     5 -.009122803581523
                19     5  .009875903446455
                20     5 -.013287060355858
                21     6 -.007512449004774
                22     6 -.011066163691616
                23     6  .009093850007061
                24     6 -.023068773456261
                25     6 -.006819006392460
                26     6 -.017050544948961
                27     6  .014032368983353
                28     7  .004037004286821
                29     7  .004644585160535
                30     7 -.004963855513617
                31     7  .001982481513924
                32     7  .000979574423286
                33     7 -.002464157541216
                34     7  .001272462816910
                35     7 -.002424298846472
                36     8 -.001500427804801
                37     8 -.001363636885720
                38     8  .001752206672334
                39     8 -.001103139415009
                40     8 -.003387810383941
                41     8  .001093968590967
                42     8  .003032808100901
                43     8  .004146813849246
                44     8 -.001260739071194
