 energy and charge average matrices
  type  L       (e_i|H|e_j)                    (e_i|e_j)       
     0  0 -.005475313 -.001506864        .188542340  .019828055
          -.001506864 -6.40116748        .019828055  1.00198158
     0  1 -.038238866  .074734550        .094076824  .019145980
           .074734550 -9.78245396        .019145980  3.01407126
     0  2  .354176389  .129991999        2.89735737  .098442201
           .129991999 -.118816594        .098442201  .051807793
     0  3 -.027360658  .028966583        .021947390 -.007867911
           .028966583 -.029087240       -.007867911  .010816171
     0  4 -.005883735  .006511681        .005854498 -.001923564
           .006511681 -.006820348       -.001923564  .002496943
     0  5 -.000923018  .001139791        .001586199 -.000419877
           .001139791 -.001302444       -.000419877  .000464012
     0  6 -.000070779  .000114741        .000314428 -.000049619
           .000114741 -.000172148       -.000049619  .000063030
     0  7 -.000008980  .000021321        .000081959 -.000011459
           .000021321 -.000041009       -.000011459  .000014825
     0  8 -.000005011  .000007886        .000020206 -.000003803
           .000007886 -.000014075       -.000003803  .000005140
     1  0 -.024849795 -.003620366        .183728358  .020490996
          -.003620366 -6.44099215        .020490996  1.00229221
     1  1 -.043332823  .076800772        .117494530  .025607910
           .076800772 -9.90725130        .025607910  3.01820593
     1  2  .198406340  .136910987        2.89260432  .107745531
           .136910987 -.138195967        .107745531  .061653188
     1  3 -.035026918  .038203065        .032964135 -.010159628
           .038203065 -.038374291       -.010159628  .014303966
     1  4 -.008653890  .009417353        .007979564 -.002702680
           .009417353 -.009824976       -.002702680  .003596256
     1  5 -.001584513  .001879648        .002311218 -.000698328
           .001879648 -.002092609       -.000698328  .000741154
     1  6 -.000145483  .000196670        .000416331 -.000081378
           .000196670 -.000273112       -.000081378  .000098240
     1  7 -.000017528  .000032485        .000109507 -.000017135
           .000032485 -.000058495       -.000017135  .000020707
     1  8 -.000007545  .000010847        .000026337 -.000004982
           .000010847 -.000018633       -.000004982  .000006741
     2  0 -.022914423 -.003398177        .184266788  .020493852
          -.003398177 -6.43656971        .020493852  1.00228334
     2  1 -.042746784  .077496693        .116855829  .025091206
           .077496693 -9.89423754        .025091206  3.01817927
     2  2  .207537076  .141651932        2.89132111  .107194884
           .141651932 -.141367996        .107194884  .062248588
     2  3 -.037525217  .040009502        .031163792 -.010460923
           .040009502 -.039922342       -.010460923  .014713758
     2  4 -.009371676  .010016292        .007785453 -.002838105
           .010016292 -.010358161       -.002838105  .003721503
     2  5 -.001748295  .002002835        .002225658 -.000715131
           .002002835 -.002191327       -.000715131  .000760426
     2  6 -.000156809  .000203767        .000405940 -.000079605
           .000203767 -.000272570       -.000079605  .000096097
     2  7 -.000019194  .000031264        .000100666 -.000015797
           .000031264 -.000054412       -.000015797  .000019112
     2  8 -.000007233  .000009868        .000024102 -.000004443
           .000009868 -.000016791       -.000004443  .000006027
     3  0 -.022470537 -.003333275        .183518257  .020428885
          -.003333275 -6.43420934        .020428885  1.00227379
     3  1 -.042908115  .077668783        .115790347  .024729105
           .077668783 -9.88749024        .024729105  3.01810657
     3  2  .216843816  .140369157        2.89300314  .106044133
           .140369157 -.139716800        .106044133  .061304307
     3  3 -.037274301  .039671302        .030631402 -.010376668
           .039671302 -.039573142       -.010376668  .014520255
     3  4 -.009324041  .009960352        .007683163 -.002815028
           .009960352 -.010286112       -.002815028  .003677103
     3  5 -.001742431  .001994707        .002187507 -.000707591
           .001994707 -.002177544       -.000707591  .000751849
     3  6 -.000156466  .000201996        .000394526 -.000078265
           .000201996 -.000268767       -.000078265  .000094329
     3  7 -.000018509  .000030382        .000098081 -.000015265
           .000030382 -.000052740       -.000015265  .000018484
     3  8 -.000006883  .000009461        .000023417 -.000004242
           .000009461 -.000016126       -.000004242  .000005772
     4  0 -.022804086 -.003373967        .183712434  .020451470
          -.003373967 -6.43543545        .020451470  1.00227782
     4  1 -.042961388  .077587689        .116151474  .024859499
           .077587689 -9.89103022        .024859499  3.01813525
     4  2  .211578986  .140882412        2.89069574  .106139511
           .140882412 -.140554030        .106139511  .061675802
     4  3 -.037403160  .039850629        .030938638 -.010415026
           .039850629 -.039761554       -.010415026  .014601122
     4  4 -.009364915  .010004399        .007737027 -.002827692
           .010004399 -.010337820       -.002827692  .003697411
     4  5 -.001749701  .002003709        .002206622 -.000712088
           .002003709 -.002189529       -.000712088  .000756760
     4  6 -.000157018  .000203294        .000399550 -.000078994
           .000203294 -.000271109       -.000078994  .000095251
     4  7 -.000018826  .000030846        .000099306 -.000015515
           .000030846 -.000053594       -.000015515  .000018786
     4  8 -.000007064  .000009662        .000023701 -.000004337
           .000009662 -.000016449       -.000004337  .000005893
     5  0 -.023281378 -.003432972        .184065536  .020485178
          -.003432972 -6.43786905        .020485178  1.00228304
     5  1 -.042991210  .077425828        .116748892  .025107967
           .077425828 -9.89794367        .025107967  3.01819254
     5  2  .203291502  .141634440        2.88837110  .106527037
           .141634440 -.141751316        .106527037  .062209599
     5  3 -.037494920  .040039483        .031497999 -.010467636
           .040039483 -.039977365       -.010467636  .014691710
     5  4 -.009393713  .010047879        .007841107 -.002841562
           .010047879 -.010394939       -.002841562  .003722911
     5  5 -.001749453  .002011739        .002248719 -.000718058
           .002011739 -.002203163       -.000718058  .000763221
     5  6 -.000158419  .000204983        .000405133 -.000080004
           .000204983 -.000274624       -.000080004  .000096719
     5  7 -.000019253  .000031626        .000101585 -.000015920
           .000031626 -.000055061       -.000015920  .000019324
     5  8 -.000007352  .000010029        .000024283 -.000004496
           .000010029 -.000017028       -.000004496  .000006108
     6  0 -.021557202 -.003257180        .185103906  .020486265
          -.003257180 -6.43418831        .020486265  1.00226982
     6  1 -.042723115  .077656157        .115299351  .024552495
           .077656157 -9.88807909        .024552495  3.01797604
     6  2  .226621070  .139667290        2.91806236  .107415575
           .139667290 -.138348347        .107415575  .060782031
     6  3 -.036600494  .039028013        .030651268 -.010288147
           .039028013 -.038966703       -.010288147  .014301644
     6  4 -.009064955  .009729296        .007670801 -.002766442
           .009729296 -.010062594       -.002766442  .003604943
     6  5 -.001688326  .001942746        .002169616 -.000697134
           .001942746 -.002128664       -.000697134  .000737683
     6  6 -.000149864  .000197414        .000396846 -.000077501
           .000197414 -.000264461       -.000077501  .000093215
     6  7 -.000017984  .000030015        .000097742 -.000015146
           .000030015 -.000052428       -.000015146  .000018415
     6  8 -.000006813  .000009491        .000023490 -.000004221
           .000009491 -.000016155       -.000004221  .000005791
     7  0 -.015839826 -.002551264        .191749948  .020970781
          -.002551264 -6.41419918        .020970781  1.00230509
     7  1 -.039521392  .080227196        .116536071  .024476525
           .080227196 -9.82790629        .024476525  3.01813746
     7  2  .278089396  .113202064        2.84873250  .119268990
           .113202064 -.107204509        .119268990  .051449334
     7  3 -.027082758  .029569681        .024938185 -.007543215
           .029569681 -.029399087       -.007543215  .011099171
     7  4 -.006408854  .007155040        .006362393 -.002000960
           .007155040 -.007420373       -.002000960  .002748721
     7  5 -.001264629  .001478464        .001705969 -.000536774
           .001478464 -.001643643       -.000536774  .000574704
     7  6 -.000106235  .000145159        .000311493 -.000058779
           .000145159 -.000206849       -.000058779  .000072860
     7  7 -.000010236  .000021745        .000081084 -.000011924
           .000021745 -.000042557       -.000011924  .000014969
     7  8 -.000004807  .000007106        .000018820 -.000003310
           .000007106 -.000013417       -.000003310  .000004750
     8  0  .001487831 -.000213906        .074309325  .015928005
          -.000213906 -5.88364031        .015928005  1.00179358
     8  1  .006188535  .003996848        .043133227  .021615528
           .003996848 -10.1460034        .021615528  2.99147192
     8  2  .350349905  .028688802        1.35253002  .039007314
           .028688802 -.019017315        .039007314  .010501840
     8  3 -.003128360  .003772043        .004298677 -.000961139
           .003772043 -.003763671       -.000961139  .001538861
     8  4 -.000482397  .000637577        .000875988 -.000184167
           .000637577 -.000681519       -.000184167  .000271553
     8  5 -.000050986  .000082574        .000175817 -.000035791
           .000082574 -.000102070       -.000035791  .000038773
     8  6 -.000003157  .000007485        .000027678 -.000003761
           .000007485 -.000012276       -.000003761  .000004486
     8  7  .000000035  .000000902        .000005647 -.000000571
           .000000902 -.000002087       -.000000571  .000000725
     8  8 -.000000049  .000000221        .000001065 -.000000118
           .000000221 -.000000501       -.000000118  .000000169
     9  0  .010874633  .001211584        .097850746  .017258072
           .001211584 -5.77840537        .017258072  1.00153679
     9  1  .000871376  .011872166        .034554811  .014774688
           .011872166 -9.75367494        .014774688  2.98690768
     9  2  .696520480  .017048009        3.51029553  .082867898
           .017048009 -.004156561        .082867898  .006783843
     9  3 -.000257529  .001090357        .004107956 -.000093424
           .001090357 -.001082013       -.000093424  .000807624
     9  4  .000016709  .000205962        .001027894 -.000073545
           .000205962 -.000263036       -.000073545  .000164656
     9  5  .000020140  .000034123        .000254171 -.000024831
           .000034123 -.000062294       -.000024831  .000028418
     9  6  .000006692  .000003726        .000050603 -.000003602
           .000003726 -.000012801       -.000003602  .000004815
     9  7  .000001900  .000000458        .000011340 -.000000639
           .000000458 -.000003074       -.000000639  .000001035
     9  8  .000000421  .000000082        .000002341 -.000000073
           .000000082 -.000000765       -.000000073  .000000250
