 ( 4i3 )
  1  8 10  2 npan, lm, ntype, spins
 ( 2i3 )
  3  2    ntls, nsets
 ( 3e22.14 )
 -0.64486798607462E+01 -0.64486239514690E+01 -0.64485680421918E+01
 ( 3e22.14 )
 -0.30474428765617E-01 -0.35388183242445E+00  0.19721395845317E+00
  0.10038782378480E+01  0.10279811324354E+01  0.89767901941130E+00
  0.51942942453425E+00  0.43372625048838E+00  0.53477866187784E+00
 -0.30515544795543E-01 -0.35755900621875E+00  0.19742983836351E+00
  0.10036066546252E+01  0.10272699343958E+01  0.89624769344260E+00
  0.51866907268752E+00  0.43334322742311E+00  0.53399829662544E+00
 -0.61850397942525E+01 -0.31586010066081E+01 -0.20672935321947E+01
 -0.17720333111727E+01 -0.21731908992418E+01 -0.28710180444359E+01
 -0.28805495001035E+01 -0.30471785421798E+01 -0.30232709477557E+01
 -0.61860889946051E+01 -0.31602702428784E+01 -0.20693773122166E+01
 -0.17723545564553E+01 -0.21731467548019E+01 -0.28710381446152E+01
 -0.28804601064647E+01 -0.30487359468147E+01 -0.30213771671396E+01
 -0.13654650612166E+00 -0.31456093070565E+00  0.15030321372574E+00
  0.97179491039959E+00  0.10178960679456E+01  0.10066781208256E+01
  0.60694984331177E+00  0.45994522369763E+00  0.52866847152691E+00
 -0.13666527542455E+00 -0.31579545716706E+00  0.15049233681626E+00
  0.97119668904043E+00  0.10174986474464E+01  0.10044482388515E+01
  0.60603083952753E+00  0.45940552321205E+00  0.52805679740011E+00
 -0.62175728841135E+01 -0.31815568658734E+01 -0.20027700347136E+01
 -0.18702752371370E+01 -0.20729303696607E+01 -0.29346852718612E+01
 -0.29481094868906E+01 -0.31566321206594E+01 -0.30170470940620E+01
 -0.62178727572286E+01 -0.31820174494946E+01 -0.20032302046639E+01
 -0.18736357716388E+01 -0.20748296777082E+01 -0.29340877199287E+01
 -0.29480427872286E+01 -0.31572274486040E+01 -0.30166407045969E+01
 -0.12565294909256E+00 -0.31126634970472E+00  0.15633807379288E+00
  0.99311797814891E+00  0.10601314375299E+01  0.10670609777035E+01
  0.62309339149719E+00  0.45010906955303E+00  0.50341851582812E+00
 -0.12581532397432E+00 -0.31192382120851E+00  0.15645996739922E+00
  0.99280358533051E+00  0.10597433533188E+01  0.10659223829161E+01
  0.62268909728627E+00  0.44993377554741E+00  0.50324800628135E+00
 -0.62130360503601E+01 -0.31779106665071E+01 -0.20279312429974E+01
 -0.17813968963677E+01 -0.20572531084690E+01 -0.29562638963874E+01
 -0.29648782259783E+01 -0.31578351247215E+01 -0.30222401465105E+01
 -0.62132663460317E+01 -0.31782229298007E+01 -0.20284254881412E+01
 -0.17823042622449E+01 -0.20570961049218E+01 -0.29553448730314E+01
 -0.29647764711359E+01 -0.31583647155371E+01 -0.30224331432287E+01
 -0.12371909409121E+00 -0.31589062883848E+00  0.15858241437965E+00
  0.10003179755226E+01  0.10705287918227E+01  0.10813793256966E+01
  0.63227913562771E+00  0.45063363702713E+00  0.49950699893211E+00
 -0.12376254137671E+00 -0.31559353871564E+00  0.15875369657636E+00
  0.99994999390409E+00  0.10701822804240E+01  0.10800900515571E+01
  0.63151686768597E+00  0.45028384733326E+00  0.49912464735526E+00
 -0.62112342108609E+01 -0.31763681887265E+01 -0.20377574415076E+01
 -0.17914827376749E+01 -0.20693704525944E+01 -0.29679916919774E+01
 -0.29755952848405E+01 -0.31595517197629E+01 -0.30241858875829E+01
 -0.62115922880720E+01 -0.31767779739230E+01 -0.20386355135259E+01
 -0.17925701494203E+01 -0.20700936623830E+01 -0.29679923943872E+01
 -0.29753620871314E+01 -0.31588186086833E+01 -0.30232075850288E+01
 -0.12541200180363E+00 -0.31524025208823E+00  0.15730473902923E+00
  0.99770869860412E+00  0.10674103719590E+01  0.10770219471820E+01
  0.62985878686472E+00  0.45148002220365E+00  0.50213256183734E+00
 -0.12536912402901E+00 -0.31498576731813E+00  0.15752689838090E+00
  0.99738463633034E+00  0.10671381962522E+01  0.10752054978393E+01
  0.62890874125973E+00  0.45092065291600E+00  0.50157125487815E+00
 -0.62122619572944E+01 -0.31772956595645E+01 -0.20370023986090E+01
 -0.17931515260184E+01 -0.20697989388424E+01 -0.29668221668224E+01
 -0.29741445134399E+01 -0.31610109597065E+01 -0.30247087942336E+01
 -0.62127276827738E+01 -0.31778890170851E+01 -0.20378938702900E+01
 -0.17939616766850E+01 -0.20714545431088E+01 -0.29670112416833E+01
 -0.29738292163620E+01 -0.31599801730502E+01 -0.30224022468195E+01
 -0.12777917591822E+00 -0.31369489334002E+00  0.15516803690578E+00
  0.99397419472714E+00  0.10614134906496E+01  0.10663354118058E+01
  0.62523163431188E+00  0.45290403601754E+00  0.50728267449302E+00
 -0.12735268180828E+00 -0.31059161883179E+00  0.15513009762202E+00
  0.99343839081452E+00  0.10611594739173E+01  0.10675136984767E+01
  0.62487498053620E+00  0.45316790828671E+00  0.50768532444502E+00
 -0.62143908502926E+01 -0.31791145511535E+01 -0.20356000379222E+01
 -0.18057615126893E+01 -0.20732866305690E+01 -0.29641769291390E+01
 -0.29691218864519E+01 -0.31577902277322E+01 -0.30215696328392E+01
 -0.62146683951301E+01 -0.31793673841604E+01 -0.20355147105303E+01
 -0.17987458352692E+01 -0.20703669295253E+01 -0.29625659221079E+01
 -0.29693829344970E+01 -0.31580325329181E+01 -0.30222201810151E+01
 -0.11780295921168E+00 -0.31589675694347E+00  0.15988702664048E+00
  0.10003374810782E+01  0.10680298556443E+01  0.10728180929741E+01
  0.62605886309169E+00  0.45024611030474E+00  0.50330194956005E+00
 -0.12299451557872E+00 -0.31707662652187E+00  0.15931421672078E+00
  0.99769769599576E+00  0.10636353823500E+01  0.10661081215531E+01
  0.62815843139856E+00  0.45173449487734E+00  0.50477516105112E+00
 -0.62107964986448E+01 -0.31770366164680E+01 -0.20355375075340E+01
 -0.18222607425747E+01 -0.20922936935072E+01 -0.29767092056843E+01
 -0.29711491023023E+01 -0.31521474549577E+01 -0.30086298084819E+01
 -0.62098245543728E+01 -0.31746736295406E+01 -0.20355928058794E+01
 -0.18193323990359E+01 -0.20786201349372E+01 -0.29620304535568E+01
 -0.29674308920852E+01 -0.31546015260558E+01 -0.30234469176673E+01
 -0.83851393182290E-01 -0.28338330120956E+00  0.16231935617918E+00
  0.95502142333168E+00  0.10045506478764E+01  0.10490350092378E+01
  0.59683608306050E+00  0.43437171225598E+00  0.48330193704202E+00
 -0.93648225083036E-01 -0.31364190412877E+00  0.16811196663717E+00
  0.91820088878364E+00  0.96450992053977E+00  0.96053677630039E+00
  0.54681714156854E+00  0.40044053551188E+00  0.44893373453603E+00
 -0.61864332899203E+01 -0.31558158268899E+01 -0.18531999450722E+01
 -0.17331798568211E+01 -0.20132393522267E+01 -0.29539211640002E+01
 -0.30016973056042E+01 -0.31795023511937E+01 -0.30890690991512E+01
 -0.61933499426671E+01 -0.31633889187908E+01 -0.18729458324626E+01
 -0.18040884435302E+01 -0.20656062041186E+01 -0.29664345490385E+01
 -0.29953051779238E+01 -0.31684632206707E+01 -0.30530431939866E+01
  0.19198504947029E-01  0.14423662854866E+00  0.28481156347195E+00
  0.84177059153372E+00  0.82546883542735E+00  0.71967507878237E+00
  0.45861725388587E+00  0.35244871269588E+00  0.38574453015857E+00
 -0.47033922430118E-02  0.11984405578458E+00  0.19798077650555E+00
  0.78994867494450E+00  0.77930964050732E+00  0.64401479055576E+00
  0.42242867721046E+00  0.32853913703403E+00  0.36431600947156E+00
 -0.57046102859521E+01 -0.33413989724810E+01 -0.16730294061634E+01
 -0.17197032726636E+01 -0.20595940559411E+01 -0.27953849718579E+01
 -0.29643425775486E+01 -0.31618013581730E+01 -0.32244479560757E+01
 -0.59456076211469E+01 -0.35782403449075E+01 -0.18553912672971E+01
 -0.17255525540528E+01 -0.21126769628933E+01 -0.28027294754623E+01
 -0.29575880494300E+01 -0.31659628079025E+01 -0.31518167519798E+01
  0.11000490945513E+00  0.32938601871803E-01  0.19872640796834E+00
  0.39595747230320E+00  0.41252334514742E+00  0.38909612329205E+00
  0.30656857251098E+00  0.26951143819432E+00  0.25852238546199E+00
  0.98583511905927E-01  0.15603839998204E-01  0.19878934433142E+00
  0.34574202640722E+00  0.34713909971600E+00  0.33081238508794E+00
  0.27561327356634E+00  0.24500081005308E+00  0.23928728678856E+00
 -0.55917997877906E+01 -0.32260840390743E+01 -0.57591183389920E+00
 -0.93150522774868E+00 -0.14282141210422E+01 -0.23664162029222E+01
 -0.29011514242195E+01 -0.32290188247941E+01 -0.31743027283990E+01
 -0.56204206247612E+01 -0.32479755924278E+01 -0.63528163167504E+00
 -0.95262965134458E+00 -0.14366238561391E+01 -0.23404127792799E+01
 -0.28774773480648E+01 -0.32519383663913E+01 -0.32483545801031E+01
