#-------------------------------------------------------------------------------
 start rspt
 Initialized constants. Machine eps = 2.2204460493e-16 
 fft column major dimensions:
       normal fft: 20 20 216, size = 86400
        super fft: 40 40 432, size = 691200
 mbases (matrix dimension mod spin) = 305
 mbasis set
 matrix dimension is 610
 initfft: start
 initfft: fft_ncmdim: 20 20 216 ... fft_scmdim: 40 40 432
 initfft: nrmdim: 216 20 20 ... srmdim: 432 40 40
 fftw_fft_init: wisdom read from rspt_fft_wisdom.0
 initfft: 
 (Tail,Energy) parameter set
     p     t     e
     1     1     1
     2     2     1
     3     3     1
     4     1     2
     5     2     2
 spin axis =  1.00000000  .000000000  .000000000 absolute
 spin axis euler angles: alpha =  .000000000 beta =  1.57079632 gamma =  .000000000
 eset 0
  L  T  S  n  f                 E
  0  1 -1  6 20  1.85483863062270
  1  1 -1  6 21  3.05587327674690
  2  1 -1  5  0  .197213958453170
  3  1 -1  5  0  1.00387823784800
  4  1 -1  5  0  1.02798113243540
  5  1 -1  6  0  .897679019411300
  6  1 -1  7  0  .519429424534250
  7  1 -1  8  0  .433726250488380
  8  1 -1  9  0  .534778661877840
  0  2 -1  6 20  1.80623919695372
  1  2 -1  6 21  3.00056153235509
  2  2 -1  5  0  .150303213725740
  3  2 -1  5  0  .971794910399590
  4  2 -1  5  0  1.01789606794560
  5  2 -1  6  0  1.00667812082560
  6  2 -1  7  0  .606949843311770
  7  2 -1  8  0  .459945223697630
  8  2 -1  9  0  .528668471526910
  0  3 -1  6 20  1.81222036693559
  1  3 -1  6 21  3.00729849023421
  2  3 -1  5  0  .156338073792880
  3  3 -1  5  0  .993117978148910
  4  3 -1  5  0  1.06013143752990
  5  3 -1  6  0  1.06706097770350
  6  3 -1  7  0  .623093391497190
  7  3 -1  8  0  .450109069553030
  8  3 -1  9  0  .503418515828120
  0  4 -1  6 20  1.81470172355130
  1  4 -1  6 21  3.01005292961731
  2  4 -1  5  0  .158582414379650
  3  4 -1  5  0  1.00031797552260
  4  4 -1  5  0  1.07052879182270
  5  4 -1  6  0  1.08137932569660
  6  4 -1  7  0  .632279135627710
  7  4 -1  8  0  .450633637027130
  8  4 -1  9  0  .499506998932110
  0  5 -1  6 20  1.81333336436218
  1  5 -1  6 21  3.00851555915199
  2  5 -1  5  0  .157304739029230
  3  5 -1  5  0  .997708698604120
  4  5 -1  5  0  1.06741037195900
  5  5 -1  6  0  1.07702194718200
  6  5 -1  7  0  .629858786864720
  7  5 -1  8  0  .451480022203650
  8  5 -1  9  0  .502132561837340
  0  6 -1  6 20  1.81109106845935
  1  6 -1  6 21  3.00612154865241
  2  6 -1  5  0  .155168036905780
  3  6 -1  5  0  .993974194727140
  4  6 -1  5  0  1.06141349064960
  5  6 -1  6  0  1.06633541180580
  6  6 -1  7  0  .625231634311880
  7  6 -1  8  0  .452904036017540
  8  6 -1  9  0  .507282674493020
  0  7 -1  6 20  1.81461972816679
  1  7 -1  6 21  3.01032640738057
  2  7 -1  5  0  .159887026640480
  3  7 -1  5  0  1.00033748107820
  4  7 -1  5  0  1.06802985564430
  5  7 -1  6  0  1.07281809297410
  6  7 -1  7  0  .626058863091690
  7  7 -1  8  0  .450246110304740
  8  7 -1  9  0  .503301949560050
  0  8 -1  6 20  1.83321084177206
  1  8 -1  6 21  3.02805330168038
  2  8 -1  5  0  .162319356179180
  3  8 -1  5  0  .955021423331680
  4  8 -1  5  0  1.00455064787640
  5  8 -1  6  0  1.04903500923780
  6  8 -1  7  0  .596836083060500
  7  8 -1  8  0  .434371712255980
  8  8 -1  9  0  .483301937042020
  0  9 -1  4 20  3.02228076149200
  1  9 -1  4 21  3.84772992709579
  2  9 -1  3  0  .284811563471950
  3  9 -1  4  0  .841770591533720
  4  9 -1  5  0  .825468835427350
  5  9 -1  6  0  .719675078782370
  6  9 -1  7  0  .458617253885870
  7  9 -1  8  0  .352448712695880
  8  9 -1  9  0  .385744530158570
  0 10 -1  5 20  2.67695862291795
  1 10 -1  5 21  3.66567646017595
  2 10 -1  4  0  .198726407968340
  3 10 -1  4  0  .395957472303200
  4 10 -1  5  0  .412523345147420
  5 10 -1  6  0  .389096123292050
  6 10 -1  7  0  .306568572510980
  7 10 -1  8  0  .269511438194320
  8 10 -1  9  0  .258522385461990
  0  1  1  6 20  1.85365701814831
  1  1  1  6 21  3.05494613908744
  2  1  1  5  0  .197429838363510
  3  1  1  5  0  1.00360665462520
  4  1  1  5  0  1.02726993439580
  5  1  1  6  0  .896247693442600
  6  1  1  7  0  .518669072687520
  7  1  1  8  0  .433343227423110
  8  1  1  9  0  .533998296625440
  0  2  1  6 20  1.80598410712807
  1  2  1  6 21  3.00039991954412
  2  2  1  5  0  .150492336816260
  3  2  1  5  0  .971196689040430
  4  2  1  5  0  1.01749864744640
  5  2  1  6  0  1.00444823885150
  6  2  1  7  0  .606030839527530
  7  2  1  8  0  .459405523212050
  8  2  1  9  0  .528056797400110
  0  3  1  6 20  1.81203498933523
  1  3  1  6 21  3.00717069273098
  2  3  1  5  0  .156459967399220
  3  3  1  5  0  .992803585330510
  4  3  1  5  0  1.05974335331880
  5  3  1  6  0  1.06592238291610
  6  3  1  7  0  .622689097286270
  7  3  1  8  0  .449933775547410
  8  3  1  9  0  .503248006281350
  0  4  1  6 20  1.81428343225738
  1  4  1  6 21  3.00972329540764
  2  4  1  5  0  .158753696576360
  3  4  1  5  0  .999949993904090
  4  4  1  5  0  1.07018228042400
  5  4  1  6  0  1.08009005155710
  6  4  1  7  0  .631516867685970
  7  4  1  8  0  .450283847333260
  8  4  1  9  0  .499124647355260
  0  5  1  6 20  1.81273092971275
  1  5  1  6 21  3.00804068406943
  2  5  1  5  0  .157526898380900
  3  5  1  5  0  .997384636330340
  4  5  1  5  0  1.06713819625220
  5  5  1  6  0  1.07520549783930
  6  5  1  7  0  .628908741259730
  7  5  1  8  0  .450920652916000
  8  5  1  9  0  .501571254878150
  0  6  1  6 20  1.81039694280678
  1  6  1  6 21  3.00548303072362
  2  6  1  5  0  .155130097622020
  3  6  1  5  0  .993438390814520
  4  6  1  5  0  1.06115947391730
  5  6  1  6  0  1.06751369847670
  6  6  1  7  0  .624874980536200
  7  6  1  8  0  .453167908286710
  8  6  1  9  0  .507685324445020
  0  7  1  6 20  1.81724409366089
  1  7  1  6 21  3.01257116668967
  2  7  1  5  0  .159314216720780
  3  7  1  5  0  .997697695995760
  4  7  1  5  0  1.06363538235000
  5  7  1  6  0  1.06610812155310
  6  7  1  7  0  .628158431398560
  7  7  1  8  0  .451734494877340
  8  7  1  9  0  .504775161051120
  0  8  1  6 20  1.83149536782955
  1  8  1  6 21  3.02796933137144
  2  8  1  5  0  .168111966637170
  3  8  1  5  0  .918200888783640
  4  8  1  5  0  .964509920539770
  5  8  1  6  0  .960536776300390
  6  8  1  7  0  .546817141568540
  7  8  1  8  0  .400440535511880
  8  8  1  9  0  .448933734536030
  0  9  1  4 20  2.86942442197191
  1  9  1  4 21  3.70528330235214
  2  9  1  3  0  .197980776505550
  3  9  1  4  0  .789948674944500
  4  9  1  5  0  .779309640507320
  5  9  1  6  0  .644014790555760
  6  9  1  7  0  .422428677210460
  7  9  1  8  0  .328539137034030
  8  9  1  9  0  .364316009471560
  0 10  1  5 20  2.66325985217843
  1 10  1  5 21  3.65435290920401
  2 10  1  4  0  .198789344331420
  3 10  1  4  0  .345742026407220
  4 10  1  5  0  .347139099716000
  5 10  1  6  0  .330812385087940
  6 10  1  7  0  .275613273566340
  7 10  1  8  0  .245000810053080
  8 10  1  9  0  .239287286788560
 eset 1
  L  T  S  n  f                 E
  0  1 -1  5 -1 -6.40659160414453
  1  1 -1  5 -1 -3.23213032664443
  2  1 -1  5  0 -2.06729353219470
  3  1 -1  5  0 -1.77203331117270
  4  1 -1  5  0 -2.17319089924180
  5  1 -1  6  0 -2.87101804443590
  6  1 -1  7  0 -2.88054950010350
  7  1 -1  8  0 -3.04717854217980
  8  1 -1  9  0 -3.02327094775570
  0  2 -1  5 -1 -6.44583004737070
  1  2 -1  5 -1 -3.27226597447074
  2  2 -1  5  0 -2.00277003471360
  3  2 -1  5  0 -1.87027523713700
  4  2 -1  5  0 -2.07293036966070
  5  2 -1  6  0 -2.93468527186120
  6  2 -1  7  0 -2.94810948689060
  7  2 -1  8  0 -3.15663212065940
  8  2 -1  9  0 -3.01704709406200
  0  3 -1  5 -1 -6.44143201878523
  1  3 -1  5 -1 -3.26768106683556
  2  3 -1  5  0 -2.02793124299740
  3  3 -1  5  0 -1.78139689636770
  4  3 -1  5  0 -2.05725310846900
  5  3 -1  6  0 -2.95626389638740
  6  3 -1  7  0 -2.96487822597830
  7  3 -1  8  0 -3.15783512472150
  8  3 -1  9  0 -3.02224014651050
  0  4 -1  5 -1 -6.43908253610138
  1  4 -1  5 -1 -3.26534291721028
  2  4 -1  5  0 -2.03775744150760
  3  4 -1  5  0 -1.79148273767490
  4  4 -1  5  0 -2.06937045259440
  5  4 -1  6  0 -2.96799169197740
  6  4 -1  7  0 -2.97559528484050
  7  4 -1  8  0 -3.15955171976290
  8  4 -1  9  0 -3.02418588758290
  0  5 -1  5 -1 -6.44030581194625
  1  5 -1  5 -1 -3.26655187056554
  2  5 -1  5  0 -2.03700239860900
  3  5 -1  5  0 -1.79315152601840
  4  5 -1  5  0 -2.06979893884240
  5  5 -1  6  0 -2.96682216682240
  6  5 -1  7  0 -2.97414451343990
  7  5 -1  8  0 -3.16101095970650
  8  5 -1  9  0 -3.02470879423360
  0  6 -1  5 -1 -6.44273045826876
  1  6 -1  5 -1 -3.26892113002419
  2  6 -1  5  0 -2.03560003792220
  3  6 -1  5  0 -1.80576151268930
  4  6 -1  5  0 -2.07328663056900
  5  6 -1  6  0 -2.96417692913900
  6  6 -1  7  0 -2.96912188645190
  7  6 -1  8  0 -3.15779022773220
  8  6 -1  9  0 -3.02156963283920
  0  7 -1  5 -1 -6.43907036574061
  1  7 -1  5 -1 -3.26558241290134
  2  7 -1  5  0 -2.03553750753400
  3  7 -1  5  0 -1.82226074257470
  4  7 -1  5  0 -2.09229369350720
  5  7 -1  6  0 -2.97670920568430
  6  7 -1  7  0 -2.97114910230230
  7  7 -1  8  0 -3.15214745495770
  8  7 -1  9  0 -3.00862980848190
  0  8 -1  5 -1 -6.41915057209010
  1  8 -1  5 -1 -3.24524292306257
  2  8 -1  5  0 -1.85319994507220
  3  8 -1  5  0 -1.73317985682110
  4  8 -1  5  0 -2.01323935222670
  5  8 -1  6  0 -2.95392116400020
  6  8 -1  7  0 -3.00169730560420
  7  8 -1  8  0 -3.17950235119370
  8  8 -1  9  0 -3.08906909915120
  0  9 -1  3 -1 -5.89821011763666
  1  9 -1  3 -1 -3.40901046345069
  2  9 -1  3  0 -1.67302940616340
  3  9 -1  4  0 -1.71970327266360
  4  9 -1  5  0 -2.05959405594110
  5  9 -1  6  0 -2.79538497185790
  6  9 -1  7  0 -2.96434257754860
  7  9 -1  8  0 -3.16180135817300
  8  9 -1  9  0 -3.22444795607570
  0 10 -1  4 -1 -5.79225936838369
  1 10 -1  4 -1 -3.27508410841036
  2 10 -1  4  0 -.575911833899200
  3 10 -1  4  0 -.931505227748680
  4 10 -1  5  0 -1.42821412104220
  5 10 -1  6  0 -2.36641620292220
  6 10 -1  7  0 -2.90115142421950
  7 10 -1  8  0 -3.22901882479410
  8 10 -1  9  0 -3.17430272839900
  0  1  1  5 -1 -6.40755491666086
  1  1  1  5 -1 -3.23333759571090
  2  1  1  5  0 -2.06937731221660
  3  1  1  5  0 -1.77235455645530
  4  1  1  5  0 -2.17314675480190
  5  1  1  6  0 -2.87103814461520
  6  1  1  7  0 -2.88046010646470
  7  1  1  8  0 -3.04873594681470
  8  1  1  9  0 -3.02137716713960
  0  2  1  5 -1 -6.44607972006778
  1  2  1  5 -1 -3.27257504022705
  2  2  1  5  0 -2.00323020466390
  3  2  1  5  0 -1.87363577163880
  4  2  1  5  0 -2.07482967770820
  5  2  1  6  0 -2.93408771992870
  6  2  1  7  0 -2.94804278722860
  7  2  1  8  0 -3.15722744860400
  8  2  1  9  0 -3.01664070459690
  0  3  1  5 -1 -6.44160308507341
  1  3  1  5 -1 -3.26789373205709
  2  3  1  5  0 -2.02842548814120
  3  3  1  5  0 -1.78230426224490
  4  3  1  5  0 -2.05709610492180
  5  3  1  6  0 -2.95534487303140
  6  3  1  7  0 -2.96477647113590
  7  3  1  8  0 -3.15836471553710
  8  3  1  9  0 -3.02243314322870
  0  4  1  5 -1 -6.43943621238730
  1  4  1  5 -1 -3.26578081981854
  2  4  1  5  0 -2.03863551352590
  3  4  1  5  0 -1.79257014942030
  4  4  1  5  0 -2.07009366238300
  5  4  1  6  0 -2.96799239438720
  6  4  1  7  0 -2.97536208713140
  7  4  1  8  0 -3.15881860868330
  8  4  1  9  0 -3.02320758502880
  0  5  1  5 -1 -6.44080969437402
  1  5  1  5 -1 -3.26717679064778
  2  5  1  5  0 -2.03789387029000
  3  5  1  5  0 -1.79396167668500
  4  5  1  5  0 -2.07145454310880
  5  5  1  6  0 -2.96701124168330
  6  5  1  7  0 -2.97382921636200
  7  5  1  8  0 -3.15998017305020
  8  5  1  9  0 -3.02240224681950
  0  6  1  5 -1 -6.44322230044234
  1  6  1  5 -1 -3.26953364018473
  2  6  1  5  0 -2.03551471053030
  3  6  1  5  0 -1.79874583526920
  4  6  1  5  0 -2.07036692952530
  5  6  1  6  0 -2.96256592210790
  6  6  1  7  0 -2.96938293449700
  7  6  1  8  0 -3.15803253291810
  8  6  1  9  0 -3.02222018101510
  0  7  1  5 -1 -6.43711183253788
  1  7  1  5 -1 -3.26313633729001
  2  7  1  5  0 -2.03559280587940
  3  7  1  5  0 -1.81933239903590
  4  7  1  5  0 -2.07862013493720
  5  7  1  6  0 -2.96203045355680
  6  7  1  7  0 -2.96743089208520
  7  7  1  8  0 -3.15460152605580
  8  7  1  9  0 -3.02344691766730
  0  8  1  5 -1 -6.42199671098783
  1  8  1  5 -1 -3.24870669912075
  2  8  1  5  0 -1.87294583246260
  3  8  1  5  0 -1.80408844353020
  4  8  1  5  0 -2.06560620411860
  5  8  1  6  0 -2.96643454903850
  6  8  1  7  0 -2.99530517792380
  7  8  1  8  0 -3.16846322067070
  8  8  1  9  0 -3.05304319398660
  0  9  1  3 -1 -6.14144169371690
  1  9  1  3 -1 -3.64668917885987
  2  9  1  3  0 -1.85539126729710
  3  9  1  4  0 -1.72555255405280
  4  9  1  5  0 -2.11267696289330
  5  9  1  6  0 -2.80272947546230
  6  9  1  7  0 -2.95758804943000
  7  9  1  8  0 -3.16596280790250
  8  9  1  9  0 -3.15181675197980
  0 10  1  4 -1 -5.81301519880093
  1 10  1  4 -1 -3.29627857538390
  2 10  1  4  0 -.635281631675040
  3 10  1  4  0 -.952629651344580
  4 10  1  5  0 -1.43662385613910
  5 10  1  6  0 -2.34041277927990
  6 10  1  7  0 -2.87747734806480
  7 10  1  8  0 -3.25193836639130
  8 10  1  9  0 -3.24835458010310
basisFT:    M0    M1    M2     vectors (column major order)
basisFT:     5     5    54       13189
basisFT: radii           1           2
basisFT:     2  2.04760083  2.42751365
basisFT: L+N+1           6           6
basisFT:  maxL
basisFT:     2
initBasisFT: basis Fourier Transform parameters
      radii and powers:
        2.04760083     6
        2.42751365     6
          Lm    M0    M1    M2
           2     5     5    54
 initfft: wisdom written to rspt_fft_wisdom.0
 end rspt
#-------------------------------------------------------------------------------
