"Start runs srun -n 248 rspt 1.00e-10 500 on nid001155,  Sun Dec 14 20:10:02 2025"
"Start runs srun -n 124 rspt 1.00e-10 500 on nid001138,  Sun Dec 14 20:13:33 2025"
  1.09839340e-02 -298194.224153662  2.98194224e+05
  2.47456100e-01 -298344.670621815  1.50446468e+02
  2.49711730e-02 -298367.898813086  2.32281913e+01
  1.58562360e-01 -298354.445927325  1.34528858e+01
  3.12106680e-01 -298340.547434740  1.38984926e+01
  2.42526180e-02 -298367.776547663  2.72291129e+01
  4.25726670e-02 -298364.215782709  3.56076495e+00
  3.22918240e-02 -298366.582519180  2.36673647e+00
  1.08373450e-02 -298368.483310376  1.90079120e+00
  2.12901320e-02 -298368.115821622  3.67488754e-01
  7.06120370e-03 -298370.033320886  1.91749926e+00
  8.41249290e-01 -298286.143741062  8.38895798e+01
  2.97350530e-02 -298367.486587459  8.13428464e+01
  1.71493030e+00 -298200.018364081  1.67468223e+02
  6.76690790e-03 -298368.707477546  1.68689113e+02
  2.39946220e-02 -298361.704426583  7.00305096e+00
  1.86501260e-03 -298370.882800457  9.17837387e+00
  6.79724460e-04 -298371.015200042  1.32399585e-01
  4.52347290e-04 -298371.036057919  2.08578770e-02
  3.57450230e-04 -298371.057496063  2.14381440e-02
  3.09008760e-04 -298371.068497942  1.10018790e-02
  3.30627890e-04 -298371.068630788  1.32846006e-04
  6.94718070e-04 -298371.034568728  3.40620600e-02
  5.67772860e-04 -298371.046125519  1.15567910e-02
  9.99448650e-03 -298370.103004319  9.43121200e-01
  9.55094270e-03 -298370.145387528  4.23832090e-02
  9.05165260e-03 -298369.198932574  9.46454954e-01
  8.82343810e-04 -298370.997927761  1.79899519e+00
  1.56518650e-01 -298347.321847790  2.36760800e+01
  2.14708830e-03 -298370.816857660  2.34950099e+01
  1.03057270e-02 -298369.737362105  1.07949556e+00
  1.03126930e+00 -298267.288987334  1.02448375e+02
  4.73955320e-02 -298366.034554770  9.87455674e+01
  3.56244360e+00 -298018.247926516  3.47786628e+02
  1.22271930e-02 -298368.677418239  3.50429492e+02
  7.76956350e-02 -298358.294386054  1.03830322e+01
  4.47268210e-03 -298370.585294482  1.22909084e+01
  6.64731760e-03 -298369.451760948  1.13353353e+00
  1.51510210e-03 -298370.734712070  1.28295112e+00
  6.88454540e-04 -298371.012501372  2.77789302e-01
  6.74448810e-05 -298371.097835094  8.53337220e-02
  5.92621750e-03 -298370.473013380  6.24821714e-01
  1.15193950e-04 -298371.086299146  6.13285766e-01
  2.85148660e-03 -298370.762706432  3.23592714e-01
  1.78737620e-04 -298371.079632862  3.16926430e-01
  7.67880220e-04 -298370.971133110  1.08499752e-01
  7.61999860e-06 -298371.112343767  1.41210657e-01
  2.01449400e-05 -298371.110959299  1.38446799e-03
  2.15979250e-05 -298371.110834100  1.25199032e-04
  1.10403870e-05 -298371.111654376  8.20276036e-04
  4.08789760e-06 -298371.112981591  1.32721500e-03
  4.26004210e-05 -298371.108959621  4.02197003e-03
  8.39982770e-06 -298371.112567861  3.60823999e-03
  2.33164650e-04 -298371.089485977  2.30818840e-02
  2.48176200e-05 -298371.110984747  2.14987700e-02
  1.48143980e-05 -298371.111674863  6.90115965e-04
  5.36022700e-05 -298371.105734191  5.94067195e-03
  5.53055310e-05 -298371.105451908  2.82282999e-04
  5.64457680e-06 -298371.112497145  7.04523700e-03
  7.09906840e-06 -298371.112442225  5.49200340e-05
  1.24260630e-06 -298371.113327679  8.85454006e-04
  3.68333380e-05 -298371.109604564  3.72311502e-03
  2.39804590e-06 -298371.113247301  3.64273705e-03
  1.94522340e-04 -298371.094032395  1.92149060e-02
  1.28355670e-06 -298371.113357190  1.93247950e-02
  4.32672010e-06 -298371.112793725  5.63465001e-04
  4.25980020e-07 -298371.113588509  7.94783991e-04
  5.18570920e-07 -298371.113588498  1.10012479e-08
  5.13492600e-07 -298371.113591801  3.30305193e-06
  6.09446740e-07 -298371.113589424  2.37702625e-06
  4.70149270e-07 -298371.113583769  5.65499067e-06
  1.91530390e-05 -298371.111781432  1.80233701e-03
  3.97468240e-07 -298371.113610152  1.82871998e-03
  4.15596940e-06 -298371.113196452  4.13700007e-04
  4.18647460e-07 -298371.113622980  4.26528044e-04
  9.02200550e-07 -298371.113572622  5.03580086e-05
  2.33173430e-07 -298371.113669565  9.69429966e-05
  2.07541970e-07 -298371.113682274  1.27090025e-05
  1.54350030e-07 -298371.113715655  3.33809876e-05
  5.44438940e-08 -298371.113727930  1.22750062e-05
  8.48466360e-08 -298371.113703436  2.44940165e-05
  2.88561440e-06 -298371.113403896  2.99539999e-04
  5.06896640e-07 -298371.113651814  2.47918011e-04
  1.94474860e-05 -298371.111781151  1.87066302e-03
  1.93921980e-06 -298371.113468674  1.68752304e-03
  3.25566580e-06 -298371.113261420  2.07254023e-04
  6.89719570e-07 -298371.113602498  3.41078034e-04
  4.46854530e-07 -298371.113629405  2.69069569e-05
  7.13538750e-07 -298371.113537370  9.20349848e-05
  2.91281350e-06 -298371.113216089  3.21280968e-04
  7.71241770e-09 -298371.113612537  3.96447955e-04
  9.44803330e-07 -298371.113521107  9.14299744e-05
  1.09165160e-08 -298371.113612468  9.13609983e-05
  5.43312950e-07 -298371.113560762  5.17059816e-05
  1.55732670e-09 -298371.113613551  5.27889933e-05
  4.28797400e-09 -298371.113613584  3.30037437e-08
  6.52882220e-10 -298371.113614386  8.01985152e-07
  5.87878410e-10 -298371.113614541  1.55007001e-07
  1.26751180e-10 -298371.113617107  2.56596832e-06
  4.32285060e-11 -298371.113617044  6.29806891e-08
"Start runs srun -n 60 rspt 1.00e-08 1 on nid001138,  Sun Dec 14 21:20:15 2025"
"Start runs srun -n 124 rspt 1.00e-10 500 on nid001090,  Sun Dec 14 21:23:39 2025"
"Start runs rspt 1.00e-08 1 on nid001110,  Sun Dec 14 21:31:57 2025"
"Start runs rspt 1.00e-08 1 on nid001090,  Sun Dec 14 21:57:21 2025"
  4.32285060e-11 -298371.113617044  2.98371114e+05
