"Start runs srun -n 248 rspt 1.00e-10 500 on nid001155, Sun Dec 14 20:10:02 2025"
"Start runs srun -n 124 rspt 1.00e-10 500 on nid001138, Sun Dec 14 20:13:33 2025"
     0, -298194.224153662
     1, -298344.670621815
     2, -298367.898813086
     3, -298354.445927325
     4, -298340.547434740
     5, -298367.776547663
     6, -298364.215782709
     7, -298366.582519180
     8, -298368.483310376
     9, -298368.115821622
    10, -298370.033320886
    11, -298286.143741062
    12, -298367.486587459
    13, -298200.018364081
    14, -298368.707477546
    15, -298361.704426583
    16, -298370.882800457
    17, -298371.015200042
    18, -298371.036057919
    19, -298371.057496063
    20, -298371.068497942
    21, -298371.068630788
    22, -298371.034568728
    23, -298371.046125519
    24, -298370.103004319
    25, -298370.145387528
    26, -298369.198932574
    27, -298370.997927761
    28, -298347.321847790
    29, -298370.816857660
    30, -298369.737362105
    31, -298267.288987334
    32, -298366.034554770
    33, -298018.247926516
    34, -298368.677418239
    35, -298358.294386054
    36, -298370.585294482
    37, -298369.451760948
    38, -298370.734712070
    39, -298371.012501372
    40, -298371.097835094
    41, -298370.473013380
    42, -298371.086299146
    43, -298370.762706432
    44, -298371.079632862
    45, -298370.971133110
    46, -298371.112343767
    47, -298371.110959299
    48, -298371.110834100
    49, -298371.111654376
    50, -298371.112981591
    51, -298371.108959621
    52, -298371.112567861
    53, -298371.089485977
    54, -298371.110984747
    55, -298371.111674863
    56, -298371.105734191
    57, -298371.105451908
    58, -298371.112497145
    59, -298371.112442225
    60, -298371.113327679
    61, -298371.109604564
    62, -298371.113247301
    63, -298371.094032395
    64, -298371.113357190
    65, -298371.112793725
    66, -298371.113588509
    67, -298371.113588498
    68, -298371.113591801
    69, -298371.113589424
    70, -298371.113583769
    71, -298371.111781432
    72, -298371.113610152
    73, -298371.113196452
    74, -298371.113622980
    75, -298371.113572622
    76, -298371.113669565
    77, -298371.113682274
    78, -298371.113715655
    79, -298371.113727930
    80, -298371.113703436
    81, -298371.113403896
    82, -298371.113651814
    83, -298371.111781151
    84, -298371.113468674
    85, -298371.113261420
    86, -298371.113602498
    87, -298371.113629405
    88, -298371.113537370
    89, -298371.113216089
    90, -298371.113612537
    91, -298371.113521107
    92, -298371.113612468
    93, -298371.113560762
    94, -298371.113613551
    95, -298371.113613584
    96, -298371.113614386
    97, -298371.113614541
    98, -298371.113617107
    99, -298371.113617044
"Start runs srun -n 60 rspt 1.00e-08 1 on nid001138, Sun Dec 14 21:20:15 2025"
"Start runs srun -n 124 rspt 1.00e-10 500 on nid001090, Sun Dec 14 21:23:39 2025"
"Start runs rspt 1.00e-08 1 on nid001110, Sun Dec 14 21:31:57 2025"
"Start runs rspt 1.00e-08 1 on nid001090, Sun Dec 14 21:57:21 2025"
    99, -298371.113617044
