#      order       spins
           2           2
#              Pi1               Pi2               Pi3                       p
# element 0
  1.00000000000000  .000000000000000  .000000000000000        .000000000000000
  .000000000000000  1.00000000000000  .000000000000000        .000000000000000
  .000000000000000  .000000000000000  1.00000000000000        .000000000000000
# element 1
 -1.00000000000000  .000000000000000  .000000000000000        .000000000000000
  .000000000000000  1.00000000000000  .000000000000000        .000000000000000
  .000000000000000  .000000000000000  1.00000000000000        .000000000000000
#      types
          10
# type 0
           1 # site(s)
 -.333333333333333 -.333333333333333 -.011262906001062       #     tau 0
  .000000000000000  1.57079632679489  .000000000000000     1 #     alpha, beta, gamma, inversion
          45 # harmonics
#    L     n     m                ar                ai
     0     1     0  1.00000000000000  .000000000000000 # harmonic 0
     1     2    -1 -.707106781186547  .000000000000000 # harmonic 1
                 1 -.707106781186547  .000000000000000
     1     2    -1  .000000000000000  .707106781186547 # harmonic 2
                 1  .000000000000000 -.707106781186547
     2     2    -2  .000000000000000 -.707106781186547 # harmonic 3
                 2  .000000000000000  .707106781186547
     2     1     0 -1.00000000000000  .000000000000000 # harmonic 4
     2     2    -2 -.707106781186547  .000000000000000 # harmonic 5
                 2 -.707106781186547  .000000000000000
     3     2    -3  .707106781186547  .000000000000000 # harmonic 6
                 3  .707106781186547  .000000000000000
     3     2    -1  .707106781186547  .000000000000000 # harmonic 7
                 1  .707106781186547  .000000000000000
     3     2    -1  .000000000000000 -.707106781186547 # harmonic 8
                 1  .000000000000000  .707106781186547
     3     2    -3  .000000000000000 -.707106781186547 # harmonic 9
                 3  .000000000000000  .707106781186547
     4     2    -4  .000000000000000  .707106781186547 # harmonic 10
                 4  .000000000000000 -.707106781186547
     4     2    -2  .000000000000000  .707106781186547 # harmonic 11
                 2  .000000000000000 -.707106781186547
     4     1     0  1.00000000000000  .000000000000000 # harmonic 12
     4     2    -2  .707106781186547  .000000000000000 # harmonic 13
                 2  .707106781186547  .000000000000000
     4     2    -4  .707106781186547  .000000000000000 # harmonic 14
                 4  .707106781186547  .000000000000000
     5     2    -5 -.707106781186547  .000000000000000 # harmonic 15
                 5 -.707106781186547  .000000000000000
     5     2    -3 -.707106781186547  .000000000000000 # harmonic 16
                 3 -.707106781186547  .000000000000000
     5     2    -1 -.707106781186547  .000000000000000 # harmonic 17
                 1 -.707106781186547  .000000000000000
     5     2    -1  .000000000000000  .707106781186547 # harmonic 18
                 1  .000000000000000 -.707106781186547
     5     2    -3  .000000000000000  .707106781186547 # harmonic 19
                 3  .000000000000000 -.707106781186547
     5     2    -5  .000000000000000  .707106781186547 # harmonic 20
                 5  .000000000000000 -.707106781186547
     6     2    -6  .000000000000000 -.707106781186547 # harmonic 21
                 6  .000000000000000  .707106781186547
     6     2    -4  .000000000000000 -.707106781186547 # harmonic 22
                 4  .000000000000000  .707106781186547
     6     2    -2  .000000000000000 -.707106781186547 # harmonic 23
                 2  .000000000000000  .707106781186547
     6     1     0 -1.00000000000000  .000000000000000 # harmonic 24
     6     2    -2 -.707106781186547  .000000000000000 # harmonic 25
                 2 -.707106781186547  .000000000000000
     6     2    -4 -.707106781186547  .000000000000000 # harmonic 26
                 4 -.707106781186547  .000000000000000
     6     2    -6 -.707106781186547  .000000000000000 # harmonic 27
                 6 -.707106781186547  .000000000000000
     7     2    -7  .707106781186547  .000000000000000 # harmonic 28
                 7  .707106781186547  .000000000000000
     7     2    -5  .707106781186547  .000000000000000 # harmonic 29
                 5  .707106781186547  .000000000000000
     7     2    -3  .707106781186547  .000000000000000 # harmonic 30
                 3  .707106781186547  .000000000000000
     7     2    -1  .707106781186547  .000000000000000 # harmonic 31
                 1  .707106781186547  .000000000000000
     7     2    -1  .000000000000000 -.707106781186547 # harmonic 32
                 1  .000000000000000  .707106781186547
     7     2    -3  .000000000000000 -.707106781186547 # harmonic 33
                 3  .000000000000000  .707106781186547
     7     2    -5  .000000000000000 -.707106781186547 # harmonic 34
                 5  .000000000000000  .707106781186547
     7     2    -7  .000000000000000 -.707106781186547 # harmonic 35
                 7  .000000000000000  .707106781186547
     8     2    -8  .000000000000000  .707106781186547 # harmonic 36
                 8  .000000000000000 -.707106781186547
     8     2    -6  .000000000000000  .707106781186547 # harmonic 37
                 6  .000000000000000 -.707106781186547
     8     2    -4  .000000000000000  .707106781186547 # harmonic 38
                 4  .000000000000000 -.707106781186547
     8     2    -2  .000000000000000  .707106781186547 # harmonic 39
                 2  .000000000000000 -.707106781186547
     8     1     0  1.00000000000000  .000000000000000 # harmonic 40
     8     2    -2  .707106781186547  .000000000000000 # harmonic 41
                 2  .707106781186547  .000000000000000
     8     2    -4  .707106781186547  .000000000000000 # harmonic 42
                 4  .707106781186547  .000000000000000
     8     2    -6  .707106781186547  .000000000000000 # harmonic 43
                 6  .707106781186547  .000000000000000
     8     2    -8  .707106781186547  .000000000000000 # harmonic 44
                 8  .707106781186547  .000000000000000
# type 1
           1 # site(s)
  .333333333333333  .333333333333333  .064394685709634       #     tau 0
  .000000000000000  1.57079632679489  .000000000000000     1 #     alpha, beta, gamma, inversion
          45 # harmonics
#    L     n     m                ar                ai
     0     1     0  1.00000000000000  .000000000000000 # harmonic 0
     1     2    -1 -.707106781186547  .000000000000000 # harmonic 1
                 1 -.707106781186547  .000000000000000
     1     2    -1  .000000000000000  .707106781186547 # harmonic 2
                 1  .000000000000000 -.707106781186547
     2     2    -2  .000000000000000 -.707106781186547 # harmonic 3
                 2  .000000000000000  .707106781186547
     2     1     0 -1.00000000000000  .000000000000000 # harmonic 4
     2     2    -2 -.707106781186547  .000000000000000 # harmonic 5
                 2 -.707106781186547  .000000000000000
     3     2    -3  .707106781186547  .000000000000000 # harmonic 6
                 3  .707106781186547  .000000000000000
     3     2    -1  .707106781186547  .000000000000000 # harmonic 7
                 1  .707106781186547  .000000000000000
     3     2    -1  .000000000000000 -.707106781186547 # harmonic 8
                 1  .000000000000000  .707106781186547
     3     2    -3  .000000000000000 -.707106781186547 # harmonic 9
                 3  .000000000000000  .707106781186547
     4     2    -4  .000000000000000  .707106781186547 # harmonic 10
                 4  .000000000000000 -.707106781186547
     4     2    -2  .000000000000000  .707106781186547 # harmonic 11
                 2  .000000000000000 -.707106781186547
     4     1     0  1.00000000000000  .000000000000000 # harmonic 12
     4     2    -2  .707106781186547  .000000000000000 # harmonic 13
                 2  .707106781186547  .000000000000000
     4     2    -4  .707106781186547  .000000000000000 # harmonic 14
                 4  .707106781186547  .000000000000000
     5     2    -5 -.707106781186547  .000000000000000 # harmonic 15
                 5 -.707106781186547  .000000000000000
     5     2    -3 -.707106781186547  .000000000000000 # harmonic 16
                 3 -.707106781186547  .000000000000000
     5     2    -1 -.707106781186547  .000000000000000 # harmonic 17
                 1 -.707106781186547  .000000000000000
     5     2    -1  .000000000000000  .707106781186547 # harmonic 18
                 1  .000000000000000 -.707106781186547
     5     2    -3  .000000000000000  .707106781186547 # harmonic 19
                 3  .000000000000000 -.707106781186547
     5     2    -5  .000000000000000  .707106781186547 # harmonic 20
                 5  .000000000000000 -.707106781186547
     6     2    -6  .000000000000000 -.707106781186547 # harmonic 21
                 6  .000000000000000  .707106781186547
     6     2    -4  .000000000000000 -.707106781186547 # harmonic 22
                 4  .000000000000000  .707106781186547
     6     2    -2  .000000000000000 -.707106781186547 # harmonic 23
                 2  .000000000000000  .707106781186547
     6     1     0 -1.00000000000000  .000000000000000 # harmonic 24
     6     2    -2 -.707106781186547  .000000000000000 # harmonic 25
                 2 -.707106781186547  .000000000000000
     6     2    -4 -.707106781186547  .000000000000000 # harmonic 26
                 4 -.707106781186547  .000000000000000
     6     2    -6 -.707106781186547  .000000000000000 # harmonic 27
                 6 -.707106781186547  .000000000000000
     7     2    -7  .707106781186547  .000000000000000 # harmonic 28
                 7  .707106781186547  .000000000000000
     7     2    -5  .707106781186547  .000000000000000 # harmonic 29
                 5  .707106781186547  .000000000000000
     7     2    -3  .707106781186547  .000000000000000 # harmonic 30
                 3  .707106781186547  .000000000000000
     7     2    -1  .707106781186547  .000000000000000 # harmonic 31
                 1  .707106781186547  .000000000000000
     7     2    -1  .000000000000000 -.707106781186547 # harmonic 32
                 1  .000000000000000  .707106781186547
     7     2    -3  .000000000000000 -.707106781186547 # harmonic 33
                 3  .000000000000000  .707106781186547
     7     2    -5  .000000000000000 -.707106781186547 # harmonic 34
                 5  .000000000000000  .707106781186547
     7     2    -7  .000000000000000 -.707106781186547 # harmonic 35
                 7  .000000000000000  .707106781186547
     8     2    -8  .000000000000000  .707106781186547 # harmonic 36
                 8  .000000000000000 -.707106781186547
     8     2    -6  .000000000000000  .707106781186547 # harmonic 37
                 6  .000000000000000 -.707106781186547
     8     2    -4  .000000000000000  .707106781186547 # harmonic 38
                 4  .000000000000000 -.707106781186547
     8     2    -2  .000000000000000  .707106781186547 # harmonic 39
                 2  .000000000000000 -.707106781186547
     8     1     0  1.00000000000000  .000000000000000 # harmonic 40
     8     2    -2  .707106781186547  .000000000000000 # harmonic 41
                 2  .707106781186547  .000000000000000
     8     2    -4  .707106781186547  .000000000000000 # harmonic 42
                 4  .707106781186547  .000000000000000
     8     2    -6  .707106781186547  .000000000000000 # harmonic 43
                 6  .707106781186547  .000000000000000
     8     2    -8  .707106781186547  .000000000000000 # harmonic 44
                 8  .707106781186547  .000000000000000
# type 2
           1 # site(s)
  .000000000000000  .000000000000000  .141070979110969       #     tau 0
  .000000000000000  1.57079632679489  .000000000000000     1 #     alpha, beta, gamma, inversion
          45 # harmonics
#    L     n     m                ar                ai
     0     1     0  1.00000000000000  .000000000000000 # harmonic 0
     1     2    -1 -.707106781186547  .000000000000000 # harmonic 1
                 1 -.707106781186547  .000000000000000
     1     2    -1  .000000000000000  .707106781186547 # harmonic 2
                 1  .000000000000000 -.707106781186547
     2     2    -2  .000000000000000 -.707106781186547 # harmonic 3
                 2  .000000000000000  .707106781186547
     2     1     0 -1.00000000000000  .000000000000000 # harmonic 4
     2     2    -2 -.707106781186547  .000000000000000 # harmonic 5
                 2 -.707106781186547  .000000000000000
     3     2    -3  .707106781186547  .000000000000000 # harmonic 6
                 3  .707106781186547  .000000000000000
     3     2    -1  .707106781186547  .000000000000000 # harmonic 7
                 1  .707106781186547  .000000000000000
     3     2    -1  .000000000000000 -.707106781186547 # harmonic 8
                 1  .000000000000000  .707106781186547
     3     2    -3  .000000000000000 -.707106781186547 # harmonic 9
                 3  .000000000000000  .707106781186547
     4     2    -4  .000000000000000  .707106781186547 # harmonic 10
                 4  .000000000000000 -.707106781186547
     4     2    -2  .000000000000000  .707106781186547 # harmonic 11
                 2  .000000000000000 -.707106781186547
     4     1     0  1.00000000000000  .000000000000000 # harmonic 12
     4     2    -2  .707106781186547  .000000000000000 # harmonic 13
                 2  .707106781186547  .000000000000000
     4     2    -4  .707106781186547  .000000000000000 # harmonic 14
                 4  .707106781186547  .000000000000000
     5     2    -5 -.707106781186547  .000000000000000 # harmonic 15
                 5 -.707106781186547  .000000000000000
     5     2    -3 -.707106781186547  .000000000000000 # harmonic 16
                 3 -.707106781186547  .000000000000000
     5     2    -1 -.707106781186547  .000000000000000 # harmonic 17
                 1 -.707106781186547  .000000000000000
     5     2    -1  .000000000000000  .707106781186547 # harmonic 18
                 1  .000000000000000 -.707106781186547
     5     2    -3  .000000000000000  .707106781186547 # harmonic 19
                 3  .000000000000000 -.707106781186547
     5     2    -5  .000000000000000  .707106781186547 # harmonic 20
                 5  .000000000000000 -.707106781186547
     6     2    -6  .000000000000000 -.707106781186547 # harmonic 21
                 6  .000000000000000  .707106781186547
     6     2    -4  .000000000000000 -.707106781186547 # harmonic 22
                 4  .000000000000000  .707106781186547
     6     2    -2  .000000000000000 -.707106781186547 # harmonic 23
                 2  .000000000000000  .707106781186547
     6     1     0 -1.00000000000000  .000000000000000 # harmonic 24
     6     2    -2 -.707106781186547  .000000000000000 # harmonic 25
                 2 -.707106781186547  .000000000000000
     6     2    -4 -.707106781186547  .000000000000000 # harmonic 26
                 4 -.707106781186547  .000000000000000
     6     2    -6 -.707106781186547  .000000000000000 # harmonic 27
                 6 -.707106781186547  .000000000000000
     7     2    -7  .707106781186547  .000000000000000 # harmonic 28
                 7  .707106781186547  .000000000000000
     7     2    -5  .707106781186547  .000000000000000 # harmonic 29
                 5  .707106781186547  .000000000000000
     7     2    -3  .707106781186547  .000000000000000 # harmonic 30
                 3  .707106781186547  .000000000000000
     7     2    -1  .707106781186547  .000000000000000 # harmonic 31
                 1  .707106781186547  .000000000000000
     7     2    -1  .000000000000000 -.707106781186547 # harmonic 32
                 1  .000000000000000  .707106781186547
     7     2    -3  .000000000000000 -.707106781186547 # harmonic 33
                 3  .000000000000000  .707106781186547
     7     2    -5  .000000000000000 -.707106781186547 # harmonic 34
                 5  .000000000000000  .707106781186547
     7     2    -7  .000000000000000 -.707106781186547 # harmonic 35
                 7  .000000000000000  .707106781186547
     8     2    -8  .000000000000000  .707106781186547 # harmonic 36
                 8  .000000000000000 -.707106781186547
     8     2    -6  .000000000000000  .707106781186547 # harmonic 37
                 6  .000000000000000 -.707106781186547
     8     2    -4  .000000000000000  .707106781186547 # harmonic 38
                 4  .000000000000000 -.707106781186547
     8     2    -2  .000000000000000  .707106781186547 # harmonic 39
                 2  .000000000000000 -.707106781186547
     8     1     0  1.00000000000000  .000000000000000 # harmonic 40
     8     2    -2  .707106781186547  .000000000000000 # harmonic 41
                 2  .707106781186547  .000000000000000
     8     2    -4  .707106781186547  .000000000000000 # harmonic 42
                 4  .707106781186547  .000000000000000
     8     2    -6  .707106781186547  .000000000000000 # harmonic 43
                 6  .707106781186547  .000000000000000
     8     2    -8  .707106781186547  .000000000000000 # harmonic 44
                 8  .707106781186547  .000000000000000
# type 3
           1 # site(s)
 -.333333333333333 -.333333333333333  .218494021108910       #     tau 0
  .000000000000000  1.57079632679489  .000000000000000     1 #     alpha, beta, gamma, inversion
          45 # harmonics
#    L     n     m                ar                ai
     0     1     0  1.00000000000000  .000000000000000 # harmonic 0
     1     2    -1 -.707106781186547  .000000000000000 # harmonic 1
                 1 -.707106781186547  .000000000000000
     1     2    -1  .000000000000000  .707106781186547 # harmonic 2
                 1  .000000000000000 -.707106781186547
     2     2    -2  .000000000000000 -.707106781186547 # harmonic 3
                 2  .000000000000000  .707106781186547
     2     1     0 -1.00000000000000  .000000000000000 # harmonic 4
     2     2    -2 -.707106781186547  .000000000000000 # harmonic 5
                 2 -.707106781186547  .000000000000000
     3     2    -3  .707106781186547  .000000000000000 # harmonic 6
                 3  .707106781186547  .000000000000000
     3     2    -1  .707106781186547  .000000000000000 # harmonic 7
                 1  .707106781186547  .000000000000000
     3     2    -1  .000000000000000 -.707106781186547 # harmonic 8
                 1  .000000000000000  .707106781186547
     3     2    -3  .000000000000000 -.707106781186547 # harmonic 9
                 3  .000000000000000  .707106781186547
     4     2    -4  .000000000000000  .707106781186547 # harmonic 10
                 4  .000000000000000 -.707106781186547
     4     2    -2  .000000000000000  .707106781186547 # harmonic 11
                 2  .000000000000000 -.707106781186547
     4     1     0  1.00000000000000  .000000000000000 # harmonic 12
     4     2    -2  .707106781186547  .000000000000000 # harmonic 13
                 2  .707106781186547  .000000000000000
     4     2    -4  .707106781186547  .000000000000000 # harmonic 14
                 4  .707106781186547  .000000000000000
     5     2    -5 -.707106781186547  .000000000000000 # harmonic 15
                 5 -.707106781186547  .000000000000000
     5     2    -3 -.707106781186547  .000000000000000 # harmonic 16
                 3 -.707106781186547  .000000000000000
     5     2    -1 -.707106781186547  .000000000000000 # harmonic 17
                 1 -.707106781186547  .000000000000000
     5     2    -1  .000000000000000  .707106781186547 # harmonic 18
                 1  .000000000000000 -.707106781186547
     5     2    -3  .000000000000000  .707106781186547 # harmonic 19
                 3  .000000000000000 -.707106781186547
     5     2    -5  .000000000000000  .707106781186547 # harmonic 20
                 5  .000000000000000 -.707106781186547
     6     2    -6  .000000000000000 -.707106781186547 # harmonic 21
                 6  .000000000000000  .707106781186547
     6     2    -4  .000000000000000 -.707106781186547 # harmonic 22
                 4  .000000000000000  .707106781186547
     6     2    -2  .000000000000000 -.707106781186547 # harmonic 23
                 2  .000000000000000  .707106781186547
     6     1     0 -1.00000000000000  .000000000000000 # harmonic 24
     6     2    -2 -.707106781186547  .000000000000000 # harmonic 25
                 2 -.707106781186547  .000000000000000
     6     2    -4 -.707106781186547  .000000000000000 # harmonic 26
                 4 -.707106781186547  .000000000000000
     6     2    -6 -.707106781186547  .000000000000000 # harmonic 27
                 6 -.707106781186547  .000000000000000
     7     2    -7  .707106781186547  .000000000000000 # harmonic 28
                 7  .707106781186547  .000000000000000
     7     2    -5  .707106781186547  .000000000000000 # harmonic 29
                 5  .707106781186547  .000000000000000
     7     2    -3  .707106781186547  .000000000000000 # harmonic 30
                 3  .707106781186547  .000000000000000
     7     2    -1  .707106781186547  .000000000000000 # harmonic 31
                 1  .707106781186547  .000000000000000
     7     2    -1  .000000000000000 -.707106781186547 # harmonic 32
                 1  .000000000000000  .707106781186547
     7     2    -3  .000000000000000 -.707106781186547 # harmonic 33
                 3  .000000000000000  .707106781186547
     7     2    -5  .000000000000000 -.707106781186547 # harmonic 34
                 5  .000000000000000  .707106781186547
     7     2    -7  .000000000000000 -.707106781186547 # harmonic 35
                 7  .000000000000000  .707106781186547
     8     2    -8  .000000000000000  .707106781186547 # harmonic 36
                 8  .000000000000000 -.707106781186547
     8     2    -6  .000000000000000  .707106781186547 # harmonic 37
                 6  .000000000000000 -.707106781186547
     8     2    -4  .000000000000000  .707106781186547 # harmonic 38
                 4  .000000000000000 -.707106781186547
     8     2    -2  .000000000000000  .707106781186547 # harmonic 39
                 2  .000000000000000 -.707106781186547
     8     1     0  1.00000000000000  .000000000000000 # harmonic 40
     8     2    -2  .707106781186547  .000000000000000 # harmonic 41
                 2  .707106781186547  .000000000000000
     8     2    -4  .707106781186547  .000000000000000 # harmonic 42
                 4  .707106781186547  .000000000000000
     8     2    -6  .707106781186547  .000000000000000 # harmonic 43
                 6  .707106781186547  .000000000000000
     8     2    -8  .707106781186547  .000000000000000 # harmonic 44
                 8  .707106781186547  .000000000000000
# type 4
           1 # site(s)
  .333333333333333  .333333333333333  .295742478120644       #     tau 0
  .000000000000000  1.57079632679489  .000000000000000     1 #     alpha, beta, gamma, inversion
          45 # harmonics
#    L     n     m                ar                ai
     0     1     0  1.00000000000000  .000000000000000 # harmonic 0
     1     2    -1 -.707106781186547  .000000000000000 # harmonic 1
                 1 -.707106781186547  .000000000000000
     1     2    -1  .000000000000000  .707106781186547 # harmonic 2
                 1  .000000000000000 -.707106781186547
     2     2    -2  .000000000000000 -.707106781186547 # harmonic 3
                 2  .000000000000000  .707106781186547
     2     1     0 -1.00000000000000  .000000000000000 # harmonic 4
     2     2    -2 -.707106781186547  .000000000000000 # harmonic 5
                 2 -.707106781186547  .000000000000000
     3     2    -3  .707106781186547  .000000000000000 # harmonic 6
                 3  .707106781186547  .000000000000000
     3     2    -1  .707106781186547  .000000000000000 # harmonic 7
                 1  .707106781186547  .000000000000000
     3     2    -1  .000000000000000 -.707106781186547 # harmonic 8
                 1  .000000000000000  .707106781186547
     3     2    -3  .000000000000000 -.707106781186547 # harmonic 9
                 3  .000000000000000  .707106781186547
     4     2    -4  .000000000000000  .707106781186547 # harmonic 10
                 4  .000000000000000 -.707106781186547
     4     2    -2  .000000000000000  .707106781186547 # harmonic 11
                 2  .000000000000000 -.707106781186547
     4     1     0  1.00000000000000  .000000000000000 # harmonic 12
     4     2    -2  .707106781186547  .000000000000000 # harmonic 13
                 2  .707106781186547  .000000000000000
     4     2    -4  .707106781186547  .000000000000000 # harmonic 14
                 4  .707106781186547  .000000000000000
     5     2    -5 -.707106781186547  .000000000000000 # harmonic 15
                 5 -.707106781186547  .000000000000000
     5     2    -3 -.707106781186547  .000000000000000 # harmonic 16
                 3 -.707106781186547  .000000000000000
     5     2    -1 -.707106781186547  .000000000000000 # harmonic 17
                 1 -.707106781186547  .000000000000000
     5     2    -1  .000000000000000  .707106781186547 # harmonic 18
                 1  .000000000000000 -.707106781186547
     5     2    -3  .000000000000000  .707106781186547 # harmonic 19
                 3  .000000000000000 -.707106781186547
     5     2    -5  .000000000000000  .707106781186547 # harmonic 20
                 5  .000000000000000 -.707106781186547
     6     2    -6  .000000000000000 -.707106781186547 # harmonic 21
                 6  .000000000000000  .707106781186547
     6     2    -4  .000000000000000 -.707106781186547 # harmonic 22
                 4  .000000000000000  .707106781186547
     6     2    -2  .000000000000000 -.707106781186547 # harmonic 23
                 2  .000000000000000  .707106781186547
     6     1     0 -1.00000000000000  .000000000000000 # harmonic 24
     6     2    -2 -.707106781186547  .000000000000000 # harmonic 25
                 2 -.707106781186547  .000000000000000
     6     2    -4 -.707106781186547  .000000000000000 # harmonic 26
                 4 -.707106781186547  .000000000000000
     6     2    -6 -.707106781186547  .000000000000000 # harmonic 27
                 6 -.707106781186547  .000000000000000
     7     2    -7  .707106781186547  .000000000000000 # harmonic 28
                 7  .707106781186547  .000000000000000
     7     2    -5  .707106781186547  .000000000000000 # harmonic 29
                 5  .707106781186547  .000000000000000
     7     2    -3  .707106781186547  .000000000000000 # harmonic 30
                 3  .707106781186547  .000000000000000
     7     2    -1  .707106781186547  .000000000000000 # harmonic 31
                 1  .707106781186547  .000000000000000
     7     2    -1  .000000000000000 -.707106781186547 # harmonic 32
                 1  .000000000000000  .707106781186547
     7     2    -3  .000000000000000 -.707106781186547 # harmonic 33
                 3  .000000000000000  .707106781186547
     7     2    -5  .000000000000000 -.707106781186547 # harmonic 34
                 5  .000000000000000  .707106781186547
     7     2    -7  .000000000000000 -.707106781186547 # harmonic 35
                 7  .000000000000000  .707106781186547
     8     2    -8  .000000000000000  .707106781186547 # harmonic 36
                 8  .000000000000000 -.707106781186547
     8     2    -6  .000000000000000  .707106781186547 # harmonic 37
                 6  .000000000000000 -.707106781186547
     8     2    -4  .000000000000000  .707106781186547 # harmonic 38
                 4  .000000000000000 -.707106781186547
     8     2    -2  .000000000000000  .707106781186547 # harmonic 39
                 2  .000000000000000 -.707106781186547
     8     1     0  1.00000000000000  .000000000000000 # harmonic 40
     8     2    -2  .707106781186547  .000000000000000 # harmonic 41
                 2  .707106781186547  .000000000000000
     8     2    -4  .707106781186547  .000000000000000 # harmonic 42
                 4  .707106781186547  .000000000000000
     8     2    -6  .707106781186547  .000000000000000 # harmonic 43
                 6  .707106781186547  .000000000000000
     8     2    -8  .707106781186547  .000000000000000 # harmonic 44
                 8  .707106781186547  .000000000000000
# type 5
           1 # site(s)
  .000000000000000  .000000000000000  .372865373439678       #     tau 0
  .000000000000000  1.57079632679489  .000000000000000     1 #     alpha, beta, gamma, inversion
          45 # harmonics
#    L     n     m                ar                ai
     0     1     0  1.00000000000000  .000000000000000 # harmonic 0
     1     2    -1 -.707106781186547  .000000000000000 # harmonic 1
                 1 -.707106781186547  .000000000000000
     1     2    -1  .000000000000000  .707106781186547 # harmonic 2
                 1  .000000000000000 -.707106781186547
     2     2    -2  .000000000000000 -.707106781186547 # harmonic 3
                 2  .000000000000000  .707106781186547
     2     1     0 -1.00000000000000  .000000000000000 # harmonic 4
     2     2    -2 -.707106781186547  .000000000000000 # harmonic 5
                 2 -.707106781186547  .000000000000000
     3     2    -3  .707106781186547  .000000000000000 # harmonic 6
                 3  .707106781186547  .000000000000000
     3     2    -1  .707106781186547  .000000000000000 # harmonic 7
                 1  .707106781186547  .000000000000000
     3     2    -1  .000000000000000 -.707106781186547 # harmonic 8
                 1  .000000000000000  .707106781186547
     3     2    -3  .000000000000000 -.707106781186547 # harmonic 9
                 3  .000000000000000  .707106781186547
     4     2    -4  .000000000000000  .707106781186547 # harmonic 10
                 4  .000000000000000 -.707106781186547
     4     2    -2  .000000000000000  .707106781186547 # harmonic 11
                 2  .000000000000000 -.707106781186547
     4     1     0  1.00000000000000  .000000000000000 # harmonic 12
     4     2    -2  .707106781186547  .000000000000000 # harmonic 13
                 2  .707106781186547  .000000000000000
     4     2    -4  .707106781186547  .000000000000000 # harmonic 14
                 4  .707106781186547  .000000000000000
     5     2    -5 -.707106781186547  .000000000000000 # harmonic 15
                 5 -.707106781186547  .000000000000000
     5     2    -3 -.707106781186547  .000000000000000 # harmonic 16
                 3 -.707106781186547  .000000000000000
     5     2    -1 -.707106781186547  .000000000000000 # harmonic 17
                 1 -.707106781186547  .000000000000000
     5     2    -1  .000000000000000  .707106781186547 # harmonic 18
                 1  .000000000000000 -.707106781186547
     5     2    -3  .000000000000000  .707106781186547 # harmonic 19
                 3  .000000000000000 -.707106781186547
     5     2    -5  .000000000000000  .707106781186547 # harmonic 20
                 5  .000000000000000 -.707106781186547
     6     2    -6  .000000000000000 -.707106781186547 # harmonic 21
                 6  .000000000000000  .707106781186547
     6     2    -4  .000000000000000 -.707106781186547 # harmonic 22
                 4  .000000000000000  .707106781186547
     6     2    -2  .000000000000000 -.707106781186547 # harmonic 23
                 2  .000000000000000  .707106781186547
     6     1     0 -1.00000000000000  .000000000000000 # harmonic 24
     6     2    -2 -.707106781186547  .000000000000000 # harmonic 25
                 2 -.707106781186547  .000000000000000
     6     2    -4 -.707106781186547  .000000000000000 # harmonic 26
                 4 -.707106781186547  .000000000000000
     6     2    -6 -.707106781186547  .000000000000000 # harmonic 27
                 6 -.707106781186547  .000000000000000
     7     2    -7  .707106781186547  .000000000000000 # harmonic 28
                 7  .707106781186547  .000000000000000
     7     2    -5  .707106781186547  .000000000000000 # harmonic 29
                 5  .707106781186547  .000000000000000
     7     2    -3  .707106781186547  .000000000000000 # harmonic 30
                 3  .707106781186547  .000000000000000
     7     2    -1  .707106781186547  .000000000000000 # harmonic 31
                 1  .707106781186547  .000000000000000
     7     2    -1  .000000000000000 -.707106781186547 # harmonic 32
                 1  .000000000000000  .707106781186547
     7     2    -3  .000000000000000 -.707106781186547 # harmonic 33
                 3  .000000000000000  .707106781186547
     7     2    -5  .000000000000000 -.707106781186547 # harmonic 34
                 5  .000000000000000  .707106781186547
     7     2    -7  .000000000000000 -.707106781186547 # harmonic 35
                 7  .000000000000000  .707106781186547
     8     2    -8  .000000000000000  .707106781186547 # harmonic 36
                 8  .000000000000000 -.707106781186547
     8     2    -6  .000000000000000  .707106781186547 # harmonic 37
                 6  .000000000000000 -.707106781186547
     8     2    -4  .000000000000000  .707106781186547 # harmonic 38
                 4  .000000000000000 -.707106781186547
     8     2    -2  .000000000000000  .707106781186547 # harmonic 39
                 2  .000000000000000 -.707106781186547
     8     1     0  1.00000000000000  .000000000000000 # harmonic 40
     8     2    -2  .707106781186547  .000000000000000 # harmonic 41
                 2  .707106781186547  .000000000000000
     8     2    -4  .707106781186547  .000000000000000 # harmonic 42
                 4  .707106781186547  .000000000000000
     8     2    -6  .707106781186547  .000000000000000 # harmonic 43
                 6  .707106781186547  .000000000000000
     8     2    -8  .707106781186547  .000000000000000 # harmonic 44
                 8  .707106781186547  .000000000000000
# type 6
           1 # site(s)
 -.333333333333333 -.333333333333333  .449611101347488       #     tau 0
  .000000000000000  1.57079632679489  .000000000000000     1 #     alpha, beta, gamma, inversion
          45 # harmonics
#    L     n     m                ar                ai
     0     1     0  1.00000000000000  .000000000000000 # harmonic 0
     1     2    -1 -.707106781186547  .000000000000000 # harmonic 1
                 1 -.707106781186547  .000000000000000
     1     2    -1  .000000000000000  .707106781186547 # harmonic 2
                 1  .000000000000000 -.707106781186547
     2     2    -2  .000000000000000 -.707106781186547 # harmonic 3
                 2  .000000000000000  .707106781186547
     2     1     0 -1.00000000000000  .000000000000000 # harmonic 4
     2     2    -2 -.707106781186547  .000000000000000 # harmonic 5
                 2 -.707106781186547  .000000000000000
     3     2    -3  .707106781186547  .000000000000000 # harmonic 6
                 3  .707106781186547  .000000000000000
     3     2    -1  .707106781186547  .000000000000000 # harmonic 7
                 1  .707106781186547  .000000000000000
     3     2    -1  .000000000000000 -.707106781186547 # harmonic 8
                 1  .000000000000000  .707106781186547
     3     2    -3  .000000000000000 -.707106781186547 # harmonic 9
                 3  .000000000000000  .707106781186547
     4     2    -4  .000000000000000  .707106781186547 # harmonic 10
                 4  .000000000000000 -.707106781186547
     4     2    -2  .000000000000000  .707106781186547 # harmonic 11
                 2  .000000000000000 -.707106781186547
     4     1     0  1.00000000000000  .000000000000000 # harmonic 12
     4     2    -2  .707106781186547  .000000000000000 # harmonic 13
                 2  .707106781186547  .000000000000000
     4     2    -4  .707106781186547  .000000000000000 # harmonic 14
                 4  .707106781186547  .000000000000000
     5     2    -5 -.707106781186547  .000000000000000 # harmonic 15
                 5 -.707106781186547  .000000000000000
     5     2    -3 -.707106781186547  .000000000000000 # harmonic 16
                 3 -.707106781186547  .000000000000000
     5     2    -1 -.707106781186547  .000000000000000 # harmonic 17
                 1 -.707106781186547  .000000000000000
     5     2    -1  .000000000000000  .707106781186547 # harmonic 18
                 1  .000000000000000 -.707106781186547
     5     2    -3  .000000000000000  .707106781186547 # harmonic 19
                 3  .000000000000000 -.707106781186547
     5     2    -5  .000000000000000  .707106781186547 # harmonic 20
                 5  .000000000000000 -.707106781186547
     6     2    -6  .000000000000000 -.707106781186547 # harmonic 21
                 6  .000000000000000  .707106781186547
     6     2    -4  .000000000000000 -.707106781186547 # harmonic 22
                 4  .000000000000000  .707106781186547
     6     2    -2  .000000000000000 -.707106781186547 # harmonic 23
                 2  .000000000000000  .707106781186547
     6     1     0 -1.00000000000000  .000000000000000 # harmonic 24
     6     2    -2 -.707106781186547  .000000000000000 # harmonic 25
                 2 -.707106781186547  .000000000000000
     6     2    -4 -.707106781186547  .000000000000000 # harmonic 26
                 4 -.707106781186547  .000000000000000
     6     2    -6 -.707106781186547  .000000000000000 # harmonic 27
                 6 -.707106781186547  .000000000000000
     7     2    -7  .707106781186547  .000000000000000 # harmonic 28
                 7  .707106781186547  .000000000000000
     7     2    -5  .707106781186547  .000000000000000 # harmonic 29
                 5  .707106781186547  .000000000000000
     7     2    -3  .707106781186547  .000000000000000 # harmonic 30
                 3  .707106781186547  .000000000000000
     7     2    -1  .707106781186547  .000000000000000 # harmonic 31
                 1  .707106781186547  .000000000000000
     7     2    -1  .000000000000000 -.707106781186547 # harmonic 32
                 1  .000000000000000  .707106781186547
     7     2    -3  .000000000000000 -.707106781186547 # harmonic 33
                 3  .000000000000000  .707106781186547
     7     2    -5  .000000000000000 -.707106781186547 # harmonic 34
                 5  .000000000000000  .707106781186547
     7     2    -7  .000000000000000 -.707106781186547 # harmonic 35
                 7  .000000000000000  .707106781186547
     8     2    -8  .000000000000000  .707106781186547 # harmonic 36
                 8  .000000000000000 -.707106781186547
     8     2    -6  .000000000000000  .707106781186547 # harmonic 37
                 6  .000000000000000 -.707106781186547
     8     2    -4  .000000000000000  .707106781186547 # harmonic 38
                 4  .000000000000000 -.707106781186547
     8     2    -2  .000000000000000  .707106781186547 # harmonic 39
                 2  .000000000000000 -.707106781186547
     8     1     0  1.00000000000000  .000000000000000 # harmonic 40
     8     2    -2  .707106781186547  .000000000000000 # harmonic 41
                 2  .707106781186547  .000000000000000
     8     2    -4  .707106781186547  .000000000000000 # harmonic 42
                 4  .707106781186547  .000000000000000
     8     2    -6  .707106781186547  .000000000000000 # harmonic 43
                 6  .707106781186547  .000000000000000
     8     2    -8  .707106781186547  .000000000000000 # harmonic 44
                 8  .707106781186547  .000000000000000
# type 7
           1 # site(s)
  .333333333333333  .333333333333333 -.472454707742770       #     tau 0
  .000000000000000  1.57079632679489  .000000000000000     1 #     alpha, beta, gamma, inversion
          45 # harmonics
#    L     n     m                ar                ai
     0     1     0  1.00000000000000  .000000000000000 # harmonic 0
     1     2    -1 -.707106781186547  .000000000000000 # harmonic 1
                 1 -.707106781186547  .000000000000000
     1     2    -1  .000000000000000  .707106781186547 # harmonic 2
                 1  .000000000000000 -.707106781186547
     2     2    -2  .000000000000000 -.707106781186547 # harmonic 3
                 2  .000000000000000  .707106781186547
     2     1     0 -1.00000000000000  .000000000000000 # harmonic 4
     2     2    -2 -.707106781186547  .000000000000000 # harmonic 5
                 2 -.707106781186547  .000000000000000
     3     2    -3  .707106781186547  .000000000000000 # harmonic 6
                 3  .707106781186547  .000000000000000
     3     2    -1  .707106781186547  .000000000000000 # harmonic 7
                 1  .707106781186547  .000000000000000
     3     2    -1  .000000000000000 -.707106781186547 # harmonic 8
                 1  .000000000000000  .707106781186547
     3     2    -3  .000000000000000 -.707106781186547 # harmonic 9
                 3  .000000000000000  .707106781186547
     4     2    -4  .000000000000000  .707106781186547 # harmonic 10
                 4  .000000000000000 -.707106781186547
     4     2    -2  .000000000000000  .707106781186547 # harmonic 11
                 2  .000000000000000 -.707106781186547
     4     1     0  1.00000000000000  .000000000000000 # harmonic 12
     4     2    -2  .707106781186547  .000000000000000 # harmonic 13
                 2  .707106781186547  .000000000000000
     4     2    -4  .707106781186547  .000000000000000 # harmonic 14
                 4  .707106781186547  .000000000000000
     5     2    -5 -.707106781186547  .000000000000000 # harmonic 15
                 5 -.707106781186547  .000000000000000
     5     2    -3 -.707106781186547  .000000000000000 # harmonic 16
                 3 -.707106781186547  .000000000000000
     5     2    -1 -.707106781186547  .000000000000000 # harmonic 17
                 1 -.707106781186547  .000000000000000
     5     2    -1  .000000000000000  .707106781186547 # harmonic 18
                 1  .000000000000000 -.707106781186547
     5     2    -3  .000000000000000  .707106781186547 # harmonic 19
                 3  .000000000000000 -.707106781186547
     5     2    -5  .000000000000000  .707106781186547 # harmonic 20
                 5  .000000000000000 -.707106781186547
     6     2    -6  .000000000000000 -.707106781186547 # harmonic 21
                 6  .000000000000000  .707106781186547
     6     2    -4  .000000000000000 -.707106781186547 # harmonic 22
                 4  .000000000000000  .707106781186547
     6     2    -2  .000000000000000 -.707106781186547 # harmonic 23
                 2  .000000000000000  .707106781186547
     6     1     0 -1.00000000000000  .000000000000000 # harmonic 24
     6     2    -2 -.707106781186547  .000000000000000 # harmonic 25
                 2 -.707106781186547  .000000000000000
     6     2    -4 -.707106781186547  .000000000000000 # harmonic 26
                 4 -.707106781186547  .000000000000000
     6     2    -6 -.707106781186547  .000000000000000 # harmonic 27
                 6 -.707106781186547  .000000000000000
     7     2    -7  .707106781186547  .000000000000000 # harmonic 28
                 7  .707106781186547  .000000000000000
     7     2    -5  .707106781186547  .000000000000000 # harmonic 29
                 5  .707106781186547  .000000000000000
     7     2    -3  .707106781186547  .000000000000000 # harmonic 30
                 3  .707106781186547  .000000000000000
     7     2    -1  .707106781186547  .000000000000000 # harmonic 31
                 1  .707106781186547  .000000000000000
     7     2    -1  .000000000000000 -.707106781186547 # harmonic 32
                 1  .000000000000000  .707106781186547
     7     2    -3  .000000000000000 -.707106781186547 # harmonic 33
                 3  .000000000000000  .707106781186547
     7     2    -5  .000000000000000 -.707106781186547 # harmonic 34
                 5  .000000000000000  .707106781186547
     7     2    -7  .000000000000000 -.707106781186547 # harmonic 35
                 7  .000000000000000  .707106781186547
     8     2    -8  .000000000000000  .707106781186547 # harmonic 36
                 8  .000000000000000 -.707106781186547
     8     2    -6  .000000000000000  .707106781186547 # harmonic 37
                 6  .000000000000000 -.707106781186547
     8     2    -4  .000000000000000  .707106781186547 # harmonic 38
                 4  .000000000000000 -.707106781186547
     8     2    -2  .000000000000000  .707106781186547 # harmonic 39
                 2  .000000000000000 -.707106781186547
     8     1     0  1.00000000000000  .000000000000000 # harmonic 40
     8     2    -2  .707106781186547  .000000000000000 # harmonic 41
                 2  .707106781186547  .000000000000000
     8     2    -4  .707106781186547  .000000000000000 # harmonic 42
                 4  .707106781186547  .000000000000000
     8     2    -6  .707106781186547  .000000000000000 # harmonic 43
                 6  .707106781186547  .000000000000000
     8     2    -8  .707106781186547  .000000000000000 # harmonic 44
                 8  .707106781186547  .000000000000000
# type 8
           1 # site(s)
  .000000000000000  .000000000000000 -.399733974808724       #     tau 0
  .000000000000000  1.57079632679489  .000000000000000     1 #     alpha, beta, gamma, inversion
          45 # harmonics
#    L     n     m                ar                ai
     0     1     0  1.00000000000000  .000000000000000 # harmonic 0
     1     2    -1 -.707106781186547  .000000000000000 # harmonic 1
                 1 -.707106781186547  .000000000000000
     1     2    -1  .000000000000000  .707106781186547 # harmonic 2
                 1  .000000000000000 -.707106781186547
     2     2    -2  .000000000000000 -.707106781186547 # harmonic 3
                 2  .000000000000000  .707106781186547
     2     1     0 -1.00000000000000  .000000000000000 # harmonic 4
     2     2    -2 -.707106781186547  .000000000000000 # harmonic 5
                 2 -.707106781186547  .000000000000000
     3     2    -3  .707106781186547  .000000000000000 # harmonic 6
                 3  .707106781186547  .000000000000000
     3     2    -1  .707106781186547  .000000000000000 # harmonic 7
                 1  .707106781186547  .000000000000000
     3     2    -1  .000000000000000 -.707106781186547 # harmonic 8
                 1  .000000000000000  .707106781186547
     3     2    -3  .000000000000000 -.707106781186547 # harmonic 9
                 3  .000000000000000  .707106781186547
     4     2    -4  .000000000000000  .707106781186547 # harmonic 10
                 4  .000000000000000 -.707106781186547
     4     2    -2  .000000000000000  .707106781186547 # harmonic 11
                 2  .000000000000000 -.707106781186547
     4     1     0  1.00000000000000  .000000000000000 # harmonic 12
     4     2    -2  .707106781186547  .000000000000000 # harmonic 13
                 2  .707106781186547  .000000000000000
     4     2    -4  .707106781186547  .000000000000000 # harmonic 14
                 4  .707106781186547  .000000000000000
     5     2    -5 -.707106781186547  .000000000000000 # harmonic 15
                 5 -.707106781186547  .000000000000000
     5     2    -3 -.707106781186547  .000000000000000 # harmonic 16
                 3 -.707106781186547  .000000000000000
     5     2    -1 -.707106781186547  .000000000000000 # harmonic 17
                 1 -.707106781186547  .000000000000000
     5     2    -1  .000000000000000  .707106781186547 # harmonic 18
                 1  .000000000000000 -.707106781186547
     5     2    -3  .000000000000000  .707106781186547 # harmonic 19
                 3  .000000000000000 -.707106781186547
     5     2    -5  .000000000000000  .707106781186547 # harmonic 20
                 5  .000000000000000 -.707106781186547
     6     2    -6  .000000000000000 -.707106781186547 # harmonic 21
                 6  .000000000000000  .707106781186547
     6     2    -4  .000000000000000 -.707106781186547 # harmonic 22
                 4  .000000000000000  .707106781186547
     6     2    -2  .000000000000000 -.707106781186547 # harmonic 23
                 2  .000000000000000  .707106781186547
     6     1     0 -1.00000000000000  .000000000000000 # harmonic 24
     6     2    -2 -.707106781186547  .000000000000000 # harmonic 25
                 2 -.707106781186547  .000000000000000
     6     2    -4 -.707106781186547  .000000000000000 # harmonic 26
                 4 -.707106781186547  .000000000000000
     6     2    -6 -.707106781186547  .000000000000000 # harmonic 27
                 6 -.707106781186547  .000000000000000
     7     2    -7  .707106781186547  .000000000000000 # harmonic 28
                 7  .707106781186547  .000000000000000
     7     2    -5  .707106781186547  .000000000000000 # harmonic 29
                 5  .707106781186547  .000000000000000
     7     2    -3  .707106781186547  .000000000000000 # harmonic 30
                 3  .707106781186547  .000000000000000
     7     2    -1  .707106781186547  .000000000000000 # harmonic 31
                 1  .707106781186547  .000000000000000
     7     2    -1  .000000000000000 -.707106781186547 # harmonic 32
                 1  .000000000000000  .707106781186547
     7     2    -3  .000000000000000 -.707106781186547 # harmonic 33
                 3  .000000000000000  .707106781186547
     7     2    -5  .000000000000000 -.707106781186547 # harmonic 34
                 5  .000000000000000  .707106781186547
     7     2    -7  .000000000000000 -.707106781186547 # harmonic 35
                 7  .000000000000000  .707106781186547
     8     2    -8  .000000000000000  .707106781186547 # harmonic 36
                 8  .000000000000000 -.707106781186547
     8     2    -6  .000000000000000  .707106781186547 # harmonic 37
                 6  .000000000000000 -.707106781186547
     8     2    -4  .000000000000000  .707106781186547 # harmonic 38
                 4  .000000000000000 -.707106781186547
     8     2    -2  .000000000000000  .707106781186547 # harmonic 39
                 2  .000000000000000 -.707106781186547
     8     1     0  1.00000000000000  .000000000000000 # harmonic 40
     8     2    -2  .707106781186547  .000000000000000 # harmonic 41
                 2  .707106781186547  .000000000000000
     8     2    -4  .707106781186547  .000000000000000 # harmonic 42
                 4  .707106781186547  .000000000000000
     8     2    -6  .707106781186547  .000000000000000 # harmonic 43
                 6  .707106781186547  .000000000000000
     8     2    -8  .707106781186547  .000000000000000 # harmonic 44
                 8  .707106781186547  .000000000000000
# type 9
           1 # site(s)
 -.333333333333333 -.333333333333333 -.327501662363392       #     tau 0
  .000000000000000  1.57079632679489  .000000000000000     1 #     alpha, beta, gamma, inversion
          45 # harmonics
#    L     n     m                ar                ai
     0     1     0  1.00000000000000  .000000000000000 # harmonic 0
     1     2    -1 -.707106781186547  .000000000000000 # harmonic 1
                 1 -.707106781186547  .000000000000000
     1     2    -1  .000000000000000  .707106781186547 # harmonic 2
                 1  .000000000000000 -.707106781186547
     2     2    -2  .000000000000000 -.707106781186547 # harmonic 3
                 2  .000000000000000  .707106781186547
     2     1     0 -1.00000000000000  .000000000000000 # harmonic 4
     2     2    -2 -.707106781186547  .000000000000000 # harmonic 5
                 2 -.707106781186547  .000000000000000
     3     2    -3  .707106781186547  .000000000000000 # harmonic 6
                 3  .707106781186547  .000000000000000
     3     2    -1  .707106781186547  .000000000000000 # harmonic 7
                 1  .707106781186547  .000000000000000
     3     2    -1  .000000000000000 -.707106781186547 # harmonic 8
                 1  .000000000000000  .707106781186547
     3     2    -3  .000000000000000 -.707106781186547 # harmonic 9
                 3  .000000000000000  .707106781186547
     4     2    -4  .000000000000000  .707106781186547 # harmonic 10
                 4  .000000000000000 -.707106781186547
     4     2    -2  .000000000000000  .707106781186547 # harmonic 11
                 2  .000000000000000 -.707106781186547
     4     1     0  1.00000000000000  .000000000000000 # harmonic 12
     4     2    -2  .707106781186547  .000000000000000 # harmonic 13
                 2  .707106781186547  .000000000000000
     4     2    -4  .707106781186547  .000000000000000 # harmonic 14
                 4  .707106781186547  .000000000000000
     5     2    -5 -.707106781186547  .000000000000000 # harmonic 15
                 5 -.707106781186547  .000000000000000
     5     2    -3 -.707106781186547  .000000000000000 # harmonic 16
                 3 -.707106781186547  .000000000000000
     5     2    -1 -.707106781186547  .000000000000000 # harmonic 17
                 1 -.707106781186547  .000000000000000
     5     2    -1  .000000000000000  .707106781186547 # harmonic 18
                 1  .000000000000000 -.707106781186547
     5     2    -3  .000000000000000  .707106781186547 # harmonic 19
                 3  .000000000000000 -.707106781186547
     5     2    -5  .000000000000000  .707106781186547 # harmonic 20
                 5  .000000000000000 -.707106781186547
     6     2    -6  .000000000000000 -.707106781186547 # harmonic 21
                 6  .000000000000000  .707106781186547
     6     2    -4  .000000000000000 -.707106781186547 # harmonic 22
                 4  .000000000000000  .707106781186547
     6     2    -2  .000000000000000 -.707106781186547 # harmonic 23
                 2  .000000000000000  .707106781186547
     6     1     0 -1.00000000000000  .000000000000000 # harmonic 24
     6     2    -2 -.707106781186547  .000000000000000 # harmonic 25
                 2 -.707106781186547  .000000000000000
     6     2    -4 -.707106781186547  .000000000000000 # harmonic 26
                 4 -.707106781186547  .000000000000000
     6     2    -6 -.707106781186547  .000000000000000 # harmonic 27
                 6 -.707106781186547  .000000000000000
     7     2    -7  .707106781186547  .000000000000000 # harmonic 28
                 7  .707106781186547  .000000000000000
     7     2    -5  .707106781186547  .000000000000000 # harmonic 29
                 5  .707106781186547  .000000000000000
     7     2    -3  .707106781186547  .000000000000000 # harmonic 30
                 3  .707106781186547  .000000000000000
     7     2    -1  .707106781186547  .000000000000000 # harmonic 31
                 1  .707106781186547  .000000000000000
     7     2    -1  .000000000000000 -.707106781186547 # harmonic 32
                 1  .000000000000000  .707106781186547
     7     2    -3  .000000000000000 -.707106781186547 # harmonic 33
                 3  .000000000000000  .707106781186547
     7     2    -5  .000000000000000 -.707106781186547 # harmonic 34
                 5  .000000000000000  .707106781186547
     7     2    -7  .000000000000000 -.707106781186547 # harmonic 35
                 7  .000000000000000  .707106781186547
     8     2    -8  .000000000000000  .707106781186547 # harmonic 36
                 8  .000000000000000 -.707106781186547
     8     2    -6  .000000000000000  .707106781186547 # harmonic 37
                 6  .000000000000000 -.707106781186547
     8     2    -4  .000000000000000  .707106781186547 # harmonic 38
                 4  .000000000000000 -.707106781186547
     8     2    -2  .000000000000000  .707106781186547 # harmonic 39
                 2  .000000000000000 -.707106781186547
     8     1     0  1.00000000000000  .000000000000000 # harmonic 40
     8     2    -2  .707106781186547  .000000000000000 # harmonic 41
                 2  .707106781186547  .000000000000000
     8     2    -4  .707106781186547  .000000000000000 # harmonic 42
                 4  .707106781186547  .000000000000000
     8     2    -6  .707106781186547  .000000000000000 # harmonic 43
                 6  .707106781186547  .000000000000000
     8     2    -8  .707106781186547  .000000000000000 # harmonic 44
                 8  .707106781186547  .000000000000000
