# ACE/gr parameter file
#
@    version 50122
@    world xmin 0.25
@    world xmax 0.75
@    title font 5
@    xaxis  tick major 0.1
@    xaxis  tick minor 0.02
@    xaxis  label "(r-r\s1\N)/d"
@    xaxis  label font 5
@    xaxis  label char size 1.2
@    xaxis  ticklabel font 4
@    xaxis  ticklabel char size 1
@    yaxis  tick major .1
@    yaxis  tick minor .02
@    yaxis  label font 4
@    yaxis  label char size 1.2
@    yaxis  ticklabel font 5
@    yaxis  ticklabel char size 1
@    title "potential between neighbors"
@    yaxis  label "V(r) (Ry)"
@    world ymin -10.
@    world ymax   .0
@    yaxis  tick major 2
@    yaxis  tick minor 1
@ s0 color  1
@ s0 linestyle  1
@ legend string 0 "(1)-(2)"
@target s0
@type xy
  .1000000000 -55.10237177
  .1050000000 -49.46739840
  .1100000000 -44.58565818
  .1150000000 -40.32840530
  .1200000000 -36.59741493
  .1250000000 -33.32980689
  .1300000000 -30.42709396
  .1350000000 -27.86231232
  .1400000000 -25.56933115
  .1450000000 -23.53381155
  .1500000000 -21.70097293
  .1550000000 -20.06044294
  .1600000000 -18.58444890
  .1650000000 -17.24529377
  .1700000000 -16.02698402
  .1750000000 -14.91704949
  .1800000000 -13.90627431
  .1850000000 -12.97809327
  .1900000000 -12.12406298
  .1950000000 -11.33685001
  .2000000000 -10.61002851
  .2050000000 -9.937923426
  .2100000000 -9.315490681
  .2150000000 -8.738224629
  .2200000000 -8.202085057
  .2250000000 -7.703438423
  .2300000000 -7.240116966
  .2350000000 -6.810819269
  .2400000000 -6.410265926
  .2450000000 -6.035974977
  .2500000000 -5.685702297
  .2550000000 -5.357419107
  .2600000000 -5.052432448
  .2650000000 -4.768005269
  .2700000000 -4.500408843
  .2750000000 -4.248264097
  .2800000000 -4.013792900
  .2850000000 -3.794483906
  .2900000000 -3.586962830
  .2950000000 -3.391837887
  .3000000000 -3.210976619
  .3050000000 -3.039068436
  .3100000000 -2.877109101
  .3150000000 -2.726915648
  .3200000000 -2.583499361
  .3250000000 -2.449595049
  .3300000000 -2.323953061
  .3350000000 -2.203426230
  .3400000000 -2.093382189
  .3450000000 -1.987508050
  .3500000000 -1.888792918
  .3550000000 -1.795897694
  .3600000000 -1.707582589
  .3650000000 -1.626227624
  .3700000000 -1.547501553
  .3750000000 -1.476456001
  .3800000000 -1.407191530
  .3850000000 -1.344828763
  .3900000000 -1.284318794
  .3950000000 -1.229839275
  .4000000000 -1.177237385
  .4050000000 -1.130184247
  .4100000000 -1.084743487
  .4150000000 -1.044716620
  .4200000000 -1.005762790
  .4250000000 -.9723989940
  .4300000000 -.9394254266
  .4350000000 -.9122639328
  .4400000000 -.8855268298
  .4450000000 -.8633815150
  .4500000000 -.8425387286
  .4550000000 -.8248502875
  .4600000000 -.8095583495
  .4650000000 -.7958089174
  .4700000000 -.7857344999
  .4750000000 -.7757666920
  .4800000000 -.7721337610
  .4850000000 -.7677957536
  .4900000000 -.7651233730
  .4950000000 -.7640122483
  .5000000000 -.7643847941
  .5050000000 -.7661934528
  .5100000000 -.7694231523
  .5150000000 -.7740927761
  .5200000000 -.7802554542
  .5250000000 -.7862920074
  .5300000000 -.7967947274
  .5350000000 -.8074097780
  .5400000000 -.8213374513
  .5450000000 -.8366658156
  .5500000000 -.8542769032
  .5550000000 -.8748899120
  .5600000000 -.8967964806
  .5650000000 -.9232661979
  .5700000000 -.9501604517
  .5750000000 -.9830179252
  .5800000000 -1.016264253
  .5850000000 -1.055347961
  .5900000000 -1.095535076
  .5950000000 -1.141404442
  .6000000000 -1.188948218
  .6050000000 -1.242294179
  .6100000000 -1.297587482
  .6150000000 -1.359132332
  .6200000000 -1.422585480
  .6250000000 -1.493119083
  .6300000000 -1.565470672
  .6350000000 -1.645623189
  .6400000000 -1.728433225
  .6450000000 -1.818257523
  .6500000000 -1.912680106
  .6550000000 -2.012940204
  .6600000000 -2.120351659
  .6650000000 -2.231942049
  .6700000000 -2.353970679
  .6750000000 -2.481108738
  .6800000000 -2.616476932
  .6850000000 -2.761313032
  .6900000000 -2.912908589
  .6950000000 -3.076209486
  .7000000000 -3.249418700
  .7050000000 -3.431551139
  .7100000000 -3.627876781
  .7150000000 -3.836548452
  .7200000000 -4.056965633
  .7250000000 -4.292480513
  .7300000000 -4.545591875
  .7350000000 -4.814098567
  .7400000000 -5.099374059
  .7450000000 -5.405127834
  .7500000000 -5.734087841
  .7550000000 -6.084962515
  .7600000000 -6.459776017
  .7650000000 -6.860768379
  .7700000000 -7.290418253
  .7750000000 -7.753992984
  .7800000000 -8.252802495
  .7850000000 -8.789019606
  .7900000000 -9.366279620
  .7950000000 -9.988626257
  .8000000000 -10.66057064
  .8050000000 -11.38716443
  .8100000000 -12.17409235
  .8150000000 -13.02779144
  .8200000000 -13.95560668
  .8250000000 -14.96599107
  .8300000000 -16.07551340
  .8350000000 -17.29338480
  .8400000000 -18.63206168
  .8450000000 -20.10752049
  .8500000000 -21.74744246
  .8550000000 -23.57960382
  .8600000000 -25.61440431
  .8650000000 -27.90666276
  .8700000000 -30.47075113
  .8750000000 -33.37283680
  .8800000000 -36.63989050
  .8850000000 -40.37042133
  .8900000000 -44.62730642
  .8950000000 -49.50877114
&
@ s1 color  1
@ s1 linestyle  1
@target s1
@type xy
  .4753377083 -10.000
  .4753377083  10.000
  .5246622916  10.000
  .5246622916 -10.000
&
@ s2 color  2
@ s2 linestyle  1
@ legend string 2 "(2)-(1)"
@target s2
@type xy
  .1000000000 -55.14355789
  .1050000000 -49.50877114
  .1100000000 -44.62730642
  .1150000000 -40.37042133
  .1200000000 -36.63989050
  .1250000000 -33.37283680
  .1300000000 -30.47075113
  .1350000000 -27.90666276
  .1400000000 -25.61440431
  .1450000000 -23.57960382
  .1500000000 -21.74744246
  .1550000000 -20.10752049
  .1600000000 -18.63206168
  .1650000000 -17.29338480
  .1700000000 -16.07551340
  .1750000000 -14.96599107
  .1800000000 -13.95560668
  .1850000000 -13.02779144
  .1900000000 -12.17409235
  .1950000000 -11.38716443
  .2000000000 -10.66057064
  .2050000000 -9.988626257
  .2100000000 -9.366279620
  .2150000000 -8.789019606
  .2200000000 -8.252802495
  .2250000000 -7.753992984
  .2300000000 -7.290418253
  .2350000000 -6.860768379
  .2400000000 -6.459776017
  .2450000000 -6.084962515
  .2500000000 -5.734087841
  .2550000000 -5.405127834
  .2600000000 -5.099374059
  .2650000000 -4.814098567
  .2700000000 -4.545591875
  .2750000000 -4.292480513
  .2800000000 -4.056965633
  .2850000000 -3.836548452
  .2900000000 -3.627876781
  .2950000000 -3.431551139
  .3000000000 -3.249418700
  .3050000000 -3.076209486
  .3100000000 -2.912908589
  .3150000000 -2.761313032
  .3200000000 -2.616476932
  .3250000000 -2.481108738
  .3300000000 -2.353970679
  .3350000000 -2.231942049
  .3400000000 -2.120351659
  .3450000000 -2.012940204
  .3500000000 -1.912680106
  .3550000000 -1.818257523
  .3600000000 -1.728433225
  .3650000000 -1.645623189
  .3700000000 -1.565470672
  .3750000000 -1.493119083
  .3800000000 -1.422585480
  .3850000000 -1.359132332
  .3900000000 -1.297587482
  .3950000000 -1.242294179
  .4000000000 -1.188948218
  .4050000000 -1.141404442
  .4100000000 -1.095535076
  .4150000000 -1.055347961
  .4200000000 -1.016264253
  .4250000000 -.9830179252
  .4300000000 -.9501604517
  .4350000000 -.9232661979
  .4400000000 -.8967964806
  .4450000000 -.8748899120
  .4500000000 -.8542769032
  .4550000000 -.8366658156
  .4600000000 -.8213374513
  .4650000000 -.8074097780
  .4700000000 -.7967947274
  .4750000000 -.7862920074
  .4800000000 -.7802554542
  .4850000000 -.7740927761
  .4900000000 -.7694231523
  .4950000000 -.7661934528
  .5000000000 -.7643847941
  .5050000000 -.7640122483
  .5100000000 -.7651233730
  .5150000000 -.7677957536
  .5200000000 -.7721337610
  .5250000000 -.7757666920
  .5300000000 -.7857344999
  .5350000000 -.7958089174
  .5400000000 -.8095583495
  .5450000000 -.8248502875
  .5500000000 -.8425387286
  .5550000000 -.8633815150
  .5600000000 -.8855268298
  .5650000000 -.9122639328
  .5700000000 -.9394254266
  .5750000000 -.9723989940
  .5800000000 -1.005762790
  .5850000000 -1.044716620
  .5900000000 -1.084743487
  .5950000000 -1.130184247
  .6000000000 -1.177237385
  .6050000000 -1.229839275
  .6100000000 -1.284318794
  .6150000000 -1.344828763
  .6200000000 -1.407191530
  .6250000000 -1.476456001
  .6300000000 -1.547501553
  .6350000000 -1.626227624
  .6400000000 -1.707582589
  .6450000000 -1.795897694
  .6500000000 -1.888792918
  .6550000000 -1.987508050
  .6600000000 -2.093382189
  .6650000000 -2.203426230
  .6700000000 -2.323953061
  .6750000000 -2.449595049
  .6800000000 -2.583499361
  .6850000000 -2.726915648
  .6900000000 -2.877109101
  .6950000000 -3.039068436
  .7000000000 -3.210976619
  .7050000000 -3.391837887
  .7100000000 -3.586962830
  .7150000000 -3.794483906
  .7200000000 -4.013792900
  .7250000000 -4.248264097
  .7300000000 -4.500408843
  .7350000000 -4.768005269
  .7400000000 -5.052432448
  .7450000000 -5.357419107
  .7500000000 -5.685702297
  .7550000000 -6.035974977
  .7600000000 -6.410265926
  .7650000000 -6.810819269
  .7700000000 -7.240116966
  .7750000000 -7.703438423
  .7800000000 -8.202085057
  .7850000000 -8.738224629
  .7900000000 -9.315490681
  .7950000000 -9.937923426
  .8000000000 -10.61002851
  .8050000000 -11.33685001
  .8100000000 -12.12406298
  .8150000000 -12.97809327
  .8200000000 -13.90627431
  .8250000000 -14.91704949
  .8300000000 -16.02698402
  .8350000000 -17.24529377
  .8400000000 -18.58444890
  .8450000000 -20.06044294
  .8500000000 -21.70097293
  .8550000000 -23.53381155
  .8600000000 -25.56933115
  .8650000000 -27.86231232
  .8700000000 -30.42709396
  .8750000000 -33.32980689
  .8800000000 -36.59741493
  .8850000000 -40.32840530
  .8900000000 -44.58565818
  .8950000000 -49.46739840
&
@ s3 color  2
@ s3 linestyle  1
@target s3
@type xy
  .4753377083 -10.000
  .4753377083  10.000
  .5246622916  10.000
  .5246622916 -10.000
&
@ s4 color  3
@ s4 linestyle  1
@ legend string 4 "(3)-(3)"
@target s4
@type xy
  .1000000000 -54.19152971
  .1050000000 -48.64687358
  .1100000000 -43.84783901
  .1150000000 -39.66612247
  .1200000000 -35.99743872
  .1250000000 -32.76883246
  .1300000000 -29.92636056
  .1350000000 -27.39005137
  .1400000000 -25.15005882
  .1450000000 -23.13961699
  .1500000000 -21.34325095
  .1550000000 -19.73392528
  .1600000000 -18.27810160
  .1650000000 -16.95782917
  .1700000000 -15.76669506
  .1750000000 -14.67908113
  .1800000000 -13.68297243
  .1850000000 -12.76866642
  .1900000000 -11.92779686
  .1950000000 -11.15308904
  .2000000000 -10.43816180
  .2050000000 -9.777375040
  .2100000000 -9.165712935
  .2150000000 -8.598693536
  .2200000000 -8.072297073
  .2250000000 -7.582908097
  .2300000000 -7.127268053
  .2350000000 -6.702435823
  .2400000000 -6.306417609
  .2450000000 -5.939934802
  .2500000000 -5.597045489
  .2550000000 -5.275736078
  .2600000000 -4.974188114
  .2650000000 -4.692124784
  .2700000000 -4.430645154
  .2750000000 -4.184255269
  .2800000000 -3.951727997
  .2850000000 -3.734881024
  .2900000000 -3.532361625
  .2950000000 -3.340399551
  .3000000000 -3.159930077
  .3050000000 -2.992341887
  .3100000000 -2.832763398
  .3150000000 -2.682973345
  .3200000000 -2.543270638
  .3250000000 -2.409630016
  .3300000000 -2.285827972
  .3350000000 -2.168498797
  .3400000000 -2.057044380
  .3450000000 -1.954127367
  .3500000000 -1.854881960
  .3550000000 -1.763843987
  .3600000000 -1.676627944
  .3650000000 -1.595358038
  .3700000000 -1.518914535
  .3750000000 -1.446721319
  .3800000000 -1.379985861
  .3850000000 -1.316283183
  .3900000000 -1.258345994
  .3950000000 -1.202635778
  .4000000000 -1.152699327
  .4050000000 -1.104548620
  .4100000000 -1.061884647
  .4150000000 -1.020897194
  .4200000000 -.9848113804
  .4250000000 -.9505971027
  .4300000000 -.9204106403
  .4350000000 -.8925602325
  .4400000000 -.8676087304
  .4450000000 -.8456749503
  .4500000000 -.8253281758
  .4550000000 -.8088417114
  .4600000000 -.7925354305
  .4650000000 -.7810294581
  .4700000000 -.7696606000
  .4750000000 -.7590927958
  .4800000000 -.7531403519
  .4850000000 -.7486984197
  .4900000000 -.7456292727
  .4950000000 -.7438301523
  .5000000000 -.7432375987
  .5050000000 -.7438301523
  .5100000000 -.7456292727
  .5150000000 -.7486984197
  .5200000000 -.7531403519
  .5250000000 -.7590927958
  .5300000000 -.7696606000
  .5350000000 -.7810294581
  .5400000000 -.7925354305
  .5450000000 -.8088417114
  .5500000000 -.8253281758
  .5550000000 -.8456749503
  .5600000000 -.8676087304
  .5650000000 -.8925602325
  .5700000000 -.9204106403
  .5750000000 -.9505971027
  .5800000000 -.9848113804
  .5850000000 -1.020897194
  .5900000000 -1.061884647
  .5950000000 -1.104548620
  .6000000000 -1.152699327
  .6050000000 -1.202635778
  .6100000000 -1.258345994
  .6150000000 -1.316283183
  .6200000000 -1.379985861
  .6250000000 -1.446721319
  .6300000000 -1.518914535
  .6350000000 -1.595358038
  .6400000000 -1.676627944
  .6450000000 -1.763843987
  .6500000000 -1.854881960
  .6550000000 -1.954127367
  .6600000000 -2.057044380
  .6650000000 -2.168498797
  .6700000000 -2.285827972
  .6750000000 -2.409630016
  .6800000000 -2.543270638
  .6850000000 -2.682973345
  .6900000000 -2.832763398
  .6950000000 -2.992341887
  .7000000000 -3.159930077
  .7050000000 -3.340399551
  .7100000000 -3.532361625
  .7150000000 -3.734881024
  .7200000000 -3.951727997
  .7250000000 -4.184255269
  .7300000000 -4.430645154
  .7350000000 -4.692124784
  .7400000000 -4.974188114
  .7450000000 -5.275736078
  .7500000000 -5.597045489
  .7550000000 -5.939934802
  .7600000000 -6.306417609
  .7650000000 -6.702435823
  .7700000000 -7.127268053
  .7750000000 -7.582908097
  .7800000000 -8.072297073
  .7850000000 -8.598693536
  .7900000000 -9.165712935
  .7950000000 -9.777375040
  .8000000000 -10.43816180
  .8050000000 -11.15308904
  .8100000000 -11.92779686
  .8150000000 -12.76866642
  .8200000000 -13.68297243
  .8250000000 -14.67908113
  .8300000000 -15.76669506
  .8350000000 -16.95782917
  .8400000000 -18.27810160
  .8450000000 -19.73392528
  .8500000000 -21.34325095
  .8550000000 -23.13961699
  .8600000000 -25.15005882
  .8650000000 -27.39005137
  .8700000000 -29.92636056
  .8750000000 -32.76883246
  .8800000000 -35.99743872
  .8850000000 -39.66612247
  .8900000000 -43.84783901
  .8950000000 -48.64687358
&
@ s5 color  3
@ s5 linestyle  1
@target s5
@type xy
  .4716605719 -10.000
  .4716605719  10.000
  .5283394280  10.000
  .5283394280 -10.000
&
@ s6 color  4
@ s6 linestyle  1
@ legend string 6 "(4)-(4)"
@target s6
@type xy
  .1000000000 -54.19040472
  .1050000000 -48.64582900
  .1100000000 -43.84688096
  .1150000000 -39.66525577
  .1200000000 -35.99666655
  .1250000000 -32.76815637
  .1300000000 -29.92577985
  .1350000000 -27.38956246
  .1400000000 -25.14965464
  .1450000000 -23.13928890
  .1500000000 -21.34298926
  .1550000000 -19.73372190
  .1600000000 -18.27795164
  .1650000000 -16.95773034
  .1700000000 -15.76664701
  .1750000000 -14.67908383
  .1800000000 -13.68302527
  .1850000000 -12.76876780
  .1900000000 -11.92794416
  .1950000000 -11.15327876
  .2000000000 -10.43838985
  .2050000000 -9.777636948
  .2100000000 -9.166004069
  .2150000000 -8.599009267
  .2200000000 -8.072632885
  .2250000000 -7.583259675
  .2300000000 -7.127631336
  .2350000000 -6.702807040
  .2400000000 -6.306793185
  .2450000000 -5.940310931
  .2500000000 -5.597419359
  .2550000000 -5.276105212
  .2600000000 -4.974550344
  .2650000000 -4.692478011
  .2700000000 -4.430987211
  .2750000000 -4.184584900
  .2800000000 -3.952044144
  .2850000000 -3.735182469
  .2900000000 -3.532647463
  .2950000000 -3.340669345
  .3000000000 -3.160183334
  .3050000000 -2.992578170
  .3100000000 -2.832982688
  .3150000000 -2.683175567
  .3200000000 -2.543455937
  .3250000000 -2.409798661
  .3300000000 -2.285980435
  .3350000000 -2.168635747
  .3400000000 -2.057166428
  .3450000000 -1.954236005
  .3500000000 -1.854977904
  .3550000000 -1.763929538
  .3600000000 -1.676704460
  .3650000000 -1.595427902
  .3700000000 -1.518980317
  .3750000000 -1.446785224
  .3800000000 -1.380051769
  .3850000000 -1.316352917
  .3900000000 -1.258424446
  .3950000000 -1.202724324
  .4000000000 -1.152803066
  .4050000000 -1.104668563
  .4100000000 -1.062024907
  .4150000000 -1.021058544
  .4200000000 -.9849957523
  .4250000000 -.9508049389
  .4300000000 -.9206411707
  .4350000000 -.8928129230
  .4400000000 -.8678808816
  .4450000000 -.8459637491
  .4500000000 -.8256310698
  .4550000000 -.8091521345
  .4600000000 -.7928533005
  .4650000000 -.7813440123
  .4700000000 -.7699718414
  .4750000000 -.7594104400
  .4800000000 -.7534549436
  .4850000000 -.7490097834
  .4900000000 -.7459378506
  .4950000000 -.7441368601
  .5000000000 -.7435436493
  .5050000000 -.7441368601
  .5100000000 -.7459378506
  .5150000000 -.7490097834
  .5200000000 -.7534549436
  .5250000000 -.7594104400
  .5300000000 -.7699718414
  .5350000000 -.7813440123
  .5400000000 -.7928533005
  .5450000000 -.8091521345
  .5500000000 -.8256310698
  .5550000000 -.8459637491
  .5600000000 -.8678808816
  .5650000000 -.8928129230
  .5700000000 -.9206411707
  .5750000000 -.9508049389
  .5800000000 -.9849957523
  .5850000000 -1.021058544
  .5900000000 -1.062024907
  .5950000000 -1.104668563
  .6000000000 -1.152803066
  .6050000000 -1.202724324
  .6100000000 -1.258424446
  .6150000000 -1.316352917
  .6200000000 -1.380051769
  .6250000000 -1.446785224
  .6300000000 -1.518980317
  .6350000000 -1.595427902
  .6400000000 -1.676704460
  .6450000000 -1.763929538
  .6500000000 -1.854977904
  .6550000000 -1.954236005
  .6600000000 -2.057166428
  .6650000000 -2.168635747
  .6700000000 -2.285980435
  .6750000000 -2.409798661
  .6800000000 -2.543455937
  .6850000000 -2.683175567
  .6900000000 -2.832982688
  .6950000000 -2.992578170
  .7000000000 -3.160183334
  .7050000000 -3.340669345
  .7100000000 -3.532647463
  .7150000000 -3.735182469
  .7200000000 -3.952044144
  .7250000000 -4.184584900
  .7300000000 -4.430987211
  .7350000000 -4.692478011
  .7400000000 -4.974550344
  .7450000000 -5.276105212
  .7500000000 -5.597419359
  .7550000000 -5.940310931
  .7600000000 -6.306793185
  .7650000000 -6.702807040
  .7700000000 -7.127631336
  .7750000000 -7.583259675
  .7800000000 -8.072632885
  .7850000000 -8.599009267
  .7900000000 -9.166004069
  .7950000000 -9.777636948
  .8000000000 -10.43838985
  .8050000000 -11.15327876
  .8100000000 -11.92794416
  .8150000000 -12.76876780
  .8200000000 -13.68302527
  .8250000000 -14.67908383
  .8300000000 -15.76664701
  .8350000000 -16.95773034
  .8400000000 -18.27795164
  .8450000000 -19.73372190
  .8500000000 -21.34298926
  .8550000000 -23.13928890
  .8600000000 -25.14965464
  .8650000000 -27.38956246
  .8700000000 -29.92577985
  .8750000000 -32.76815637
  .8800000000 -35.99666655
  .8850000000 -39.66525577
  .8900000000 -43.84688096
  .8950000000 -48.64582900
&
@ s7 color  4
@ s7 linestyle  1
@target s7
@type xy
  .4716605719 -10.000
  .4716605719  10.000
  .5283394280  10.000
  .5283394280 -10.000
&
@ s8 color  5
@ s8 linestyle  1
@ legend string 8 "(5)-(5)"
@target s8
@type xy
  .1000000000 -54.19165049
  .1050000000 -48.64707213
  .1100000000 -43.84812182
  .1150000000 -39.66649430
  .1200000000 -35.99790226
  .1250000000 -32.76938832
  .1300000000 -29.92700639
  .1350000000 -27.39078158
  .1400000000 -25.15086322
  .1450000000 -23.14048413
  .1500000000 -21.34416844
  .1550000000 -19.73488338
  .1600000000 -18.27909520
  .1650000000 -16.95885671
  .1700000000 -15.76775770
  .1750000000 -14.68018033
  .1800000000 -13.68410885
  .1850000000 -12.76983944
  .1900000000 -11.92900451
  .1950000000 -11.15432826
  .2000000000 -10.43942880
  .2050000000 -9.778665580
  .2100000000 -9.167022600
  .2150000000 -8.600017932
  .2200000000 -8.073631960
  .2250000000 -7.584249483
  .2300000000 -7.128612249
  .2350000000 -6.703779479
  .2400000000 -6.307757623
  .2450000000 -5.941267970
  .2500000000 -5.598369575
  .2550000000 -5.277049201
  .2600000000 -4.975488708
  .2650000000 -4.693411414
  .2700000000 -4.431916477
  .2750000000 -4.185510666
  .2800000000 -3.952967017
  .2850000000 -3.736103228
  .2900000000 -3.533566889
  .2950000000 -3.341587993
  .3000000000 -3.161101865
  .3050000000 -2.993497437
  .3100000000 -2.833903165
  .3150000000 -2.684097917
  .3200000000 -2.544380930
  .3250000000 -2.410726671
  .3300000000 -2.286912294
  .3350000000 -2.169571957
  .3400000000 -2.058107425
  .3450000000 -1.955182604
  .3500000000 -1.855930305
  .3550000000 -1.764888540
  .3600000000 -1.677670281
  .3650000000 -1.596401025
  .3700000000 -1.519961013
  .3750000000 -1.447773714
  .3800000000 -1.381048217
  .3850000000 -1.317357346
  .3900000000 -1.259436742
  .3950000000 -1.203744383
  .4000000000 -1.153830379
  .4050000000 -1.105702946
  .4100000000 -1.063065447
  .4150000000 -1.022104973
  .4200000000 -.9860469105
  .4250000000 -.9518604132
  .4300000000 -.9216998323
  .4350000000 -.8938741444
  .4400000000 -.8689438574
  .4450000000 -.8470276366
  .4500000000 -.8266955193
  .4550000000 -.8102162194
  .4600000000 -.7939170247
  .4650000000 -.7824066599
  .4700000000 -.7710334217
  .4750000000 -.7603089381
  .4800000000 -.7543677473
  .4850000000 -.7499340637
  .4900000000 -.7468705183
  .4950000000 -.7450746368
  .5000000000 -.7444831418
  .5050000000 -.7450746368
  .5100000000 -.7468705183
  .5150000000 -.7499340637
  .5200000000 -.7543677473
  .5250000000 -.7603089381
  .5300000000 -.7710334217
  .5350000000 -.7824066599
  .5400000000 -.7939170247
  .5450000000 -.8102162194
  .5500000000 -.8266955193
  .5550000000 -.8470276366
  .5600000000 -.8689438574
  .5650000000 -.8938741444
  .5700000000 -.9216998323
  .5750000000 -.9518604132
  .5800000000 -.9860469105
  .5850000000 -1.022104973
  .5900000000 -1.063065447
  .5950000000 -1.105702946
  .6000000000 -1.153830379
  .6050000000 -1.203744383
  .6100000000 -1.259436742
  .6150000000 -1.317357346
  .6200000000 -1.381048217
  .6250000000 -1.447773714
  .6300000000 -1.519961013
  .6350000000 -1.596401025
  .6400000000 -1.677670281
  .6450000000 -1.764888540
  .6500000000 -1.855930305
  .6550000000 -1.955182604
  .6600000000 -2.058107425
  .6650000000 -2.169571957
  .6700000000 -2.286912294
  .6750000000 -2.410726671
  .6800000000 -2.544380930
  .6850000000 -2.684097917
  .6900000000 -2.833903165
  .6950000000 -2.993497437
  .7000000000 -3.161101865
  .7050000000 -3.341587993
  .7100000000 -3.533566889
  .7150000000 -3.736103228
  .7200000000 -3.952967017
  .7250000000 -4.185510666
  .7300000000 -4.431916477
  .7350000000 -4.693411414
  .7400000000 -4.975488708
  .7450000000 -5.277049201
  .7500000000 -5.598369575
  .7550000000 -5.941267970
  .7600000000 -6.307757623
  .7650000000 -6.703779479
  .7700000000 -7.128612249
  .7750000000 -7.584249483
  .7800000000 -8.073631960
  .7850000000 -8.600017932
  .7900000000 -9.167022600
  .7950000000 -9.778665580
  .8000000000 -10.43942880
  .8050000000 -11.15432826
  .8100000000 -11.92900451
  .8150000000 -12.76983944
  .8200000000 -13.68410885
  .8250000000 -14.68018033
  .8300000000 -15.76775770
  .8350000000 -16.95885671
  .8400000000 -18.27909520
  .8450000000 -19.73488338
  .8500000000 -21.34416844
  .8550000000 -23.14048413
  .8600000000 -25.15086322
  .8650000000 -27.39078158
  .8700000000 -29.92700639
  .8750000000 -32.76938832
  .8800000000 -35.99790226
  .8850000000 -39.66649430
  .8900000000 -43.84812182
  .8950000000 -48.64707213
&
@ s9 color  5
@ s9 linestyle  1
@target s9
@type xy
  .4716605719 -10.000
  .4716605719  10.000
  .5283394280  10.000
  .5283394280 -10.000
&
@ s10 color  1
@ s10 linestyle  2
@ legend string 10 "(6)-(6)"
@target s10
@type xy
  .1000000000 -54.19335186
  .1050000000 -48.64871365
  .1100000000 -43.84969803
  .1150000000 -39.66800196
  .1200000000 -35.99934053
  .1250000000 -32.77075882
  .1300000000 -29.92831429
  .1350000000 -27.39203508
  .1400000000 -25.15207583
  .1450000000 -23.14166946
  .1500000000 -21.34534023
  .1550000000 -19.73605122
  .1600000000 -18.28026268
  .1650000000 -16.96002310
  .1700000000 -15.76891900
  .1750000000 -14.68133258
  .1800000000 -13.68524919
  .1850000000 -12.77096657
  .1900000000 -11.93011868
  .1950000000 -11.15543089
  .2000000000 -10.44052210
  .2050000000 -9.779752189
  .2100000000 -9.168105316
  .2150000000 -8.601099507
  .2200000000 -8.074714978
  .2250000000 -7.585336282
  .2300000000 -7.129704879
  .2350000000 -6.704879686
  .2400000000 -6.308866903
  .2450000000 -5.942387693
  .2500000000 -5.599500499
  .2550000000 -5.278191818
  .2600000000 -4.976643291
  .2650000000 -4.694578059
  .2700000000 -4.433094995
  .2750000000 -4.186700658
  .2800000000 -3.954168012
  .2850000000 -3.737314517
  .2900000000 -3.534787561
  .2950000000 -3.342817290
  .3000000000 -3.162338861
  .3050000000 -2.994740809
  .3100000000 -2.835152070
  .3150000000 -2.685351190
  .3200000000 -2.545637097
  .3250000000 -2.411984921
  .3300000000 -2.288170874
  .3350000000 -2.170829618
  .3400000000 -2.059363067
  .3450000000 -1.956433975
  .3500000000 -1.857176676
  .3550000000 -1.766127245
  .3600000000 -1.678900202
  .3650000000 -1.597620000
  .3700000000 -1.521167127
  .3750000000 -1.448965349
  .3800000000 -1.382222844
  .3850000000 -1.318513883
  .3900000000 -1.260572439
  .3950000000 -1.204858607
  .4000000000 -1.154920739
  .4050000000 -1.106769128
  .4100000000 -1.064106064
  .4150000000 -1.023119936
  .4200000000 -.9870362976
  .4250000000 -.9528244535
  .4300000000 -.9226400522
  .4350000000 -.8947914931
  .4400000000 -.8698406126
  .4450000000 -.8479061684
  .4500000000 -.8275576138
  .4550000000 -.8110663454
  .4600000000 -.7947553131
  .4650000000 -.7832399653
  .4700000000 -.7718618178
  .4750000000 -.7611026255
  .4800000000 -.7551644889
  .4850000000 -.7507336450
  .4900000000 -.7476723755
  .4950000000 -.7458779580
  .5000000000 -.7452869674
  .5050000000 -.7458779580
  .5100000000 -.7476723755
  .5150000000 -.7507336450
  .5200000000 -.7551644889
  .5250000000 -.7611026255
  .5300000000 -.7718618178
  .5350000000 -.7832399653
  .5400000000 -.7947553131
  .5450000000 -.8110663454
  .5500000000 -.8275576138
  .5550000000 -.8479061684
  .5600000000 -.8698406126
  .5650000000 -.8947914931
  .5700000000 -.9226400522
  .5750000000 -.9528244535
  .5800000000 -.9870362976
  .5850000000 -1.023119936
  .5900000000 -1.064106064
  .5950000000 -1.106769128
  .6000000000 -1.154920739
  .6050000000 -1.204858607
  .6100000000 -1.260572439
  .6150000000 -1.318513883
  .6200000000 -1.382222844
  .6250000000 -1.448965349
  .6300000000 -1.521167127
  .6350000000 -1.597620000
  .6400000000 -1.678900202
  .6450000000 -1.766127245
  .6500000000 -1.857176676
  .6550000000 -1.956433975
  .6600000000 -2.059363067
  .6650000000 -2.170829618
  .6700000000 -2.288170874
  .6750000000 -2.411984921
  .6800000000 -2.545637097
  .6850000000 -2.685351190
  .6900000000 -2.835152070
  .6950000000 -2.994740809
  .7000000000 -3.162338861
  .7050000000 -3.342817290
  .7100000000 -3.534787561
  .7150000000 -3.737314517
  .7200000000 -3.954168012
  .7250000000 -4.186700658
  .7300000000 -4.433094995
  .7350000000 -4.694578059
  .7400000000 -4.976643291
  .7450000000 -5.278191818
  .7500000000 -5.599500499
  .7550000000 -5.942387693
  .7600000000 -6.308866903
  .7650000000 -6.704879686
  .7700000000 -7.129704879
  .7750000000 -7.585336282
  .7800000000 -8.074714978
  .7850000000 -8.601099507
  .7900000000 -9.168105316
  .7950000000 -9.779752189
  .8000000000 -10.44052210
  .8050000000 -11.15543089
  .8100000000 -11.93011868
  .8150000000 -12.77096657
  .8200000000 -13.68524919
  .8250000000 -14.68133258
  .8300000000 -15.76891900
  .8350000000 -16.96002310
  .8400000000 -18.28026268
  .8450000000 -19.73605122
  .8500000000 -21.34534023
  .8550000000 -23.14166946
  .8600000000 -25.15207583
  .8650000000 -27.39203508
  .8700000000 -29.92831429
  .8750000000 -32.77075882
  .8800000000 -35.99934053
  .8850000000 -39.66800196
  .8900000000 -43.84969803
  .8950000000 -48.64871365
&
@ s11 color  1
@ s11 linestyle  2
@target s11
@type xy
  .4716605719 -10.000
  .4716605719  10.000
  .5283394280  10.000
  .5283394280 -10.000
&
@ s12 color  2
@ s12 linestyle  2
@ legend string 12 "(7)-(7)"
@target s12
@type xy
  .1000000000 -54.18915702
  .1050000000 -48.64457320
  .1100000000 -43.84561590
  .1150000000 -39.66398007
  .1200000000 -35.99537866
  .1250000000 -32.76685461
  .1300000000 -29.92446225
  .1350000000 -27.38822734
  .1400000000 -25.14830007
  .1450000000 -23.13791373
  .1500000000 -21.34159280
  .1550000000 -19.73230418
  .1600000000 -18.27651329
  .1650000000 -16.95627221
  .1700000000 -15.76517005
  .1750000000 -14.67758887
  .1800000000 -13.68151300
  .1850000000 -12.76723891
  .1900000000 -11.92639932
  .1950000000 -11.15171870
  .2000000000 -10.43681539
  .2050000000 -9.776048958
  .2100000000 -9.164403511
  .2150000000 -8.597397145
  .2200000000 -8.071010240
  .2250000000 -7.581627562
  .2300000000 -7.125990805
  .2350000000 -6.701159125
  .2400000000 -6.305138915
  .2450000000 -5.938651461
  .2500000000 -5.595755616
  .2550000000 -5.274438053
  .2600000000 -4.972880556
  .2650000000 -4.690806388
  .2700000000 -4.429314611
  .2750000000 -4.182911883
  .2800000000 -3.950371204
  .2850000000 -3.733510181
  .2900000000 -3.530976296
  .2950000000 -3.338999578
  .3000000000 -3.158515272
  .3050000000 -2.990912088
  .3100000000 -2.831318674
  .3150000000 -2.681513718
  .3200000000 -2.541796211
  .3250000000 -2.408140974
  .3300000000 -2.284324521
  .3350000000 -2.166981239
  .3400000000 -2.055513000
  .3450000000 -1.952582704
  .3500000000 -1.853324355
  .3550000000 -1.762274261
  .3600000000 -1.675046670
  .3650000000 -1.593766125
  .3700000000 -1.517313039
  .3750000000 -1.445111159
  .3800000000 -1.378368741
  .3850000000 -1.314659956
  .3900000000 -1.256719086
  .3950000000 -1.201005940
  .4000000000 -1.151069588
  .4050000000 -1.102919665
  .4100000000 -1.060259726
  .4150000000 -1.019277029
  .4200000000 -.9831988159
  .4250000000 -.9489929987
  .4300000000 -.9188167735
  .4350000000 -.8909775120
  .4400000000 -.8660375676
  .4450000000 -.8441157858
  .4500000000 -.8237805488
  .4550000000 -.8073046096
  .4600000000 -.7910087389
  .4650000000 -.7795094356
  .4700000000 -.7681471642
  .4750000000 -.7576417803
  .4800000000 -.7517036913
  .4850000000 -.7472743813
  .4900000000 -.7442150645
  .4950000000 -.7424221779
  .5000000000 -.7418317591
  .5050000000 -.7424221779
  .5100000000 -.7442150645
  .5150000000 -.7472743813
  .5200000000 -.7517036913
  .5250000000 -.7576417803
  .5300000000 -.7681471642
  .5350000000 -.7795094356
  .5400000000 -.7910087389
  .5450000000 -.8073046096
  .5500000000 -.8237805488
  .5550000000 -.8441157858
  .5600000000 -.8660375676
  .5650000000 -.8909775120
  .5700000000 -.9188167735
  .5750000000 -.9489929987
  .5800000000 -.9831988159
  .5850000000 -1.019277029
  .5900000000 -1.060259726
  .5950000000 -1.102919665
  .6000000000 -1.151069588
  .6050000000 -1.201005940
  .6100000000 -1.256719086
  .6150000000 -1.314659956
  .6200000000 -1.378368741
  .6250000000 -1.445111159
  .6300000000 -1.517313039
  .6350000000 -1.593766125
  .6400000000 -1.675046670
  .6450000000 -1.762274261
  .6500000000 -1.853324355
  .6550000000 -1.952582704
  .6600000000 -2.055513000
  .6650000000 -2.166981239
  .6700000000 -2.284324521
  .6750000000 -2.408140974
  .6800000000 -2.541796211
  .6850000000 -2.681513718
  .6900000000 -2.831318674
  .6950000000 -2.990912088
  .7000000000 -3.158515272
  .7050000000 -3.338999578
  .7100000000 -3.530976296
  .7150000000 -3.733510181
  .7200000000 -3.950371204
  .7250000000 -4.182911883
  .7300000000 -4.429314611
  .7350000000 -4.690806388
  .7400000000 -4.972880556
  .7450000000 -5.274438053
  .7500000000 -5.595755616
  .7550000000 -5.938651461
  .7600000000 -6.305138915
  .7650000000 -6.701159125
  .7700000000 -7.125990805
  .7750000000 -7.581627562
  .7800000000 -8.071010240
  .7850000000 -8.597397145
  .7900000000 -9.164403511
  .7950000000 -9.776048958
  .8000000000 -10.43681539
  .8050000000 -11.15171870
  .8100000000 -11.92639932
  .8150000000 -12.76723891
  .8200000000 -13.68151300
  .8250000000 -14.67758887
  .8300000000 -15.76517005
  .8350000000 -16.95627221
  .8400000000 -18.27651329
  .8450000000 -19.73230418
  .8500000000 -21.34159280
  .8550000000 -23.13791373
  .8600000000 -25.14830007
  .8650000000 -27.38822734
  .8700000000 -29.92446225
  .8750000000 -32.76685461
  .8800000000 -35.99537866
  .8850000000 -39.66398007
  .8900000000 -43.84561590
  .8950000000 -48.64457320
&
@ s13 color  2
@ s13 linestyle  2
@target s13
@type xy
  .4716605719 -10.000
  .4716605719  10.000
  .5283394280  10.000
  .5283394280 -10.000
&
@ s14 color  3
@ s14 linestyle  2
@ legend string 14 "(8)-(9)"
@target s14
@type xy
  .1000000000 -58.33408991
  .1050000000 -52.40078270
  .1100000000 -47.25710401
  .1150000000 -42.76898449
  .1200000000 -38.83751384
  .1250000000 -35.38885629
  .1300000000 -32.32368387
  .1350000000 -29.61633746
  .1400000000 -27.19101044
  .1450000000 -25.03847272
  .1500000000 -23.09875893
  .1550000000 -21.35926145
  .1600000000 -19.79647608
  .1650000000 -18.37914862
  .1700000000 -17.09052858
  .1750000000 -15.91571713
  .1800000000 -14.84780537
  .1850000000 -13.86750371
  .1900000000 -12.96549430
  .1950000000 -12.13386612
  .2000000000 -11.36573581
  .2050000000 -10.65506292
  .2100000000 -9.996506327
  .2150000000 -9.385314203
  .2200000000 -8.817238731
  .2250000000 -8.288468646
  .2300000000 -7.797744801
  .2350000000 -7.341625031
  .2400000000 -6.915663178
  .2450000000 -6.517268431
  .2500000000 -6.144098291
  .2550000000 -5.794034621
  .2600000000 -5.469256746
  .2650000000 -5.165239818
  .2700000000 -4.878945001
  .2750000000 -4.608929408
  .2800000000 -4.358223588
  .2850000000 -4.122746158
  .2900000000 -3.899714446
  .2950000000 -3.690408247
  .3000000000 -3.495447390
  .3050000000 -3.309957685
  .3100000000 -3.135563785
  .3150000000 -2.972946758
  .3200000000 -2.817510117
  .3250000000 -2.672634045
  .3300000000 -2.535902475
  .3350000000 -2.405045674
  .3400000000 -2.284762515
  .3450000000 -2.168832881
  .3500000000 -2.060868311
  .3550000000 -1.958498904
  .3600000000 -1.861384552
  .3650000000 -1.770994242
  .3700000000 -1.683820630
  .3750000000 -1.604033255
  .3800000000 -1.526146870
  .3850000000 -1.455610481
  .3900000000 -1.386601178
  .3950000000 -1.323965625
  .4000000000 -1.262863149
  .4050000000 -1.207550137
  .4100000000 -1.153501191
  .4150000000 -1.104995610
  .4200000000 -1.057244675
  .4250000000 -1.015085178
  .4300000000 -.9734187861
  .4350000000 -.9367300218
  .4400000000 -.9009157368
  .4450000000 -.8689535641
  .4500000000 -.8386284280
  .4550000000 -.8108806510
  .4600000000 -.7857245913
  .4650000000 -.7617326544
  .4700000000 -.7414952868
  .4750000000 -.7214720753
  .4800000000 -.7054233488
  .4850000000 -.6901855031
  .4900000000 -.6817171285
  .4950000000 -.6703147495
  .5000000000 -.6609140152
  .5050000000 -.6535534932
  .5100000000 -.6482672715
  .5150000000 -.6450692470
  .5200000000 -.6439370442
  .5250000000 -.6447978564
  .5300000000 -.6475186051
  .5350000000 -.6519025981
  .5400000000 -.6576943146
  .5450000000 -.6645931096
  .5500000000 -.6722755802
  .5550000000 -.6804252025
  .5600000000 -.6887667687
  .5650000000 -.6971022760
  .5700000000 -.7053443774
  .5750000000 -.7135433972
  .5800000000 -.7219042868
  .5850000000 -.7307907412
  .5900000000 -.7568333529
  .5950000000 -.7703025297
  .6000000000 -.7848790652
  .6050000000 -.8023870336
  .6100000000 -.8216129116
  .6150000000 -.8450623883
  .6200000000 -.8712458803
  .6250000000 -.9024788026
  .6300000000 -.9378089492
  .6350000000 -.9780187779
  .6400000000 -1.023865676
  .6450000000 -1.073508025
  .6500000000 -1.130265719
  .6550000000 -1.189739266
  .6600000000 -1.256553886
  .6650000000 -1.326677240
  .6700000000 -1.401807247
  .6750000000 -1.482171401
  .6800000000 -1.565959718
  .6850000000 -1.656227795
  .6900000000 -1.750858981
  .6950000000 -1.849930666
  .7000000000 -1.956641131
  .7050000000 -2.068499997
  .7100000000 -2.186019115
  .7150000000 -2.313041693
  .7200000000 -2.447014886
  .7250000000 -2.588561341
  .7300000000 -2.740390106
  .7350000000 -2.902981798
  .7400000000 -3.075755074
  .7450000000 -3.259674176
  .7500000000 -3.456939872
  .7550000000 -3.669705842
  .7600000000 -3.897236068
  .7650000000 -4.140954560
  .7700000000 -4.402442276
  .7750000000 -4.683454529
  .7800000000 -4.985940927
  .7850000000 -5.312884927
  .7900000000 -5.666382819
  .7950000000 -6.048197952
  .8000000000 -6.461197409
  .8050000000 -6.908553825
  .8100000000 -7.393772346
  .8150000000 -7.920718401
  .8200000000 -8.495570170
  .8250000000 -9.122941070
  .8300000000 -9.807344381
  .8350000000 -10.55453664
  .8400000000 -11.37079795
  .8450000000 -12.26466318
  .8500000000 -13.25118020
  .8550000000 -14.33132324
  .8600000000 -15.51872104
  .8650000000 -16.83185386
  .8700000000 -18.27522201
  .8750000000 -19.87834292
  .8800000000 -21.65222777
  .8850000000 -23.62078087
  .8900000000 -25.82392957
  .8950000000 -28.28037701
&
@ s15 color  3
@ s15 linestyle  2
@target s15
@type xy
  .4877774114 -10.000
  .4877774114  10.000
  .5885611469  10.000
  .5885611469 -10.000
&
@ s16 color  4
@ s16 linestyle  2
@ legend string 16 "(9)-(10)"
@target s16
@type xy
  .1000000000 -31.26484034
  .1050000000 -28.50702447
  .1100000000 -26.03456994
  .1150000000 -23.82292543
  .1200000000 -21.83950935
  .1250000000 -20.05112614
  .1300000000 -18.44128532
  .1350000000 -16.98472283
  .1400000000 -15.66554888
  .1450000000 -14.46597406
  .1500000000 -13.38033581
  .1550000000 -12.38850462
  .1600000000 -11.48374307
  .1650000000 -10.66268779
  .1700000000 -9.910877342
  .1750000000 -9.222028350
  .1800000000 -8.590380012
  .1850000000 -8.010658148
  .1900000000 -7.478043092
  .1950000000 -6.988139949
  .2000000000 -6.536950360
  .2050000000 -6.120845229
  .2100000000 -5.736538091
  .2150000000 -5.381058993
  .2200000000 -5.051728853
  .2250000000 -4.746134389
  .2300000000 -4.462103817
  .2350000000 -4.197683604
  .2400000000 -3.951116651
  .2450000000 -3.720822320
  .2500000000 -3.506951959
  .2550000000 -3.308078771
  .2600000000 -3.121531939
  .2650000000 -2.946246429
  .2700000000 -2.781566553
  .2750000000 -2.629351915
  .2800000000 -2.485579968
  .2850000000 -2.349542407
  .2900000000 -2.222414896
  .2950000000 -2.103135977
  .3000000000 -1.989563048
  .3050000000 -1.882639462
  .3100000000 -1.782124604
  .3150000000 -1.685780511
  .3200000000 -1.595113022
  .3250000000 -1.508963419
  .3300000000 -1.425926307
  .3350000000 -1.348701971
  .3400000000 -1.274193720
  .3450000000 -1.203851859
  .3500000000 -1.137724532
  .3550000000 -1.074455554
  .3600000000 -1.017275186
  .3650000000 -.9621483582
  .3700000000 -.9143759196
  .3750000000 -.8690153743
  .3800000000 -.8304868733
  .3850000000 -.7951972050
  .3900000000 -.7659540147
  .3950000000 -.7400610117
  .4000000000 -.7191986495
  .4050000000 -.7011342630
  .4100000000 -.6871406186
  .4150000000 -.6529574092
  .4200000000 -.6441938734
  .4250000000 -.6369760288
  .4300000000 -.6305209649
  .4350000000 -.6241790008
  .4400000000 -.6174687711
  .4450000000 -.6100954952
  .4500000000 -.6019518247
  .4550000000 -.5931025135
  .4600000000 -.5837557588
  .4650000000 -.5742252412
  .4700000000 -.5648875546
  .4750000000 -.5561397957
  .4800000000 -.5483616307
  .4850000000 -.5418852487
  .4900000000 -.5369753980
  .4950000000 -.5338203474
  .5000000000 -.5325332897
  .5050000000 -.5331625736
  .5100000000 -.5357083189
  .5150000000 -.5401425242
  .5200000000 -.5464297251
  .5250000000 -.5545455693
  .5300000000 -.5644912790
  .5350000000 -.5763027462
  .5400000000 -.5900538515
  .5450000000 -.6058543866
  .5500000000 -.6329746990
  .5550000000 -.6564140446
  .5600000000 -.6801182472
  .5650000000 -.7077796201
  .5700000000 -.7367577592
  .5750000000 -.7688796351
  .5800000000 -.8031066096
  .5850000000 -.8400847015
  .5900000000 -.8798049911
  .5950000000 -.9221440057
  .6000000000 -.9676856395
  .6050000000 -1.015983545
  .6100000000 -1.067763046
  .6150000000 -1.122730768
  .6200000000 -1.181246483
  .6250000000 -1.243720301
  .6300000000 -1.309551484
  .6350000000 -1.380507913
  .6400000000 -1.454318026
  .6450000000 -1.534891773
  .6500000000 -1.618137526
  .6550000000 -1.708939081
  .6600000000 -1.803866864
  .6650000000 -1.905016853
  .6700000000 -2.013278270
  .6750000000 -2.126135507
  .6800000000 -2.249319761
  .6850000000 -2.378547812
  .6900000000 -2.515343053
  .6950000000 -2.663309972
  .7000000000 -2.818895378
  .7050000000 -2.984561655
  .7100000000 -3.163285020
  .7150000000 -3.352098384
  .7200000000 -3.552203096
  .7250000000 -3.769646352
  .7300000000 -4.000386185
  .7350000000 -4.245606995
  .7400000000 -4.507813187
  .7450000000 -4.791406224
  .7500000000 -5.093973345
  .7550000000 -5.417248358
  .7600000000 -5.763141495
  .7650000000 -6.133988248
  .7700000000 -6.535487885
  .7750000000 -6.966248129
  .7800000000 -7.428907083
  .7850000000 -7.926328172
  .7900000000 -8.461611069
  .7950000000 -9.038104416
  .8000000000 -9.659423099
  .8050000000 -10.32947428
  .8100000000 -11.05249792
  .8150000000 -11.83312740
  .8200000000 -12.67647289
  .8250000000 -13.58821969
  .8300000000 -14.57471544
  .8350000000 -15.64841698
  .8400000000 -16.81551083
  .8450000000 -18.08150237
  .8500000000 -19.45370106
  .8550000000 -20.95130883
  .8600000000 -22.57732037
  .8650000000 -24.36295384
  .8700000000 -26.36706531
  .8750000000 -28.64200612
  .8800000000 -31.23282403
  .8850000000 -34.17104841
  .8900000000 -37.46897877
  .8950000000 -41.18071897
&
@ s17 color  4
@ s17 linestyle  2
@target s17
@type xy
  .4132226436 -10.000
  .4132226436  10.000
  .5499477409  10.000
  .5499477409 -10.000
&
@ s18 color  5
@ s18 linestyle  2
@ legend string 18 "(10)-(9)"
@target s18
@type xy
  .1000000000 -45.38565871
  .1050000000 -41.18071897
  .1100000000 -37.46897877
  .1150000000 -34.17104841
  .1200000000 -31.23282403
  .1250000000 -28.64200612
  .1300000000 -26.36706531
  .1350000000 -24.36295384
  .1400000000 -22.57732037
  .1450000000 -20.95130883
  .1500000000 -19.45370106
  .1550000000 -18.08150237
  .1600000000 -16.81551083
  .1650000000 -15.64841698
  .1700000000 -14.57471544
  .1750000000 -13.58821969
  .1800000000 -12.67647289
  .1850000000 -11.83312740
  .1900000000 -11.05249792
  .1950000000 -10.32947428
  .2000000000 -9.659423099
  .2050000000 -9.038104416
  .2100000000 -8.461611069
  .2150000000 -7.926328172
  .2200000000 -7.428907083
  .2250000000 -6.966248129
  .2300000000 -6.535487885
  .2350000000 -6.133988248
  .2400000000 -5.763141495
  .2450000000 -5.417248358
  .2500000000 -5.093973345
  .2550000000 -4.791406224
  .2600000000 -4.507813187
  .2650000000 -4.245606995
  .2700000000 -4.000386185
  .2750000000 -3.769646352
  .2800000000 -3.552203096
  .2850000000 -3.352098384
  .2900000000 -3.163285020
  .2950000000 -2.984561655
  .3000000000 -2.818895378
  .3050000000 -2.663309972
  .3100000000 -2.515343053
  .3150000000 -2.378547812
  .3200000000 -2.249319761
  .3250000000 -2.126135507
  .3300000000 -2.013278270
  .3350000000 -1.905016853
  .3400000000 -1.803866864
  .3450000000 -1.708939081
  .3500000000 -1.618137526
  .3550000000 -1.534891773
  .3600000000 -1.454318026
  .3650000000 -1.380507913
  .3700000000 -1.309551484
  .3750000000 -1.243720301
  .3800000000 -1.181246483
  .3850000000 -1.122730768
  .3900000000 -1.067763046
  .3950000000 -1.015983545
  .4000000000 -.9676856395
  .4050000000 -.9221440057
  .4100000000 -.8798049911
  .4150000000 -.8400847015
  .4200000000 -.8031066096
  .4250000000 -.7688796351
  .4300000000 -.7367577592
  .4350000000 -.7077796201
  .4400000000 -.6801182472
  .4450000000 -.6564140446
  .4500000000 -.6329746990
  .4550000000 -.6058543866
  .4600000000 -.5900538515
  .4650000000 -.5763027462
  .4700000000 -.5644912790
  .4750000000 -.5545455693
  .4800000000 -.5464297251
  .4850000000 -.5401425242
  .4900000000 -.5357083189
  .4950000000 -.5331625736
  .5000000000 -.5325332897
  .5050000000 -.5338203474
  .5100000000 -.5369753980
  .5150000000 -.5418852487
  .5200000000 -.5483616307
  .5250000000 -.5561397957
  .5300000000 -.5648875546
  .5350000000 -.5742252412
  .5400000000 -.5837557588
  .5450000000 -.5931025135
  .5500000000 -.6019518247
  .5550000000 -.6100954952
  .5600000000 -.6174687711
  .5650000000 -.6241790008
  .5700000000 -.6305209649
  .5750000000 -.6369760288
  .5800000000 -.6441938734
  .5850000000 -.6529574092
  .5900000000 -.6871406186
  .5950000000 -.7011342630
  .6000000000 -.7191986495
  .6050000000 -.7400610117
  .6100000000 -.7659540147
  .6150000000 -.7951972050
  .6200000000 -.8304868733
  .6250000000 -.8690153743
  .6300000000 -.9143759196
  .6350000000 -.9621483582
  .6400000000 -1.017275186
  .6450000000 -1.074455554
  .6500000000 -1.137724532
  .6550000000 -1.203851859
  .6600000000 -1.274193720
  .6650000000 -1.348701971
  .6700000000 -1.425926307
  .6750000000 -1.508963419
  .6800000000 -1.595113022
  .6850000000 -1.685780511
  .6900000000 -1.782124604
  .6950000000 -1.882639462
  .7000000000 -1.989563048
  .7050000000 -2.103135977
  .7100000000 -2.222414896
  .7150000000 -2.349542407
  .7200000000 -2.485579968
  .7250000000 -2.629351915
  .7300000000 -2.781566553
  .7350000000 -2.946246429
  .7400000000 -3.121531939
  .7450000000 -3.308078771
  .7500000000 -3.506951959
  .7550000000 -3.720822320
  .7600000000 -3.951116651
  .7650000000 -4.197683604
  .7700000000 -4.462103817
  .7750000000 -4.746134389
  .7800000000 -5.051728853
  .7850000000 -5.381058993
  .7900000000 -5.736538091
  .7950000000 -6.120845229
  .8000000000 -6.536950360
  .8050000000 -6.988139949
  .8100000000 -7.478043092
  .8150000000 -8.010658148
  .8200000000 -8.590380012
  .8250000000 -9.222028350
  .8300000000 -9.910877342
  .8350000000 -10.66268779
  .8400000000 -11.48374307
  .8450000000 -12.38850462
  .8500000000 -13.38033581
  .8550000000 -14.46597406
  .8600000000 -15.66554888
  .8650000000 -16.98472283
  .8700000000 -18.44128532
  .8750000000 -20.05112614
  .8800000000 -21.83950935
  .8850000000 -23.82292543
  .8900000000 -26.03456994
  .8950000000 -28.50702447
&
@ s19 color  5
@ s19 linestyle  2
@target s19
@type xy
  .4500522590 -10.000
  .4500522590  10.000
  .5867773563  10.000
  .5867773563 -10.000
&
