# ACE/gr parameter file
#
@    version 50122
@    world xmin 0.25
@    world xmax 0.75
@    title font 5
@    xaxis  tick major 0.1
@    xaxis  tick minor 0.02
@    xaxis  label "(r-r\s1\N)/d"
@    xaxis  label font 5
@    xaxis  label char size 1.2
@    xaxis  ticklabel font 4
@    xaxis  ticklabel char size 1
@    yaxis  tick major .1
@    yaxis  tick minor .02
@    yaxis  label font 4
@    yaxis  label char size 1.2
@    yaxis  ticklabel font 5
@    yaxis  ticklabel char size 1
@    title "potential between neighbors"
@    yaxis  label "V(r) (Ry)"
@    world ymin -10.
@    world ymax   .0
@    yaxis  tick major 2
@    yaxis  tick minor 1
@ s0 color  1
@ s0 linestyle  1
@ legend string 0 "(1)-(2)"
@target s0
@type xy
  .1000000000 -301.5730076
  .1050000000 -287.2134014
  .1100000000 -274.1588363
  .1150000000 -262.2332596
  .1200000000 -251.2973076
  .1250000000 -241.2595203
  .1300000000 -231.9712325
  .1350000000 -223.3872679
  .1400000000 -215.4000914
  .1450000000 -207.9827384
  .1500000000 -201.0417430
  .1550000000 -194.5581987
  .1600000000 -188.4843871
  .1650000000 -182.7712669
  .1700000000 -177.3898518
  .1750000000 -172.3171571
  .1800000000 -167.5360367
  .1850000000 -163.0110138
  .1900000000 -158.7227631
  .1950000000 -154.6536497
  .2000000000 -150.7875583
  .2050000000 -147.1097421
  .2100000000 -143.6066901
  .2150000000 -140.2660088
  .2200000000 -137.0763176
  .2250000000 -134.0271553
  .2300000000 -131.1119952
  .2350000000 -128.3268584
  .2400000000 -125.6564531
  .2450000000 -123.0931033
  .2500000000 -120.6297261
  .2550000000 -118.2597814
  .2600000000 -115.9868902
  .2650000000 -113.8026765
  .2700000000 -111.6952567
  .2750000000 -109.6597725
  .2800000000 -107.7030837
  .2850000000 -105.8171231
  .2900000000 -103.9904324
  .2950000000 -102.2246172
  .3000000000 -100.5261135
  .3050000000 -98.87646271
  .3100000000 -97.27869893
  .3150000000 -95.73936329
  .3200000000 -94.24029037
  .3250000000 -92.79113658
  .3300000000 -91.38733858
  .3350000000 -90.01670706
  .3400000000 -88.69949188
  .3450000000 -87.41142598
  .3500000000 -86.16370146
  .3550000000 -84.95100003
  .3600000000 -83.76812036
  .3650000000 -82.62425676
  .3700000000 -81.50197337
  .3750000000 -80.42102475
  .3800000000 -79.35771913
  .3850000000 -78.33202895
  .3900000000 -77.32368243
  .3950000000 -76.34879924
  .4000000000 -75.39078627
  .4050000000 -74.46358998
  .4100000000 -73.55169754
  .4150000000 -72.66930930
  .4200000000 -71.79969723
  .4250000000 -70.95945647
  .4300000000 -70.12904331
  .4350000000 -69.32806638
  .4400000000 -68.53665994
  .4450000000 -67.76965998
  .4500000000 -67.01503353
  .4550000000 -66.27919981
  .4600000000 -65.55928507
  .4650000000 -64.85205006
  .4700000000 -64.16492323
  .4750000000 -63.48506772
  .4800000000 -.0000150485
  .4850000000  .0000384465
  .4900000000  .0001032085
  .4950000000  .0001752219
  .5000000000  .0002501438
  .5050000000  .0003238073
  .5100000000  .0003926070
  .5150000000  .0004537411
  .5200000000  .0005053062
  .5250000000 -63.48441927
  .5300000000 -64.16420034
  .5350000000 -64.85125195
  .5400000000 -65.55842462
  .5450000000 -66.27828170
  .5500000000 -67.01406392
  .5550000000 -67.76864730
  .5600000000 -68.53560623
  .5650000000 -69.32698146
  .5700000000 -70.12792702
  .5750000000 -70.95831808
  .5800000000 -71.79853648
  .5850000000 -72.66813202
  .5900000000 -73.55050424
  .5950000000 -74.46238392
  .6000000000 -75.38956801
  .6050000000 -76.34757036
  .6100000000 -77.32244322
  .6150000000 -78.33077994
  .6200000000 -79.35646031
  .6250000000 -80.41975605
  .6300000000 -81.50069467
  .6350000000 -82.62296777
  .6400000000 -83.76682093
  .6450000000 -84.94969001
  .6500000000 -86.16238087
  .6550000000 -87.41009489
  .6600000000 -88.69815077
  .6650000000 -90.01535607
  .6700000000 -91.38597907
  .6750000000 -92.78976914
  .6800000000 -94.23891628
  .6850000000 -95.73798438
  .6900000000 -97.27731633
  .6950000000 -98.87507903
  .7000000000 -100.5247309
  .7050000000 -102.2232374
  .7100000000 -103.9890589
  .7150000000 -105.8157586
  .7200000000 -107.7017305
  .7250000000 -109.6584340
  .7300000000 -111.6939363
  .7350000000 -113.8013770
  .7400000000 -115.9856145
  .7450000000 -118.2585329
  .7500000000 -120.6285079
  .7550000000 -123.0919185
  .7600000000 -125.6553043
  .7650000000 -128.3257483
  .7700000000 -131.1109267
  .7750000000 -134.0261312
  .7800000000 -137.0753405
  .7850000000 -140.2650813
  .7900000000 -143.6058149
  .7950000000 -147.1089220
  .8000000000 -150.7867963
  .8050000000 -154.6529492
  .8100000000 -158.7221275
  .8150000000 -163.0104469
  .8200000000 -167.5355422
  .8250000000 -172.3167385
  .8300000000 -177.3895112
  .8350000000 -182.7710044
  .8400000000 -188.4841998
  .8450000000 -194.5580804
  .8500000000 -201.0416832
  .8550000000 -207.9827238
  .8600000000 -215.4001100
  .8650000000 -223.3873066
  .8700000000 -231.9712820
  .8750000000 -241.2595720
  .8800000000 -251.2973547
  .8850000000 -262.2332950
  .8900000000 -274.1588542
  .8950000000 -287.2133970
&
@ s1 color  1
@ s1 linestyle  1
@target s1
@type xy
  .4753377083 -10.000
  .4753377083  10.000
  .5246622916  10.000
  .5246622916 -10.000
&
@ s2 color  2
@ s2 linestyle  1
@ legend string 2 "(2)-(1)"
@target s2
@type xy
  .1000000000 -301.5729776
  .1050000000 -287.2133970
  .1100000000 -274.1588542
  .1150000000 -262.2332950
  .1200000000 -251.2973547
  .1250000000 -241.2595720
  .1300000000 -231.9712820
  .1350000000 -223.3873066
  .1400000000 -215.4001100
  .1450000000 -207.9827238
  .1500000000 -201.0416832
  .1550000000 -194.5580804
  .1600000000 -188.4841998
  .1650000000 -182.7710044
  .1700000000 -177.3895112
  .1750000000 -172.3167385
  .1800000000 -167.5355422
  .1850000000 -163.0104469
  .1900000000 -158.7221275
  .1950000000 -154.6529492
  .2000000000 -150.7867963
  .2050000000 -147.1089220
  .2100000000 -143.6058149
  .2150000000 -140.2650813
  .2200000000 -137.0753405
  .2250000000 -134.0261312
  .2300000000 -131.1109267
  .2350000000 -128.3257483
  .2400000000 -125.6553043
  .2450000000 -123.0919185
  .2500000000 -120.6285079
  .2550000000 -118.2585329
  .2600000000 -115.9856145
  .2650000000 -113.8013770
  .2700000000 -111.6939363
  .2750000000 -109.6584340
  .2800000000 -107.7017305
  .2850000000 -105.8157586
  .2900000000 -103.9890589
  .2950000000 -102.2232374
  .3000000000 -100.5247309
  .3050000000 -98.87507903
  .3100000000 -97.27731633
  .3150000000 -95.73798438
  .3200000000 -94.23891628
  .3250000000 -92.78976914
  .3300000000 -91.38597907
  .3350000000 -90.01535607
  .3400000000 -88.69815077
  .3450000000 -87.41009489
  .3500000000 -86.16238087
  .3550000000 -84.94969001
  .3600000000 -83.76682093
  .3650000000 -82.62296777
  .3700000000 -81.50069467
  .3750000000 -80.41975605
  .3800000000 -79.35646031
  .3850000000 -78.33077994
  .3900000000 -77.32244322
  .3950000000 -76.34757036
  .4000000000 -75.38956801
  .4050000000 -74.46238392
  .4100000000 -73.55050424
  .4150000000 -72.66813202
  .4200000000 -71.79853648
  .4250000000 -70.95831808
  .4300000000 -70.12792702
  .4350000000 -69.32698146
  .4400000000 -68.53560623
  .4450000000 -67.76864730
  .4500000000 -67.01406392
  .4550000000 -66.27828170
  .4600000000 -65.55842462
  .4650000000 -64.85125195
  .4700000000 -64.16420034
  .4750000000 -63.48441927
  .4800000000  .0005053062
  .4850000000  .0004537411
  .4900000000  .0003926070
  .4950000000  .0003238073
  .5000000000  .0002501438
  .5050000000  .0001752219
  .5100000000  .0001032085
  .5150000000  .0000384465
  .5200000000 -.0000150485
  .5250000000 -63.48506772
  .5300000000 -64.16492323
  .5350000000 -64.85205006
  .5400000000 -65.55928507
  .5450000000 -66.27919981
  .5500000000 -67.01503353
  .5550000000 -67.76965998
  .5600000000 -68.53665994
  .5650000000 -69.32806638
  .5700000000 -70.12904331
  .5750000000 -70.95945647
  .5800000000 -71.79969723
  .5850000000 -72.66930930
  .5900000000 -73.55169754
  .5950000000 -74.46358998
  .6000000000 -75.39078627
  .6050000000 -76.34879924
  .6100000000 -77.32368243
  .6150000000 -78.33202895
  .6200000000 -79.35771913
  .6250000000 -80.42102475
  .6300000000 -81.50197337
  .6350000000 -82.62425676
  .6400000000 -83.76812036
  .6450000000 -84.95100003
  .6500000000 -86.16370146
  .6550000000 -87.41142598
  .6600000000 -88.69949188
  .6650000000 -90.01670706
  .6700000000 -91.38733858
  .6750000000 -92.79113658
  .6800000000 -94.24029037
  .6850000000 -95.73936329
  .6900000000 -97.27869893
  .6950000000 -98.87646271
  .7000000000 -100.5261135
  .7050000000 -102.2246172
  .7100000000 -103.9904324
  .7150000000 -105.8171231
  .7200000000 -107.7030837
  .7250000000 -109.6597725
  .7300000000 -111.6952567
  .7350000000 -113.8026765
  .7400000000 -115.9868902
  .7450000000 -118.2597814
  .7500000000 -120.6297261
  .7550000000 -123.0931033
  .7600000000 -125.6564531
  .7650000000 -128.3268584
  .7700000000 -131.1119952
  .7750000000 -134.0271553
  .7800000000 -137.0763176
  .7850000000 -140.2660088
  .7900000000 -143.6066901
  .7950000000 -147.1097421
  .8000000000 -150.7875583
  .8050000000 -154.6536497
  .8100000000 -158.7227631
  .8150000000 -163.0110138
  .8200000000 -167.5360367
  .8250000000 -172.3171571
  .8300000000 -177.3898518
  .8350000000 -182.7712669
  .8400000000 -188.4843871
  .8450000000 -194.5581987
  .8500000000 -201.0417430
  .8550000000 -207.9827384
  .8600000000 -215.4000914
  .8650000000 -223.3872679
  .8700000000 -231.9712325
  .8750000000 -241.2595203
  .8800000000 -251.2973076
  .8850000000 -262.2332596
  .8900000000 -274.1588363
  .8950000000 -287.2134014
&
@ s3 color  2
@ s3 linestyle  1
@target s3
@type xy
  .4753377083 -10.000
  .4753377083  10.000
  .5246622916  10.000
  .5246622916 -10.000
&
@ s4 color  3
@ s4 linestyle  1
@ legend string 4 "(3)-(3)"
@target s4
@type xy
  .1000000000 -299.2225465
  .1050000000 -284.9776003
  .1100000000 -272.0320999
  .1150000000 -260.2102636
  .1200000000 -249.3633648
  .1250000000 -239.3827129
  .1300000000 -230.1859536
  .1350000000 -221.6460514
  .1400000000 -213.7437682
  .1450000000 -206.3672669
  .1500000000 -199.4880188
  .1550000000 -193.0593261
  .1600000000 -187.0224369
  .1650000000 -181.3453200
  .1700000000 -176.0190798
  .1750000000 -170.9940463
  .1800000000 -166.2454991
  .1850000000 -161.7522483
  .1900000000 -157.4949887
  .1950000000 -153.4561046
  .2000000000 -149.6194993
  .2050000000 -145.9704442
  .2100000000 -142.4954459
  .2150000000 -139.1821282
  .2200000000 -136.0191273
  .2250000000 -132.9959986
  .2300000000 -130.1031331
  .2350000000 -127.3316829
  .2400000000 -124.6754275
  .2450000000 -122.1362412
  .2500000000 -119.6964335
  .2550000000 -117.3494792
  .2600000000 -115.0893504
  .2650000000 -112.9147870
  .2700000000 -110.8292462
  .2750000000 -108.8151035
  .2800000000 -106.8678758
  .2850000000 -104.9932725
  .2900000000 -103.1868918
  .2950000000 -101.4356592
  .3000000000 -99.74239299
  .3050000000 -98.11206963
  .3100000000 -96.52720693
  .3150000000 -94.99383775
  .3200000000 -93.51315586
  .3250000000 -92.06994035
  .3300000000 -90.67816214
  .3350000000 -89.32502906
  .3400000000 -88.00783502
  .3450000000 -86.73683789
  .3500000000 -85.49271861
  .3550000000 -84.29308349
  .3600000000 -83.12034262
  .3650000000 -81.98260359
  .3700000000 -80.87509577
  .3750000000 -79.79523717
  .3800000000 -78.74738217
  .3850000000 -77.72171989
  .3900000000 -76.72844516
  .3950000000 -75.75359247
  .4000000000 -74.81028252
  .4050000000 -73.88312016
  .4100000000 -72.98557180
  .4150000000 -72.10322177
  .4200000000 -71.24760436
  .4250000000 -70.40740681
  .4300000000 -69.59022694
  .4350000000 -68.78971972
  .4400000000 -68.00778957
  .4450000000 -67.24469010
  .4500000000 -66.49509914
  .4550000000 -65.76728827
  .4600000000 -65.04743178
  .4650000000 -64.35288550
  .4700000000 -63.66582094
  .4750000000  .0002003340
  .4800000000  .0002093721
  .4850000000  .0002165656
  .4900000000  .0002217906
  .4950000000  .0002249600
  .5000000000  .0002260222
  .5050000000  .0002249600
  .5100000000  .0002217906
  .5150000000  .0002165656
  .5200000000  .0002093721
  .5250000000  .0002003340
  .5300000000 -63.66582094
  .5350000000 -64.35288550
  .5400000000 -65.04743178
  .5450000000 -65.76728827
  .5500000000 -66.49509914
  .5550000000 -67.24469010
  .5600000000 -68.00778957
  .5650000000 -68.78971972
  .5700000000 -69.59022694
  .5750000000 -70.40740681
  .5800000000 -71.24760436
  .5850000000 -72.10322177
  .5900000000 -72.98557180
  .5950000000 -73.88312016
  .6000000000 -74.81028252
  .6050000000 -75.75359247
  .6100000000 -76.72844516
  .6150000000 -77.72171989
  .6200000000 -78.74738217
  .6250000000 -79.79523717
  .6300000000 -80.87509577
  .6350000000 -81.98260359
  .6400000000 -83.12034262
  .6450000000 -84.29308349
  .6500000000 -85.49271861
  .6550000000 -86.73683789
  .6600000000 -88.00783502
  .6650000000 -89.32502906
  .6700000000 -90.67816214
  .6750000000 -92.06994035
  .6800000000 -93.51315586
  .6850000000 -94.99383775
  .6900000000 -96.52720693
  .6950000000 -98.11206963
  .7000000000 -99.74239299
  .7050000000 -101.4356592
  .7100000000 -103.1868918
  .7150000000 -104.9932725
  .7200000000 -106.8678758
  .7250000000 -108.8151035
  .7300000000 -110.8292462
  .7350000000 -112.9147870
  .7400000000 -115.0893504
  .7450000000 -117.3494792
  .7500000000 -119.6964335
  .7550000000 -122.1362412
  .7600000000 -124.6754275
  .7650000000 -127.3316829
  .7700000000 -130.1031331
  .7750000000 -132.9959986
  .7800000000 -136.0191273
  .7850000000 -139.1821282
  .7900000000 -142.4954459
  .7950000000 -145.9704442
  .8000000000 -149.6194993
  .8050000000 -153.4561046
  .8100000000 -157.4949887
  .8150000000 -161.7522483
  .8200000000 -166.2454991
  .8250000000 -170.9940463
  .8300000000 -176.0190798
  .8350000000 -181.3453200
  .8400000000 -187.0224369
  .8450000000 -193.0593261
  .8500000000 -199.4880188
  .8550000000 -206.3672669
  .8600000000 -213.7437682
  .8650000000 -221.6460514
  .8700000000 -230.1859536
  .8750000000 -239.3827129
  .8800000000 -249.3633648
  .8850000000 -260.2102636
  .8900000000 -272.0320999
  .8950000000 -284.9776003
&
@ s5 color  3
@ s5 linestyle  1
@target s5
@type xy
  .4716605719 -10.000
  .4716605719  10.000
  .5283394280  10.000
  .5283394280 -10.000
&
@ s6 color  4
@ s6 linestyle  1
@ legend string 6 "(4)-(4)"
@target s6
@type xy
  .1000000000 -299.2225470
  .1050000000 -284.9775988
  .1100000000 -272.0320970
  .1150000000 -260.2102601
  .1200000000 -249.3633612
  .1250000000 -239.3827100
  .1300000000 -230.1859519
  .1350000000 -221.6460517
  .1400000000 -213.7437714
  .1450000000 -206.3672740
  .1500000000 -199.4880306
  .1550000000 -193.0593436
  .1600000000 -187.0224603
  .1650000000 -181.3453495
  .1700000000 -176.0191150
  .1750000000 -170.9940868
  .1800000000 -166.2455443
  .1850000000 -161.7522976
  .1900000000 -157.4950416
  .1950000000 -153.4561607
  .2000000000 -149.6195583
  .2050000000 -145.9705056
  .2100000000 -142.4955095
  .2150000000 -139.1821938
  .2200000000 -136.0191947
  .2250000000 -132.9960676
  .2300000000 -130.1032037
  .2350000000 -127.3317548
  .2400000000 -124.6755006
  .2450000000 -122.1363154
  .2500000000 -119.6965087
  .2550000000 -117.3495552
  .2600000000 -115.0894271
  .2650000000 -112.9148643
  .2700000000 -110.8293241
  .2750000000 -108.8151818
  .2800000000 -106.8679545
  .2850000000 -104.9933514
  .2900000000 -103.1869709
  .2950000000 -101.4357385
  .3000000000 -99.74247228
  .3050000000 -98.11214891
  .3100000000 -96.52728620
  .3150000000 -94.99391697
  .3200000000 -93.51323501
  .3250000000 -92.07001944
  .3300000000 -90.67824119
  .3350000000 -89.32510812
  .3400000000 -88.00791411
  .3450000000 -86.73691714
  .3500000000 -85.49279806
  .3550000000 -84.29316333
  .3600000000 -83.12042297
  .3650000000 -81.98268463
  .3700000000 -80.87517774
  .3750000000 -79.79532024
  .3800000000 -78.74746669
  .3850000000 -77.72180601
  .3900000000 -76.72853333
  .3950000000 -75.75368281
  .4000000000 -74.81037556
  .4050000000 -73.88321598
  .4100000000 -72.98567090
  .4150000000 -72.10332424
  .4200000000 -71.24771060
  .4250000000 -70.40751690
  .4300000000 -69.59034111
  .4350000000 -68.78983806
  .4400000000 -68.00791213
  .4450000000 -67.24481694
  .4500000000 -66.49523019
  .4550000000 -65.76742347
  .4600000000 -65.04757108
  .4650000000 -64.35302863
  .4700000000 -63.66596785
  .4750000000  .0000733196
  .4800000000  .0000773635
  .4850000000  .0000805187
  .4900000000  .0000827749
  .4950000000  .0000841288
  .5000000000  .0000845801
  .5050000000  .0000841288
  .5100000000  .0000827749
  .5150000000  .0000805187
  .5200000000  .0000773635
  .5250000000  .0000733196
  .5300000000 -63.66596785
  .5350000000 -64.35302863
  .5400000000 -65.04757108
  .5450000000 -65.76742347
  .5500000000 -66.49523019
  .5550000000 -67.24481694
  .5600000000 -68.00791213
  .5650000000 -68.78983806
  .5700000000 -69.59034111
  .5750000000 -70.40751690
  .5800000000 -71.24771060
  .5850000000 -72.10332424
  .5900000000 -72.98567090
  .5950000000 -73.88321598
  .6000000000 -74.81037556
  .6050000000 -75.75368281
  .6100000000 -76.72853333
  .6150000000 -77.72180601
  .6200000000 -78.74746669
  .6250000000 -79.79532024
  .6300000000 -80.87517774
  .6350000000 -81.98268463
  .6400000000 -83.12042297
  .6450000000 -84.29316333
  .6500000000 -85.49279806
  .6550000000 -86.73691714
  .6600000000 -88.00791411
  .6650000000 -89.32510812
  .6700000000 -90.67824119
  .6750000000 -92.07001944
  .6800000000 -93.51323501
  .6850000000 -94.99391697
  .6900000000 -96.52728620
  .6950000000 -98.11214891
  .7000000000 -99.74247228
  .7050000000 -101.4357385
  .7100000000 -103.1869709
  .7150000000 -104.9933514
  .7200000000 -106.8679545
  .7250000000 -108.8151818
  .7300000000 -110.8293241
  .7350000000 -112.9148643
  .7400000000 -115.0894271
  .7450000000 -117.3495552
  .7500000000 -119.6965087
  .7550000000 -122.1363154
  .7600000000 -124.6755006
  .7650000000 -127.3317548
  .7700000000 -130.1032037
  .7750000000 -132.9960676
  .7800000000 -136.0191947
  .7850000000 -139.1821938
  .7900000000 -142.4955095
  .7950000000 -145.9705056
  .8000000000 -149.6195583
  .8050000000 -153.4561607
  .8100000000 -157.4950416
  .8150000000 -161.7522976
  .8200000000 -166.2455443
  .8250000000 -170.9940868
  .8300000000 -176.0191150
  .8350000000 -181.3453495
  .8400000000 -187.0224603
  .8450000000 -193.0593436
  .8500000000 -199.4880306
  .8550000000 -206.3672740
  .8600000000 -213.7437714
  .8650000000 -221.6460517
  .8700000000 -230.1859519
  .8750000000 -239.3827100
  .8800000000 -249.3633612
  .8850000000 -260.2102601
  .8900000000 -272.0320970
  .8950000000 -284.9775988
&
@ s7 color  4
@ s7 linestyle  1
@target s7
@type xy
  .4716605719 -10.000
  .4716605719  10.000
  .5283394280  10.000
  .5283394280 -10.000
&
@ s8 color  5
@ s8 linestyle  1
@ legend string 8 "(5)-(5)"
@target s8
@type xy
  .1000000000 -299.2225490
  .1050000000 -284.9775915
  .1100000000 -272.0320833
  .1150000000 -260.2102433
  .1200000000 -249.3633449
  .1250000000 -239.3826978
  .1300000000 -230.1859481
  .1350000000 -221.6460601
  .1400000000 -213.7437972
  .1450000000 -206.3673217
  .1500000000 -199.4881050
  .1550000000 -193.0594480
  .1600000000 -187.0225963
  .1650000000 -181.3455171
  .1700000000 -176.0193125
  .1750000000 -170.9943116
  .1800000000 -166.2457937
  .1850000000 -161.7525687
  .1900000000 -157.4953315
  .1950000000 -153.4564670
  .2000000000 -149.6198787
  .2050000000 -145.9708383
  .2100000000 -142.4958527
  .2150000000 -139.1825458
  .2200000000 -136.0195542
  .2250000000 -132.9964332
  .2300000000 -130.1035741
  .2350000000 -127.3321289
  .2400000000 -124.6758772
  .2450000000 -122.1366932
  .2500000000 -119.6968866
  .2550000000 -117.3499323
  .2600000000 -115.0898024
  .2650000000 -112.9152369
  .2700000000 -110.8296928
  .2750000000 -108.8155459
  .2800000000 -106.8683133
  .2850000000 -104.9937041
  .2900000000 -103.1873168
  .2950000000 -101.4360772
  .3000000000 -99.74280327
  .3050000000 -98.11247166
  .3100000000 -96.52760049
  .3150000000 -94.99422251
  .3200000000 -93.51353153
  .3250000000 -92.07030688
  .3300000000 -90.67851933
  .3350000000 -89.32537689
  .3400000000 -88.00817348
  .3450000000 -86.73716694
  .3500000000 -85.49303831
  .3550000000 -84.29339382
  .3600000000 -83.12064363
  .3650000000 -81.98289526
  .3700000000 -80.87537810
  .3750000000 -79.79551014
  .3800000000 -78.74764567
  .3850000000 -77.72197392
  .3900000000 -76.72868947
  .3950000000 -75.75382708
  .4000000000 -74.81050708
  .4050000000 -73.88333469
  .4100000000 -72.98577591
  .4150000000 -72.10341548
  .4200000000 -71.24778735
  .4250000000 -70.40757904
  .4300000000 -69.59038827
  .4350000000 -68.78987011
  .4400000000 -68.00792906
  .4450000000 -67.24481873
  .4500000000 -66.49521710
  .4550000000 -65.76739590
  .4600000000 -65.04752918
  .4650000000 -64.35297370
  .4700000000 -63.66590004
  .4750000000 -.0002066078
  .4800000000 -.0001961278
  .4850000000 -.0001873399
  .4900000000 -.0001807050
  .4950000000 -.0001765761
  .5000000000 -.0001751746
  .5050000000 -.0001765761
  .5100000000 -.0001807050
  .5150000000 -.0001873399
  .5200000000 -.0001961278
  .5250000000 -.0002066078
  .5300000000 -63.66590004
  .5350000000 -64.35297370
  .5400000000 -65.04752918
  .5450000000 -65.76739590
  .5500000000 -66.49521710
  .5550000000 -67.24481873
  .5600000000 -68.00792906
  .5650000000 -68.78987011
  .5700000000 -69.59038827
  .5750000000 -70.40757904
  .5800000000 -71.24778735
  .5850000000 -72.10341548
  .5900000000 -72.98577591
  .5950000000 -73.88333469
  .6000000000 -74.81050708
  .6050000000 -75.75382708
  .6100000000 -76.72868947
  .6150000000 -77.72197392
  .6200000000 -78.74764567
  .6250000000 -79.79551014
  .6300000000 -80.87537810
  .6350000000 -81.98289526
  .6400000000 -83.12064363
  .6450000000 -84.29339382
  .6500000000 -85.49303831
  .6550000000 -86.73716694
  .6600000000 -88.00817348
  .6650000000 -89.32537689
  .6700000000 -90.67851933
  .6750000000 -92.07030688
  .6800000000 -93.51353153
  .6850000000 -94.99422251
  .6900000000 -96.52760049
  .6950000000 -98.11247166
  .7000000000 -99.74280327
  .7050000000 -101.4360772
  .7100000000 -103.1873168
  .7150000000 -104.9937041
  .7200000000 -106.8683133
  .7250000000 -108.8155459
  .7300000000 -110.8296928
  .7350000000 -112.9152369
  .7400000000 -115.0898024
  .7450000000 -117.3499323
  .7500000000 -119.6968866
  .7550000000 -122.1366932
  .7600000000 -124.6758772
  .7650000000 -127.3321289
  .7700000000 -130.1035741
  .7750000000 -132.9964332
  .7800000000 -136.0195542
  .7850000000 -139.1825458
  .7900000000 -142.4958527
  .7950000000 -145.9708383
  .8000000000 -149.6198787
  .8050000000 -153.4564670
  .8100000000 -157.4953315
  .8150000000 -161.7525687
  .8200000000 -166.2457937
  .8250000000 -170.9943116
  .8300000000 -176.0193125
  .8350000000 -181.3455171
  .8400000000 -187.0225963
  .8450000000 -193.0594480
  .8500000000 -199.4881050
  .8550000000 -206.3673217
  .8600000000 -213.7437972
  .8650000000 -221.6460601
  .8700000000 -230.1859481
  .8750000000 -239.3826978
  .8800000000 -249.3633449
  .8850000000 -260.2102433
  .8900000000 -272.0320833
  .8950000000 -284.9775915
&
@ s9 color  5
@ s9 linestyle  1
@target s9
@type xy
  .4716605719 -10.000
  .4716605719  10.000
  .5283394280  10.000
  .5283394280 -10.000
&
@ s10 color  1
@ s10 linestyle  2
@ legend string 10 "(6)-(6)"
@target s10
@type xy
  .1000000000 -299.2225486
  .1050000000 -284.9775942
  .1100000000 -272.0320882
  .1150000000 -260.2102491
  .1200000000 -249.3633505
  .1250000000 -239.3827018
  .1300000000 -230.1859489
  .1350000000 -221.6460563
  .1400000000 -213.7437870
  .1450000000 -206.3673035
  .1500000000 -199.4880772
  .1550000000 -193.0594095
  .1600000000 -187.0225468
  .1650000000 -181.3454565
  .1700000000 -176.0192415
  .1750000000 -170.9942313
  .1800000000 -166.2457049
  .1850000000 -161.7524726
  .1900000000 -157.4952293
  .1950000000 -153.4563596
  .2000000000 -149.6197669
  .2050000000 -145.9707231
  .2100000000 -142.4957347
  .2150000000 -139.1824259
  .2200000000 -136.0194329
  .2250000000 -132.9963112
  .2300000000 -130.1034519
  .2350000000 -127.3320071
  .2400000000 -124.6757563
  .2450000000 -122.1365738
  .2500000000 -119.6967691
  .2550000000 -117.3498172
  .2600000000 -115.0896900
  .2650000000 -112.9151276
  .2700000000 -110.8295870
  .2750000000 -108.8154439
  .2800000000 -106.8682152
  .2850000000 -104.9936103
  .2900000000 -103.1872274
  .2950000000 -101.4359923
  .3000000000 -99.74272308
  .3050000000 -98.11239624
  .3100000000 -96.52752987
  .3150000000 -94.99415672
  .3200000000 -93.51347062
  .3250000000 -92.07025083
  .3300000000 -90.67846819
  .3350000000 -89.32533069
  .3400000000 -88.00813222
  .3450000000 -86.73713073
  .3500000000 -85.49300717
  .3550000000 -84.29336792
  .3600000000 -83.12062306
  .3650000000 -81.98288020
  .3700000000 -80.87536874
  .3750000000 -79.79550664
  .3800000000 -78.74764834
  .3850000000 -77.72198287
  .3900000000 -76.72870508
  .3950000000 -75.75384940
  .4000000000 -74.81053646
  .4050000000 -73.88337114
  .4100000000 -72.98581963
  .4150000000 -72.10346645
  .4200000000 -71.24784553
  .4250000000 -70.40764437
  .4300000000 -69.59046044
  .4350000000 -68.78994893
  .4400000000 -68.00801409
  .4450000000 -67.24490952
  .4500000000 -66.49531328
  .4550000000 -65.76749656
  .4600000000 -65.04763428
  .4650000000 -64.35308172
  .4700000000 -63.66601095
  .4750000000 -.0001159262
  .4800000000 -.0001029486
  .4850000000 -.0000925606
  .4900000000 -.0000849830
  .4950000000 -.0000803733
  .5000000000 -.0000788262
  .5050000000 -.0000803733
  .5100000000 -.0000849830
  .5150000000 -.0000925606
  .5200000000 -.0001029486
  .5250000000 -.0001159262
  .5300000000 -63.66601095
  .5350000000 -64.35308172
  .5400000000 -65.04763428
  .5450000000 -65.76749656
  .5500000000 -66.49531328
  .5550000000 -67.24490952
  .5600000000 -68.00801409
  .5650000000 -68.78994893
  .5700000000 -69.59046044
  .5750000000 -70.40764437
  .5800000000 -71.24784553
  .5850000000 -72.10346645
  .5900000000 -72.98581963
  .5950000000 -73.88337114
  .6000000000 -74.81053646
  .6050000000 -75.75384940
  .6100000000 -76.72870508
  .6150000000 -77.72198287
  .6200000000 -78.74764834
  .6250000000 -79.79550664
  .6300000000 -80.87536874
  .6350000000 -81.98288020
  .6400000000 -83.12062306
  .6450000000 -84.29336792
  .6500000000 -85.49300717
  .6550000000 -86.73713073
  .6600000000 -88.00813222
  .6650000000 -89.32533069
  .6700000000 -90.67846819
  .6750000000 -92.07025083
  .6800000000 -93.51347062
  .6850000000 -94.99415672
  .6900000000 -96.52752987
  .6950000000 -98.11239624
  .7000000000 -99.74272308
  .7050000000 -101.4359923
  .7100000000 -103.1872274
  .7150000000 -104.9936103
  .7200000000 -106.8682152
  .7250000000 -108.8154439
  .7300000000 -110.8295870
  .7350000000 -112.9151276
  .7400000000 -115.0896900
  .7450000000 -117.3498172
  .7500000000 -119.6967691
  .7550000000 -122.1365738
  .7600000000 -124.6757563
  .7650000000 -127.3320071
  .7700000000 -130.1034519
  .7750000000 -132.9963112
  .7800000000 -136.0194329
  .7850000000 -139.1824259
  .7900000000 -142.4957347
  .7950000000 -145.9707231
  .8000000000 -149.6197669
  .8050000000 -153.4563596
  .8100000000 -157.4952293
  .8150000000 -161.7524726
  .8200000000 -166.2457049
  .8250000000 -170.9942313
  .8300000000 -176.0192415
  .8350000000 -181.3454565
  .8400000000 -187.0225468
  .8450000000 -193.0594095
  .8500000000 -199.4880772
  .8550000000 -206.3673035
  .8600000000 -213.7437870
  .8650000000 -221.6460563
  .8700000000 -230.1859489
  .8750000000 -239.3827018
  .8800000000 -249.3633505
  .8850000000 -260.2102491
  .8900000000 -272.0320882
  .8950000000 -284.9775942
&
@ s11 color  1
@ s11 linestyle  2
@target s11
@type xy
  .4716605719 -10.000
  .4716605719  10.000
  .5283394280  10.000
  .5283394280 -10.000
&
@ s12 color  2
@ s12 linestyle  2
@ legend string 12 "(7)-(7)"
@target s12
@type xy
  .1000000000 -299.2225523
  .1050000000 -284.9776293
  .1100000000 -272.0321442
  .1150000000 -260.2103141
  .1200000000 -249.3634123
  .1250000000 -239.3827487
  .1300000000 -230.1859685
  .1350000000 -221.6460370
  .1400000000 -213.7437128
  .1450000000 -206.3671599
  .1500000000 -199.4878491
  .1550000000 -193.0590858
  .1600000000 -187.0221230
  .1650000000 -181.3449341
  .1700000000 -176.0186275
  .1750000000 -170.9935353
  .1800000000 -166.2449378
  .1850000000 -161.7516450
  .1900000000 -157.4943508
  .1950000000 -153.4554388
  .2000000000 -149.6188113
  .2050000000 -145.9697389
  .2100000000 -142.4947276
  .2150000000 -139.1814006
  .2200000000 -136.0183938
  .2250000000 -132.9952623
  .2300000000 -130.1023969
  .2350000000 -127.3309494
  .2400000000 -124.6746993
  .2450000000 -122.1355214
  .2500000000 -119.6957242
  .2550000000 -117.3487826
  .2600000000 -115.0886684
  .2650000000 -112.9141216
  .2700000000 -110.8285996
  .2750000000 -108.8144771
  .2800000000 -106.8672707
  .2850000000 -104.9926902
  .2900000000 -103.1863333
  .2950000000 -101.4351251
  .3000000000 -99.74188379
  .3050000000 -98.11158584
  .3100000000 -96.52674850
  .3150000000 -94.99340468
  .3200000000 -93.51274787
  .3250000000 -92.06955705
  .3300000000 -90.67780294
  .3350000000 -89.32469328
  .3400000000 -88.00752202
  .3450000000 -86.73654663
  .3500000000 -85.49244851
  .3550000000 -84.29283337
  .3600000000 -83.12011185
  .3650000000 -81.98239123
  .3700000000 -80.87490111
  .3750000000 -79.79505957
  .3800000000 -78.74722103
  .3850000000 -77.72157482
  .3900000000 -76.72831589
  .3950000000 -75.75347877
  .4000000000 -74.81018463
  .4050000000 -73.88303797
  .4100000000 -72.98550609
  .4150000000 -72.10317258
  .4200000000 -71.24757287
  .4250000000 -70.40739325
  .4300000000 -69.59023258
  .4350000000 -68.78974512
  .4400000000 -68.00783568
  .4450000000 -67.24475791
  .4500000000 -66.49518890
  .4550000000 -65.76740103
  .4600000000 -65.04756729
  .4650000000 -64.35304347
  .4700000000 -63.66600111
  .4750000000  .0003470956
  .4800000000  .0003344260
  .4850000000  .0003238150
  .4900000000  .0003158089
  .4950000000  .0003108283
  .5000000000  .0003091380
  .5050000000  .0003108283
  .5100000000  .0003158089
  .5150000000  .0003238150
  .5200000000  .0003344260
  .5250000000  .0003470956
  .5300000000 -63.66600111
  .5350000000 -64.35304347
  .5400000000 -65.04756729
  .5450000000 -65.76740103
  .5500000000 -66.49518890
  .5550000000 -67.24475791
  .5600000000 -68.00783568
  .5650000000 -68.78974512
  .5700000000 -69.59023258
  .5750000000 -70.40739325
  .5800000000 -71.24757287
  .5850000000 -72.10317258
  .5900000000 -72.98550609
  .5950000000 -73.88303797
  .6000000000 -74.81018463
  .6050000000 -75.75347877
  .6100000000 -76.72831589
  .6150000000 -77.72157482
  .6200000000 -78.74722103
  .6250000000 -79.79505957
  .6300000000 -80.87490111
  .6350000000 -81.98239123
  .6400000000 -83.12011185
  .6450000000 -84.29283337
  .6500000000 -85.49244851
  .6550000000 -86.73654663
  .6600000000 -88.00752202
  .6650000000 -89.32469328
  .6700000000 -90.67780294
  .6750000000 -92.06955705
  .6800000000 -93.51274787
  .6850000000 -94.99340468
  .6900000000 -96.52674850
  .6950000000 -98.11158584
  .7000000000 -99.74188379
  .7050000000 -101.4351251
  .7100000000 -103.1863333
  .7150000000 -104.9926902
  .7200000000 -106.8672707
  .7250000000 -108.8144771
  .7300000000 -110.8285996
  .7350000000 -112.9141216
  .7400000000 -115.0886684
  .7450000000 -117.3487826
  .7500000000 -119.6957242
  .7550000000 -122.1355214
  .7600000000 -124.6746993
  .7650000000 -127.3309494
  .7700000000 -130.1023969
  .7750000000 -132.9952623
  .7800000000 -136.0183938
  .7850000000 -139.1814006
  .7900000000 -142.4947276
  .7950000000 -145.9697389
  .8000000000 -149.6188113
  .8050000000 -153.4554388
  .8100000000 -157.4943508
  .8150000000 -161.7516450
  .8200000000 -166.2449378
  .8250000000 -170.9935353
  .8300000000 -176.0186275
  .8350000000 -181.3449341
  .8400000000 -187.0221230
  .8450000000 -193.0590858
  .8500000000 -199.4878491
  .8550000000 -206.3671599
  .8600000000 -213.7437128
  .8650000000 -221.6460370
  .8700000000 -230.1859685
  .8750000000 -239.3827487
  .8800000000 -249.3634123
  .8850000000 -260.2103141
  .8900000000 -272.0321442
  .8950000000 -284.9776293
&
@ s13 color  2
@ s13 linestyle  2
@target s13
@type xy
  .4716605719 -10.000
  .4716605719  10.000
  .5283394280  10.000
  .5283394280 -10.000
&
@ s14 color  3
@ s14 linestyle  2
@ legend string 14 "(8)-(9)"
@target s14
@type xy
  .1000000000 -309.4659940
  .1050000000 -294.7302139
  .1100000000 -281.3331368
  .1150000000 -269.0942268
  .1200000000 -257.8759289
  .1250000000 -247.5734566
  .1300000000 -238.0399899
  .1350000000 -229.2339180
  .1400000000 -221.0352635
  .1450000000 -213.4257265
  .1500000000 -206.3047384
  .1550000000 -199.6487365
  .1600000000 -193.4172408
  .1650000000 -187.5556727
  .1700000000 -182.0342990
  .1750000000 -176.8261794
  .1800000000 -171.9202121
  .1850000000 -167.2772103
  .1900000000 -162.8770320
  .1950000000 -158.7015941
  .2000000000 -154.7343719
  .2050000000 -150.9602447
  .2100000000 -147.3653583
  .2150000000 -143.9370048
  .2200000000 -140.6635144
  .2250000000 -137.5341600
  .2300000000 -134.5450453
  .2350000000 -131.6864223
  .2400000000 -128.9454830
  .2450000000 -126.3143562
  .2500000000 -123.7857794
  .2550000000 -121.3530469
  .2600000000 -119.0223346
  .2650000000 -116.7800575
  .2700000000 -114.6165664
  .2750000000 -112.5268801
  .2800000000 -110.5203174
  .2850000000 -108.5839725
  .2900000000 -106.7084490
  .2950000000 -104.8975703
  .3000000000 -103.1535212
  .3050000000 -101.4596152
  .3100000000 -99.82103422
  .3150000000 -98.24028616
  .3200000000 -96.70087395
  .3250000000 -95.21466766
  .3300000000 -93.77299516
  .3350000000 -92.36706215
  .3400000000 -91.01445803
  .3450000000 -89.69154899
  .3500000000 -88.41187741
  .3550000000 -87.16628387
  .3600000000 -85.95309558
  .3650000000 -84.77811703
  .3700000000 -83.62704949
  .3750000000 -82.51660279
  .3800000000 -81.42429036
  .3850000000 -80.37221284
  .3900000000 -79.33626329
  .3950000000 -78.33624431
  .4000000000 -77.35190682
  .4050000000 -76.40073965
  .4100000000 -75.46368881
  .4150000000 -74.55841623
  .4200000000 -73.66471201
  .4250000000 -72.80260397
  .4300000000 -71.95057929
  .4350000000 -71.12718952
  .4400000000 -70.31511191
  .4450000000 -69.52656595
  .4500000000 -68.75216043
  .4550000000 -67.99558566
  .4600000000 -67.25674425
  .4650000000 -66.52951921
  .4700000000 -65.82429961
  .4750000000 -65.12654280
  .4800000000 -64.45065723
  .4850000000 -63.78426939
  .4900000000  .0235870292
  .4950000000  .0241424821
  .5000000000  .0246131380
  .5050000000  .0249944663
  .5100000000  .0252746360
  .5150000000  .0254301750
  .5200000000  .0254221931
  .5250000000  .0251939163
  .5300000000  .0246702348
  .5350000000  .0237598141
  .5400000000  .0223600609
  .5450000000  .0203648974
  .5500000000  .0176749141
  .5550000000  .0142090886
  .5600000000  .0099169311
  .5650000000  .0047896953
  .5700000000 -.0011307869
  .5750000000 -.0077469904
  .5800000000 -.0149053714
  .5850000000 -.0224014707
  .5900000000 -25.50954519
  .5950000000 -25.83151708
  .6000000000 -26.15940034
  .6050000000 -26.49699641
  .6100000000 -26.84093212
  .6150000000 -27.19472825
  .6200000000 -27.55571022
  .6250000000 -27.92643467
  .6300000000 -28.30572267
  .6350000000 -28.69446163
  .6400000000 -29.09384955
  .6450000000 -29.50210458
  .6500000000 -29.92401405
  .6550000000 -30.35448006
  .6600000000 -30.80105586
  .6650000000 -31.25858463
  .6700000000 -31.73038520
  .6750000000 -32.21835666
  .6800000000 -32.71876864
  .6850000000 -33.23941082
  .6900000000 -33.77549142
  .6950000000 -34.32735545
  .7000000000 -34.90252194
  .7050000000 -35.49490146
  .7100000000 -36.10580353
  .7150000000 -36.74307581
  .7200000000 -37.40101995
  .7250000000 -38.08097191
  .7300000000 -38.78798560
  .7350000000 -39.52262415
  .7400000000 -40.28380683
  .7450000000 -41.07331528
  .7500000000 -41.89493639
  .7550000000 -42.75216867
  .7600000000 -43.64382848
  .7650000000 -44.57234755
  .7700000000 -45.54036676
  .7750000000 -46.55075672
  .7800000000 -47.60663933
  .7850000000 -48.71259169
  .7900000000 -49.87180287
  .7950000000 -51.08700096
  .8000000000 -52.36248055
  .8050000000 -53.70292332
  .8100000000 -55.11343788
  .8150000000 -56.59960516
  .8200000000 -58.16999705
  .8250000000 -59.83114162
  .8300000000 -61.58955921
  .8350000000 -63.45349887
  .8400000000 -65.43204966
  .8450000000 -67.53733287
  .8500000000 -69.78983180
  .8550000000 -72.19310207
  .8600000000 -74.76685159
  .8650000000 -77.53748629
  .8700000000 -80.51445046
  .8750000000 -83.73915540
  .8800000000 -87.22984711
  .8850000000 -91.02154339
  .8900000000 -95.17177713
  .8950000000 -99.71567275
&
@ s15 color  3
@ s15 linestyle  2
@target s15
@type xy
  .4877774114 -10.000
  .4877774114  10.000
  .5885611469  10.000
  .5885611469 -10.000
&
@ s16 color  4
@ s16 linestyle  2
@ legend string 16 "(9)-(10)"
@target s16
@type xy
  .1000000000 -105.1536997
  .1050000000 -100.1380524
  .1100000000 -95.57362596
  .1150000000 -91.41312522
  .1200000000 -87.60279903
  .1250000000 -84.09376622
  .1300000000 -80.86040857
  .1350000000 -77.86643469
  .1400000000 -75.08775926
  .1450000000 -72.49827763
  .1500000000 -70.08757118
  .1550000000 -67.82783207
  .1600000000 -65.70838776
  .1650000000 -63.72316723
  .1700000000 -61.85274445
  .1750000000 -60.08802840
  .1800000000 -58.42076798
  .1850000000 -56.84345927
  .1900000000 -55.34926512
  .1950000000 -53.93194538
  .2000000000 -52.58579592
  .2050000000 -51.30559545
  .2100000000 -50.08655882
  .2150000000 -48.92429605
  .2200000000 -47.81477622
  .2250000000 -46.75429551
  .2300000000 -45.73944886
  .2350000000 -44.76710440
  .2400000000 -43.83438033
  .2450000000 -42.93862353
  .2500000000 -42.07999473
  .2550000000 -41.25619049
  .2600000000 -40.46269944
  .2650000000 -39.69757875
  .2700000000 -38.95957362
  .2750000000 -38.25216459
  .2800000000 -37.56817279
  .2850000000 -36.90616377
  .2900000000 -36.26850957
  .2950000000 -35.65351382
  .3000000000 -35.05679100
  .3050000000 -34.48047941
  .3100000000 -33.92465739
  .3150000000 -33.38406379
  .3200000000 -32.86268444
  .3250000000 -32.35792503
  .3300000000 -31.86580336
  .3350000000 -31.39384646
  .3400000000 -30.93300378
  .3450000000 -30.48696176
  .3500000000 -30.05441648
  .3550000000 -29.63225159
  .3600000000 -29.22486791
  .3650000000 -28.82505503
  .3700000000 -28.43907366
  .3750000000 -28.06000230
  .3800000000 -27.69203624
  .3850000000 -27.33114874
  .3900000000 -26.97955496
  .3950000000 -26.63492708
  .4000000000 -26.29856376
  .4050000000 -25.96886267
  .4100000000 -25.64697264
  .4150000000 -.0510414319
  .4200000000 -.0431989282
  .4250000000 -.0348921103
  .4300000000 -.0264152647
  .4350000000 -.0180531521
  .4400000000 -.0100632402
  .4450000000 -.0026616252
  .4500000000  .0039864586
  .4550000000  .0097711479
  .4600000000  .0146375906
  .4650000000  .0185812901
  .4700000000  .0216400843
  .4750000000  .0238839212
  .4800000000  .0254036862
  .4850000000  .0263002810
  .4900000000  .0266749852
  .4950000000  .0266218644
  .5000000000  .0262226669
  .5050000000  .0255443230
  .5100000000  .0246388485
  .5150000000  .0235452095
  .5200000000  .0222925343
  .5250000000  .0209039835
  .5300000000  .0194006044
  .5350000000  .0178045901
  .5400000000  .0161415179
  .5450000000  .0144413343
  .5500000000 -41.24521763
  .5550000000 -41.71322254
  .5600000000 -42.18651576
  .5650000000 -42.67456285
  .5700000000 -43.17077956
  .5750000000 -43.68055807
  .5800000000 -44.20114075
  .5850000000 -44.73463871
  .5900000000 -45.28114930
  .5950000000 -45.84055453
  .6000000000 -46.41468131
  .6050000000 -47.00239616
  .6100000000 -47.60595533
  .6150000000 -48.22461192
  .6200000000 -48.85956236
  .6250000000 -49.51204500
  .6300000000 -50.18050440
  .6350000000 -50.86997540
  .6400000000 -51.57423923
  .6450000000 -52.30416904
  .6500000000 -53.04862725
  .6550000000 -53.82093460
  .6600000000 -54.61187574
  .6650000000 -55.42718892
  .6700000000 -56.26906453
  .6750000000 -57.13130113
  .6800000000 -58.02825580
  .6850000000 -58.94927242
  .6900000000 -59.89834117
  .6950000000 -60.88391698
  .7000000000 -61.89773135
  .7050000000 -62.94569913
  .7100000000 -64.03440549
  .7150000000 -65.15734031
  .7200000000 -66.31744298
  .7250000000 -67.52758755
  .7300000000 -68.77923617
  .7350000000 -70.07516270
  .7400000000 -71.42071714
  .7450000000 -72.82471173
  .7500000000 -74.28252664
  .7550000000 -75.79789199
  .7600000000 -77.37484579
  .7650000000 -79.01819984
  .7700000000 -80.73890132
  .7750000000 -82.53482877
  .7800000000 -84.41145912
  .7850000000 -86.37474073
  .7900000000 -88.43113969
  .7950000000 -90.58769152
  .8000000000 -92.85205907
  .8050000000 -95.23259743
  .8100000000 -97.73842693
  .8150000000 -100.3795152
  .8200000000 -103.1667698
  .8250000000 -106.1121424
  .8300000000 -109.2287467
  .8350000000 -112.5405712
  .8400000000 -116.0611249
  .8450000000 -119.8043335
  .8500000000 -123.7898905
  .8550000000 -128.0637021
  .8600000000 -132.6349753
  .8650000000 -137.5414605
  .8700000000 -142.8316729
  .8750000000 -148.5403368
  .8800000000 -154.7242816
  .8850000000 -161.4580186
  .8900000000 -168.7965467
  .8950000000 -176.8313452
&
@ s17 color  4
@ s17 linestyle  2
@target s17
@type xy
  .4132226436 -10.000
  .4132226436  10.000
  .5499477409  10.000
  .5499477409 -10.000
&
@ s18 color  5
@ s18 linestyle  2
@ legend string 18 "(10)-(9)"
@target s18
@type xy
  .1000000000 -185.6711028
  .1050000000 -176.8313452
  .1100000000 -168.7965467
  .1150000000 -161.4580186
  .1200000000 -154.7242816
  .1250000000 -148.5403368
  .1300000000 -142.8316729
  .1350000000 -137.5414605
  .1400000000 -132.6349753
  .1450000000 -128.0637021
  .1500000000 -123.7898905
  .1550000000 -119.8043335
  .1600000000 -116.0611249
  .1650000000 -112.5405712
  .1700000000 -109.2287467
  .1750000000 -106.1121424
  .1800000000 -103.1667698
  .1850000000 -100.3795152
  .1900000000 -97.73842693
  .1950000000 -95.23259743
  .2000000000 -92.85205907
  .2050000000 -90.58769152
  .2100000000 -88.43113969
  .2150000000 -86.37474073
  .2200000000 -84.41145912
  .2250000000 -82.53482877
  .2300000000 -80.73890132
  .2350000000 -79.01819984
  .2400000000 -77.37484579
  .2450000000 -75.79789199
  .2500000000 -74.28252664
  .2550000000 -72.82471173
  .2600000000 -71.42071714
  .2650000000 -70.07516270
  .2700000000 -68.77923617
  .2750000000 -67.52758755
  .2800000000 -66.31744298
  .2850000000 -65.15734031
  .2900000000 -64.03440549
  .2950000000 -62.94569913
  .3000000000 -61.89773135
  .3050000000 -60.88391698
  .3100000000 -59.89834117
  .3150000000 -58.94927242
  .3200000000 -58.02825580
  .3250000000 -57.13130113
  .3300000000 -56.26906453
  .3350000000 -55.42718892
  .3400000000 -54.61187574
  .3450000000 -53.82093460
  .3500000000 -53.04862725
  .3550000000 -52.30416904
  .3600000000 -51.57423923
  .3650000000 -50.86997540
  .3700000000 -50.18050440
  .3750000000 -49.51204500
  .3800000000 -48.85956236
  .3850000000 -48.22461192
  .3900000000 -47.60595533
  .3950000000 -47.00239616
  .4000000000 -46.41468131
  .4050000000 -45.84055453
  .4100000000 -45.28114930
  .4150000000 -44.73463871
  .4200000000 -44.20114075
  .4250000000 -43.68055807
  .4300000000 -43.17077956
  .4350000000 -42.67456285
  .4400000000 -42.18651576
  .4450000000 -41.71322254
  .4500000000 -41.24521763
  .4550000000  .0144413343
  .4600000000  .0161415179
  .4650000000  .0178045901
  .4700000000  .0194006044
  .4750000000  .0209039835
  .4800000000  .0222925343
  .4850000000  .0235452095
  .4900000000  .0246388485
  .4950000000  .0255443230
  .5000000000  .0262226669
  .5050000000  .0266218644
  .5100000000  .0266749852
  .5150000000  .0263002810
  .5200000000  .0254036862
  .5250000000  .0238839212
  .5300000000  .0216400843
  .5350000000  .0185812901
  .5400000000  .0146375906
  .5450000000  .0097711479
  .5500000000  .0039864586
  .5550000000 -.0026616252
  .5600000000 -.0100632402
  .5650000000 -.0180531521
  .5700000000 -.0264152647
  .5750000000 -.0348921103
  .5800000000 -.0431989282
  .5850000000 -.0510414319
  .5900000000 -25.64697264
  .5950000000 -25.96886267
  .6000000000 -26.29856376
  .6050000000 -26.63492708
  .6100000000 -26.97955496
  .6150000000 -27.33114874
  .6200000000 -27.69203624
  .6250000000 -28.06000230
  .6300000000 -28.43907366
  .6350000000 -28.82505503
  .6400000000 -29.22486791
  .6450000000 -29.63225159
  .6500000000 -30.05441648
  .6550000000 -30.48696176
  .6600000000 -30.93300378
  .6650000000 -31.39384646
  .6700000000 -31.86580336
  .6750000000 -32.35792503
  .6800000000 -32.86268444
  .6850000000 -33.38406379
  .6900000000 -33.92465739
  .6950000000 -34.48047941
  .7000000000 -35.05679100
  .7050000000 -35.65351382
  .7100000000 -36.26850957
  .7150000000 -36.90616377
  .7200000000 -37.56817279
  .7250000000 -38.25216459
  .7300000000 -38.95957362
  .7350000000 -39.69757875
  .7400000000 -40.46269944
  .7450000000 -41.25619049
  .7500000000 -42.07999473
  .7550000000 -42.93862353
  .7600000000 -43.83438033
  .7650000000 -44.76710440
  .7700000000 -45.73944886
  .7750000000 -46.75429551
  .7800000000 -47.81477622
  .7850000000 -48.92429605
  .7900000000 -50.08655882
  .7950000000 -51.30559545
  .8000000000 -52.58579592
  .8050000000 -53.93194538
  .8100000000 -55.34926512
  .8150000000 -56.84345927
  .8200000000 -58.42076798
  .8250000000 -60.08802840
  .8300000000 -61.85274445
  .8350000000 -63.72316723
  .8400000000 -65.70838776
  .8450000000 -67.82783207
  .8500000000 -70.08757118
  .8550000000 -72.49827763
  .8600000000 -75.08775926
  .8650000000 -77.86643469
  .8700000000 -80.86040857
  .8750000000 -84.09376622
  .8800000000 -87.60279903
  .8850000000 -91.41312522
  .8900000000 -95.57362596
  .8950000000 -100.1380524
&
@ s19 color  5
@ s19 linestyle  2
@target s19
@type xy
  .4500522590 -10.000
  .4500522590  10.000
  .5867773563  10.000
  .5867773563 -10.000
&
